baseMean	log2FoldChange	lfcSE	stat	pvalue	padj
Zo_SA_chr02A_1741-Zo_SB_chr02B_1709	9673.92997384156	0.960643725216098	0.0453624249138165	21.177080525153	1.55367961931433e-99	1.30176156675408e-97
Zo_SA_chr02A_1507-Zo_SB_chr02B_1493	4862.90390908041	0.970630115595494	0.0545364834604003	17.7978126569213	7.34834113923088e-71	3.34741908983216e-69
Zo_SA_chr01A_2161-Zo_SB_chr01B_2179	9305.94349380247	0.909878329934543	0.0538036407386967	16.911092213136	3.72735286449603e-64	1.49476407181328e-62
Zo_SA_chr02A_3170-Zo_SB_chr02B_3174	4511.69643199932	0.854836129842517	0.0548782980977672	15.5769431537327	1.04430663250581e-54	3.68412535317087e-53
Zo_SA_chr01A_819-Zo_SB_chr01B_867	2905.45843057519	0.936781888395431	0.0629999261640902	14.8695712111706	5.19449623145475e-50	1.68086733227488e-48
Zo_SA_chr01A_2840-Zo_SB_chr01B_2838	9289.45617948495	0.672976726840826	0.0456530235691564	14.741120614309	3.50913185744075e-49	1.10502326678604e-47
Zo_SA_chr01A_2268-Zo_SB_chr01B_2286	6599.10513699937	0.724614948419999	0.0540012747039648	13.4184785894841	4.71289380153858e-41	1.20178791939234e-39
Zo_SA_chr01A_1992-Zo_SB_chr01B_2024	6755.28937636049	0.79165518047057	0.0612154393831116	12.932279641351	2.95912877989096e-38	7.08379195675937e-37
Zo_SA_chr01A_971-Zo_SB_chr01B_1003	2597.87688861782	0.782452175277743	0.0632752984991514	12.3658393375772	4.00010998629499e-35	8.49254120167244e-34
Zo_SA_chr01A_1858-Zo_SB_chr01B_1886	1768.31724376391	0.99078291206577	0.0848686157573745	11.6743145062983	1.72450230404829e-31	3.1606893791385e-30
Zo_SA_chr01A_838-Zo_SB_chr01B_888	2244.80913405103	0.9185048291498	0.0789384849128071	11.6357038035928	2.71342673327548e-31	4.89669162789559e-30
Zo_SA_chr01A_833-Zo_SB_chr01B_882	78295.3949506127	0.393996473436699	0.0348416712714429	11.308196738531	1.19520646612156e-29	2.01000313227324e-28
Zo_SA_chr02A_1870-Zo_SB_chr02B_1836	1790.07548599278	0.910047191401401	0.0818532908565216	11.1180281437505	1.02512639330933e-28	1.67592091895727e-27
Zo_SA_chr02A_104-Zo_SB_chr02B_101	2219.3525416682	0.764582090720985	0.0708378766551931	10.7934078041699	3.69816803723262e-27	5.74563060619055e-26
Zo_SA_chr01A_2913-Zo_SB_chr01B_2912	3663.42624131676	0.632353019345504	0.0588236721676757	10.7499752402909	5.92775273855074e-27	9.0892208657778e-26
Zo_SA_chr01A_714-Zo_SB_chr01B_759	2566.52987635077	0.685663433991898	0.0640448928788969	10.7059814322498	9.54141977199985e-27	1.44414005065236e-25
Zo_SA_chr02A_2421-Zo_SB_chr02B_2386	5589.73450285578	0.541506798647937	0.0511754794766724	10.5813722545536	3.63593528005782e-26	5.38164300758085e-25
Zo_SA_chr01A_3702-Zo_SB_chr01B_3693	4163.05721803483	0.780595224437806	0.0739273691166345	10.558947704554	4.61809634449486e-26	6.79251035999056e-25
Zo_SA_chr01A_1264-Zo_SB_chr01B_1291	5534.45152324996	0.524333459816242	0.0515426502382193	10.1728075175196	2.622390043377e-24	3.61889825986026e-23
Zo_SA_chr01A_69-Zo_SB_chr01B_122	3805.92425582813	0.632643779987757	0.0623979913082268	10.1388484905338	3.71452223779997e-24	5.08120651304882e-23
Zo_SA_chr01A_925-Zo_SB_chr01B_958	1829.49483568846	0.796476843549089	0.0785623991743221	10.1381430801494	3.74143845715681e-24	5.10314803516853e-23
Zo_SA_chr01A_55-Zo_SB_chr01B_111	1027.75646392455	0.952806561718865	0.0957522117964368	9.95075250840651	2.50283418197007e-23	3.21734191282289e-22
Zo_SA_chr02A_155-Zo_SB_chr02B_148	1536.64740006597	0.903787126569901	0.0922205206255975	9.80028219791939	1.12271542962175e-22	1.40849753898002e-21
Zo_SA_chr01A_2115-Zo_SB_chr01B_2138	16668.3075747351	0.403959448571853	0.0420180954290986	9.61394000481281	6.98248050830064e-22	8.35760166962924e-21
Zo_SA_chr01A_3930-Zo_SB_chr01B_3919	1423.78363136533	0.806357796601948	0.0846006957868036	9.53133764566187	1.55269468498737e-21	1.84436543340778e-20
Zo_SA_chr02A_134-Zo_SB_chr02B_125	4486.35691125659	0.507008273195687	0.053980752391775	9.39238989327129	5.86540062093914e-21	6.81199497857585e-20
Zo_SA_chr02A_1551-Zo_SB_chr02B_1539	9230.50743894949	0.449547686896278	0.048697957773117	9.23134577820929	2.67252687253459e-20	3.01430194373373e-19
Zo_SA_chr01A_616-Zo_SB_chr01B_664	1839.23840253739	0.888495440007745	0.096400953474197	9.21666651612074	3.06479921922265e-20	3.43198996100064e-19
Zo_SA_chr01A_429-Zo_SB_chr01B_482	2463.96948699636	0.743684512595295	0.0807932398263705	9.20478636818522	3.42351538541386e-20	3.8154713036489e-19
Zo_SA_chr01A_3616-Zo_SB_chr01B_3611	8681.65223423078	0.649650929445367	0.0706139037720515	9.20004269332712	3.57807571340056e-20	3.97827754674774e-19
Zo_SA_chr01A_2422-Zo_SB_chr01B_2431	865.196002979878	0.983019995650536	0.107825972852957	9.11672734908762	7.74270687486015e-20	8.44855364112647e-19
Zo_SA_chr02A_1170-Zo_SB_chr02B_1144	1516.84875493929	0.737677839567977	0.081533296600066	9.04756547728477	1.46191223856807e-19	1.56248114427366e-18
Zo_SA_chr01A_3854-Zo_SB_chr01B_3843	4841.11833951221	0.586875998214817	0.0651235021796786	9.01173890488261	2.02814714449919e-19	2.13364717533413e-18
Zo_SA_chr02A_445-Zo_SB_chr02B_427	11046.4709241715	0.484854681855534	0.0562454770528764	8.62033193175198	6.67603044152783e-18	6.53944359742141e-17
Zo_SA_chr02A_3763-Zo_SB_chr02B_3768	813.270489275467	0.955076797047399	0.111800562918985	8.54268325768169	1.31140494804502e-17	1.27130413558414e-16
Zo_SA_chr01A_1868-Zo_SB_chr01B_1903	4221.84967779465	0.479933933266739	0.0561866081639167	8.5417851148195	1.32164031495274e-17	1.27858481603263e-16
Zo_SA_chr02A_2870-Zo_SB_chr02B_2829	808.633814705768	0.998246534210654	0.116950857318501	8.53560681040634	1.39421738929812e-17	1.34602222028535e-16
Zo_SA_chr01A_2989-Zo_SB_chr01B_2988	982.286248120073	0.815261123856348	0.0958905244231729	8.50199880291124	1.86353735064127e-17	1.78443209167528e-16
Zo_SA_chr01A_1212-Zo_SB_chr01B_1246	3406.3101208012	0.539916192865939	0.0637342418220424	8.47136762642416	2.42528489304479e-17	2.28962509419842e-16
Zo_SA_chr02A_3472-Zo_SB_chr02B_3500	975.24625912356	0.852680290534425	0.100901764699077	8.45059839218276	2.8981355556971e-17	2.72506052651919e-16
Zo_SA_chr02A_138-Zo_SB_chr02B_129	3620.90745490065	0.48084015734346	0.0569368134896193	8.44515398514753	3.03644934426763e-17	2.84940406466075e-16
Zo_SA_chr02A_1632-Zo_SB_chr02B_1615	844.900117090068	0.896435715881805	0.106672780749971	8.40360314580105	4.32984165816416e-17	4.03094784132042e-16
Zo_SA_chr01A_2818-Zo_SB_chr01B_2809	2617.8827375918	0.602978836219779	0.0718893377852519	8.38759758812913	4.96177256550905e-17	4.60091637892657e-16
Zo_SA_chr01A_3898-Zo_SB_chr01B_3885	1534.67002294594	0.880728944076886	0.106888752913346	8.23967835784261	1.72674222239255e-16	1.54615925714997e-15
Zo_SA_chr02A_3185-Zo_SB_chr02B_3192	5833.50831709516	0.438561377500172	0.0532241973514407	8.23988710631632	1.72373223679477e-16	1.54615925714997e-15
Zo_SA_chr01A_2311-Zo_SB_chr01B_2332	4201.58620218942	0.498220069330146	0.0605819216572877	8.22390666556567	1.96979405227025e-16	1.75375212395674e-15
Zo_SA_chr02A_1250-Zo_SB_chr02B_1239	1805.6279501405	0.596316727109964	0.0728032846815068	8.19079427142162	2.59507845565634e-16	2.29737888942255e-15
Zo_SA_chr02A_84-Zo_SB_chr02B_83	3955.25328925083	0.460140619139402	0.0565069520463611	8.14307978887058	3.85348140600364e-16	3.36069419274518e-15
Zo_SA_chr01A_3266-Zo_SB_chr01B_3276	1461.67596220488	0.910777571079338	0.113854574580514	7.99948157054743	1.24944148507148e-15	1.05438479279773e-14
Zo_SA_chr02A_1495-Zo_SB_chr02B_1481	2816.2492644443	0.523276796550516	0.0656838567724628	7.96659669914349	1.63103868174631e-15	1.35209072345472e-14
Zo_SA_chr02A_2624-Zo_SB_chr02B_2570	1174.52735255994	0.699948180022663	0.0879262549645733	7.96062769083799	1.71168707717197e-15	1.41644369772326e-14
Zo_SA_chr02A_2714-Zo_SB_chr02B_2680	4045.88909333902	0.460779951142833	0.0581009068064318	7.93068432955721	2.17941557715561e-15	1.79715604358772e-14
Zo_SA_chr01A_508-Zo_SB_chr01B_566	1361.89547524912	0.639284645623853	0.0807066841109323	7.92108674351121	2.35443608281045e-15	1.93129617142423e-14
Zo_SA_chr02A_516-Zo_SB_chr02B_500	3912.86149181581	0.483037846130457	0.0610543996813005	7.91159766784833	2.54106470127509e-15	2.07350879624048e-14
Zo_SA_chr02A_2931-Zo_SB_chr02B_2903	6515.57141925607	0.391847493281956	0.0496073567957253	7.89897947789312	2.81196170026231e-15	2.28660733061192e-14
Zo_SA_chr01A_4187-Zo_SB_chr01B_4211	1727.77762632434	0.698457038727784	0.0887616453811552	7.8689059416205	3.57756011509577e-15	2.90413703460715e-14
Zo_SA_chr02A_3183-Zo_SB_chr02B_3189	2490.38660012909	0.514161042839719	0.0653767010174555	7.86459143453014	3.70304030438948e-15	2.99563191520611e-14
Zo_SA_chr01A_269-Zo_SB_chr01B_323	1685.48009549112	0.712432544248768	0.0916182100420307	7.77610197712805	7.47934220937592e-15	5.94797858413421e-14
Zo_SA_chr02A_3659-Zo_SB_chr02B_3680	694.577975196986	0.926160503241412	0.119587792544938	7.7446074012394	9.58776250504588e-15	7.57336391812715e-14
Zo_SA_chr02A_664-Zo_SB_chr02B_638	546.44852467283	0.99570114937563	0.129515987071611	7.68786288000951	1.49613026733762e-14	1.16802715712947e-13
Zo_SA_chr01A_115-Zo_SB_chr01B_181	684.923450587257	0.919413415551702	0.120318651556975	7.64148703176187	2.14727157918163e-14	1.6570720805132e-13
Zo_SA_chr01A_330-Zo_SB_chr01B_390	907.759503996296	0.856165116405247	0.112054817097378	7.64059179768435	2.16225568670692e-14	1.66589551429046e-13
Zo_SA_chr02A_1815-Zo_SB_chr02B_1791	4042.16080612682	0.457740127211735	0.0607199844164598	7.53854157919796	4.75256454201059e-14	3.60825773966241e-13
Zo_SA_chr02A_1919-Zo_SB_chr02B_1874	1421.97324366852	0.648447207833247	0.0861703128574597	7.52518107838239	5.2647309140282e-14	3.97779669059909e-13
Zo_SA_chr01A_2979-Zo_SB_chr01B_2976	1442.61902781979	0.688429114139978	0.0915974641855202	7.51580974715243	5.65597544870896e-14	4.2596848804723e-13
Zo_SA_chr02A_1782-Zo_SB_chr02B_1751	565.419925014172	0.953082213604501	0.127383100068006	7.48201459295372	7.3191816040863e-14	5.45104763275761e-13
Zo_SA_chr02A_1630-Zo_SB_chr02B_1612	990.057540205297	0.803378366638054	0.107508003605402	7.4727307706948	7.85474505424556e-14	5.83140249913293e-13
Zo_SA_chr01A_2839-Zo_SB_chr01B_2837	638.832939644068	0.913208717152663	0.122786149247329	7.4373919432328	1.02692522254638e-13	7.57599550972896e-13
Zo_SA_chr02A_105-Zo_SB_chr02B_102	665.644835473107	0.982190213129559	0.133248545379963	7.37111396097278	1.69208118207523e-13	1.23089068314682e-12
Zo_SA_chr01A_3379-Zo_SB_chr01B_3397	1289.11404934304	0.638400269086769	0.0871310810136977	7.32689485381694	2.35546481946967e-13	1.7002832204541e-12
Zo_SA_chr02A_602-Zo_SB_chr02B_586	2960.30607464574	0.495204714971625	0.0676011631512226	7.32538749168947	2.38209403094628e-13	1.71686408497695e-12
Zo_SA_chr01A_1151-Zo_SB_chr01B_1173	1033.72221232867	0.75260554420701	0.10401463410081	7.23557363550969	4.63565534015514e-13	3.29552952363756e-12
Zo_SA_chr01A_3069-Zo_SB_chr01B_3075	1145.84758459942	0.695904129121115	0.0981235938819822	7.09211823160606	1.32074597694992e-12	9.07311877576725e-12
Zo_SA_chr02A_43-Zo_SB_chr02B_47	2669.66806955281	0.555287294247306	0.0787914508251089	7.04755767830524	1.8208535983721e-12	1.23638857938667e-11
Zo_SA_chr01A_2820-Zo_SB_chr01B_2811	576.6514577355	0.922009410803319	0.131054949736197	7.03528872934026	1.9884880412069e-12	1.34631831015047e-11
Zo_SA_chr01A_2307-Zo_SB_chr01B_2328	1488.17269850052	0.597851323374018	0.0855101601241388	6.99158231613754	2.71803072236891e-12	1.82969873018005e-11
Zo_SA_chr01A_1920-Zo_SB_chr01B_1951	2338.36659166573	0.539946449486863	0.0774350552277088	6.97289422599459	3.10486072359791e-12	2.08114378787448e-11
Zo_SA_chr02A_971-Zo_SB_chr02B_943	489.892664159042	0.933331001358026	0.134236757737108	6.95287205301756	3.57923292120056e-12	2.38547739577742e-11
Zo_SA_chr02A_1684-Zo_SB_chr02B_1664	854.570544197917	0.9849698583668	0.142548962914355	6.90969501446729	4.85696763140482e-12	3.20518876604099e-11
Zo_SA_chr01A_64-Zo_SB_chr01B_116	8542.35868116172	0.318822211602934	0.0466168752374231	6.83920168349229	7.96357051284757e-12	5.1325649514122e-11
Zo_SA_chr02A_421-Zo_SB_chr02B_409	1669.315606215	0.646526503789092	0.0948857062437918	6.81373970203645	9.50937010229066e-12	6.08703472304881e-11
Zo_SA_chr01A_577-Zo_SB_chr01B_628	1066.36512214685	0.706588985905553	0.103892103109583	6.8011808862918	1.03765034427643e-11	6.61502094476222e-11
Zo_SA_chr02A_911-Zo_SB_chr02B_879	1007.50893296249	0.765181728644687	0.1138111339978	6.72325897973635	1.77704320771276e-11	1.12068370034789e-10
Zo_SA_chr01A_516-Zo_SB_chr01B_574	548.744637962119	0.84275604754742	0.125527843173271	6.71369814252389	1.89752648711373e-11	1.19186001037987e-10
Zo_SA_chr01A_532-Zo_SB_chr01B_588	458.272005137608	0.923172295823537	0.137914624477072	6.69379552258443	2.17455220724001e-11	1.36403729363237e-10
Zo_SA_chr02A_2846-Zo_SB_chr02B_2807	1017.21457376889	0.643441614074975	0.0970534098492397	6.62976823868919	3.36214337071855e-11	2.07568114413309e-10
Zo_SA_chr01A_2960-Zo_SB_chr01B_2956	699.04268701307	0.771861347573708	0.117491961199673	6.56948219854768	5.04905302482578e-11	3.09270976403167e-10
Zo_SA_chr02A_179-Zo_SB_chr02B_173	1724.76212495726	0.600010901998472	0.0915560453112569	6.55348207711086	5.62106823737024e-11	3.42520158048586e-10
Zo_SA_chr01A_1395-Zo_SB_chr01B_1421	744.803855227954	0.782124568702677	0.119653959138499	6.5365540290846	6.2952403127539e-11	3.8112603287021e-10
Zo_SA_chr02A_2183-Zo_SB_chr02B_2155	460.588551148725	0.926684886673261	0.142326525873759	6.51097805545548	7.46630522206222e-11	4.50281543726426e-10
Zo_SA_chr01A_1018-Zo_SB_chr01B_1054	722.622729546347	0.913776093829237	0.140903839713322	6.48510427883564	8.86704353516347e-11	5.31343145172248e-10
Zo_SA_chr02A_3503-Zo_SB_chr02B_3527	4278.1225468742	0.366149523025866	0.0566746180673394	6.46055563340217	1.04319232096719e-10	6.18012420451773e-10
Zo_SA_chr02A_1470-Zo_SB_chr02B_1460	821.524385535184	0.690055159855378	0.106954397628713	6.45186336564551	1.10483170173457e-10	6.51239993032485e-10
Zo_SA_chr02A_3169-Zo_SB_chr02B_3173	569.61622099046	0.7936772917116	0.123933689287781	6.40404797333707	1.51310533417342e-10	8.86328368032667e-10
Zo_SA_chr02A_2396-Zo_SB_chr02B_2363	437.550558102379	0.88618061751094	0.138848117241109	6.38237402940146	1.74363446416817e-10	1.01628980197231e-09
Zo_SA_chr02A_3210-Zo_SB_chr02B_3216	6140.28762387352	0.354892841566072	0.0559876282029524	6.33877256381718	2.31602826530087e-10	1.33663033466072e-09
Zo_SA_chr01A_2173-Zo_SB_chr01B_2191	1203.37178696527	0.57192765494773	0.090283231159267	6.33481597417357	2.37624719599718e-10	1.36969924368781e-09
Zo_SA_chr02A_853-Zo_SB_chr02B_772	689.298562689305	0.857410560822833	0.135375830241941	6.33355717405749	2.39572472341438e-10	1.37923195119758e-09
Zo_SA_chr01A_3680-Zo_SB_chr01B_3673	1115.58630132314	0.561592820392952	0.0886902571363322	6.33206891631498	2.41895389277573e-10	1.39089848834605e-09
Zo_SA_chr02A_370-Zo_SB_chr02B_368	2482.85245766246	0.443178712688214	0.0704096514484763	6.29428925681473	3.08811504742656e-10	1.76056328098729e-09
Zo_SA_chr02A_1496-Zo_SB_chr02B_1483	561.492460717428	0.970916010288991	0.154344506173358	6.29057706270719	3.16287985655126e-10	1.79881603478042e-09
Zo_SA_chr01A_2207-Zo_SB_chr01B_2224	1984.09282062876	0.57034244891336	0.0906852848508539	6.28925023339098	3.19002905924741e-10	1.81206009031342e-09
Zo_SA_chr02A_2892-Zo_SB_chr02B_2863	1584.67431678729	0.483945890414588	0.077119602428278	6.27526433197919	3.49040792525721e-10	1.97789782431242e-09
Zo_SA_chr01A_698-Zo_SB_chr01B_742	10708.2119055293	0.32446886025725	0.0519711425451003	6.24325047261906	4.28569775475949e-10	2.39958160684147e-09
Zo_SA_chr01A_3378-Zo_SB_chr01B_3395	1973.95642210251	0.481209589817565	0.077391088740695	6.21789404500945	5.03871598362393e-10	2.79782904084775e-09
Zo_SA_chr02A_329-Zo_SB_chr02B_327	1928.21771155197	0.427849336952881	0.0688844893059943	6.21111285375603	5.26106713238489e-10	2.91439515763281e-09
Zo_SA_chr02A_3582-Zo_SB_chr02B_3603	895.608654743835	0.673082368172712	0.108427775548597	6.20765633867533	5.37805972488355e-10	2.97218565714413e-09
Zo_SA_chr02A_1708-Zo_SB_chr02B_1688	9189.83859443597	0.294127353472708	0.0481222814419413	6.11208248361141	9.83393296727666e-10	5.30354177959335e-09
Zo_SA_chr02A_2241-Zo_SB_chr02B_2210	2786.07092646695	0.451845106677607	0.073980865210568	6.1075942460465	1.01144088519415e-09	5.44229430427859e-09
Zo_SA_chr02A_2692-Zo_SB_chr02B_2654	403.768447066584	0.861781007196427	0.141967176280719	6.07028349632301	1.276846467003e-09	6.83120139472986e-09
Zo_SA_chr02A_1532-Zo_SB_chr02B_1517	3434.80045289529	0.425888720040237	0.0702597174995611	6.06163439303463	1.347452298895e-09	7.19254401184906e-09
Zo_SA_chr01A_2365-Zo_SB_chr01B_2379	571.020254607148	0.753650226996874	0.124391357487119	6.05870248722798	1.37223929527797e-09	7.31653042436846e-09
Zo_SA_chr01A_1084-Zo_SB_chr01B_1107	865.505634818346	0.680082783545876	0.112907691537814	6.02335212316435	1.70841200701576e-09	9.06772526800674e-09
Zo_SA_chr02A_3335-Zo_SB_chr02B_3334	373.727459561644	0.941741189731341	0.156791753131643	6.00631838678818	1.8978333813995e-09	1.00033447000248e-08
Zo_SA_chr02A_3595-Zo_SB_chr02B_3615	941.050553537786	0.637090984759174	0.106356235766851	5.99016108614238	2.0963329570886e-09	1.09532229784629e-08
Zo_SA_chr01A_1923-Zo_SB_chr01B_1954	566.638412832185	0.886432541183917	0.149341965416051	5.93558909389208	2.92792271689284e-09	1.51464315189208e-08
Zo_SA_chr01A_3944-Zo_SB_chr01B_3933	712.528972892792	0.702795982268256	0.118416190997557	5.93496528091124	2.9390768791839e-09	1.51873884549899e-08
Zo_SA_chr01A_2927-Zo_SB_chr01B_2926	2518.59996487539	0.544369334114784	0.0917361751534843	5.93407489688769	2.9550692030647e-09	1.52532284937069e-08
Zo_SA_chr01A_4243-Zo_SB_chr01B_4263	901.487075492826	0.687880555716707	0.116330899270934	5.91313709451035	3.35652576198364e-09	1.719303370658e-08
Zo_SA_chr02A_2698-Zo_SB_chr02B_2660	838.081928380158	0.820127457050243	0.138810786473029	5.90824011511236	3.4578177246979e-09	1.76732905929004e-08
Zo_SA_chr02A_1098-Zo_SB_chr02B_1069	713.97668995031	0.757792179565524	0.128955635714294	5.87637892185219	4.19337857286026e-09	2.12936496362125e-08
Zo_SA_chr02A_1901-Zo_SB_chr02B_1859	470.875939213115	0.852974618239837	0.145263568359905	5.87191012771012	4.30802284173728e-09	2.18285563427984e-08
Zo_SA_chr01A_2097-Zo_SB_chr01B_2122	20477.9918274178	0.216980789402567	0.0371197067358887	5.84543382700764	5.05249759670255e-09	2.55181041159616e-08
Zo_SA_chr01A_3932-Zo_SB_chr01B_3921	444.158415590865	0.796971295471332	0.137061954127483	5.81467921236596	6.0750271111793e-09	3.0518230412905e-08
Zo_SA_chr02A_2838-Zo_SB_chr02B_2799	1638.72712251894	0.557553823715995	0.0964392936091571	5.78139680258975	7.4082920422202e-09	3.67050752503666e-08
Zo_SA_chr02A_2906-Zo_SB_chr02B_2876	723.539456899672	0.632701778358835	0.109580732028364	5.77384150157955	7.74843275838994e-09	3.83498380826641e-08
Zo_SA_chr02A_3558-Zo_SB_chr02B_3584	438.419842436644	0.911445116499126	0.158221070261117	5.7605798961854	8.38254393744026e-09	4.13139665488127e-08
Zo_SA_chr02A_779-Zo_SB_chr02B_740	843.110252045752	0.62390346192321	0.108454851176098	5.75265610673494	8.78520803541057e-09	4.32530913978451e-08
Zo_SA_chr02A_1221-Zo_SB_chr02B_1201	3116.70478917772	0.34358216774226	0.0597470083548284	5.75061709703987	8.8918292484028e-09	4.36863485167601e-08
Zo_SA_chr01A_3783-Zo_SB_chr01B_3767	1073.31744305288	0.565997481526599	0.100688637590192	5.62126467367887	1.8956458872444e-08	9.14118242852078e-08
Zo_SA_chr02A_1378-Zo_SB_chr02B_1360	479.455978943529	0.759927399261591	0.13722484509947	5.53782661376476	3.06248216969121e-08	1.44850467139024e-07
Zo_SA_chr01A_1156-Zo_SB_chr01B_1178	2494.01972073801	0.371588635650833	0.0674683110791309	5.50760245376547	3.63753714116898e-08	1.70673242663648e-07
Zo_SA_chr01A_1226-Zo_SB_chr01B_1255	602.060462004634	0.740695188457078	0.135070970377421	5.48374818354673	4.16407397596153e-08	1.94020209485715e-07
Zo_SA_chr01A_1096-Zo_SB_chr01B_1124	361.98958314309	0.958886396379135	0.174920046338627	5.48185537592889	4.20888245073015e-08	1.95913456932796e-07
Zo_SA_chr02A_2022-Zo_SB_chr02B_1968	1631.86611847964	0.442009533315573	0.0815266605187458	5.42165630853897	5.90493313151189e-08	2.71626924049547e-07
Zo_SA_chr02A_547-Zo_SB_chr02B_532	1943.98778109265	0.484167345852358	0.0893274726049083	5.42013931138307	5.95526097164081e-08	2.73673697149253e-07
Zo_SA_chr02A_3446-Zo_SB_chr02B_3478	568.207428415254	0.737476780402447	0.136136846592481	5.41717249122164	6.05489209817689e-08	2.77708247552746e-07
Zo_SA_chr02A_1061-Zo_SB_chr02B_1041	1348.48361251847	0.460554823662043	0.0850507486946098	5.41505901747848	6.12684938108826e-08	2.80734153281896e-07
Zo_SA_chr02A_1973-Zo_SB_chr02B_1933	4042.05586608539	0.361975614760857	0.0669869606252922	5.40367276529615	6.52900095080626e-08	2.98286976252999e-07
Zo_SA_chr01A_2647-Zo_SB_chr01B_2647	560.372344951424	0.687556156099101	0.127649597054975	5.38627752818515	7.19318662706689e-08	3.27580907612725e-07
Zo_SA_chr01A_690-Zo_SB_chr01B_733	648.423937989857	0.669262055462274	0.124397786963887	5.38001576874161	7.44793145957138e-08	3.38293266295343e-07
Zo_SA_chr02A_2249-Zo_SB_chr02B_2218	566.668497663945	0.705999347412183	0.131318344569791	5.37624312677021	7.60560762077857e-08	3.45120995712699e-07
Zo_SA_chr01A_2102-Zo_SB_chr01B_2127	598.489200745013	0.669930788491772	0.124938445427448	5.36208679561972	8.22659919157809e-08	3.72219897848451e-07
Zo_SA_chr01A_1237-Zo_SB_chr01B_1264	523.218674053624	0.805854606996518	0.150491436682639	5.35482034566478	8.5641465710747e-08	3.86374766456562e-07
Zo_SA_chr02A_2135-Zo_SB_chr02B_2093	340.239350242777	0.826152408867569	0.154817880596562	5.33628548384814	9.48699911636504e-08	4.24742365018939e-07
Zo_SA_chr02A_3528-Zo_SB_chr02B_3560	305.651150229114	0.897101944100171	0.168731923062228	5.31672921056748	1.05649114018968e-07	4.7075559636942e-07
Zo_SA_chr02A_577-Zo_SB_chr02B_562	451.069074617996	0.770455561876145	0.145163730025073	5.30749355739943	1.11142932786685e-07	4.93828258177202e-07
Zo_SA_chr01A_3115-Zo_SB_chr01B_3124	697.18032185097	0.655542666068543	0.124277117932048	5.27484606158136	1.32867569880239e-07	5.85789152262429e-07
Zo_SA_chr01A_3230-Zo_SB_chr01B_3238	1568.75718229195	0.433146050689233	0.0821589210348137	5.27205135162004	1.34907316573211e-07	5.93794680451694e-07
Zo_SA_chr02A_321-Zo_SB_chr02B_319	303.412496046064	0.90316196981111	0.171713591415591	5.25969995948209	1.44290646243316e-07	6.32721226330502e-07
Zo_SA_chr01A_3603-Zo_SB_chr01B_3595	332.252133093135	0.837284867000751	0.160013269332894	5.23259646210247	1.67145376023017e-07	7.30210525418989e-07
Zo_SA_chr02A_1804-Zo_SB_chr02B_1780	1004.69589256934	0.514662553595829	0.098386242682468	5.23104185670401	1.68557334530491e-07	7.35693966155406e-07
Zo_SA_chr01A_4193-Zo_SB_chr01B_4216	389.317815867737	0.955616872502143	0.182815576224455	5.22721800974371	1.72079557442135e-07	7.50369222600832e-07
Zo_SA_chr02A_2548-Zo_SB_chr02B_2496	529.40676422673	0.734887633624079	0.141071376218512	5.20933199436417	1.89521729584271e-07	8.23366625193887e-07
Zo_SA_chr01A_3406-Zo_SB_chr01B_3419	986.875072294266	0.55658827709512	0.10760500255445	5.17251302339289	2.30966395827197e-07	9.96042582004788e-07
Zo_SA_chr01A_4110-Zo_SB_chr01B_4130	384.240052460009	0.804747503231933	0.155672212931673	5.16949999024649	2.34721147144777e-07	1.01037763523238e-06
Zo_SA_chr02A_159-Zo_SB_chr02B_152	7932.85370819817	0.725105441057956	0.140763796079068	5.15122113253227	2.58795822842263e-07	1.10892237513781e-06
Zo_SA_chr02A_2270-Zo_SB_chr02B_2241	335.361394498016	0.93449817181145	0.181600846977165	5.14589104272711	2.66253937033628e-07	1.13879988383025e-06
Zo_SA_chr01A_2551-Zo_SB_chr01B_2563	820.552789174715	0.554384256721629	0.108104993880863	5.12820210075205	2.92522322592042e-07	1.24887601237658e-06
Zo_SA_chr01A_3007-Zo_SB_chr01B_3005	335.190830451504	0.891485577724106	0.174371328120932	5.11256975175318	3.17805578852192e-07	1.35312502357031e-06
Zo_SA_chr01A_2730-Zo_SB_chr01B_2718	1629.4548184345	0.415966560697778	0.0817658626816002	5.08728883981289	3.63218438992873e-07	1.54507789279652e-06
Zo_SA_chr02A_1194-Zo_SB_chr02B_1166	567.967005508759	0.645686937938624	0.126931089572077	5.08690928373363	3.63945807531555e-07	1.54676968200911e-06
Zo_SA_chr01A_498-Zo_SB_chr01B_557	317.613122477038	0.960150920708702	0.188831373198657	5.08470019808938	3.68207208722596e-07	1.56346445549902e-06
Zo_SA_chr01A_2379-Zo_SB_chr01B_2387	390.38314294904	0.854651591406893	0.168529355441829	5.07123277820812	3.95246961413191e-07	1.67222609824228e-06
Zo_SA_chr02A_158-Zo_SB_chr02B_151	1085.23525461764	0.498271401253172	0.098937027060766	5.03624796555833	4.74745486930686e-07	1.99113686284161e-06
Zo_SA_chr01A_2472-Zo_SB_chr01B_2484	5390.32692747711	0.338765397533802	0.0672966013636913	5.03391539348341	4.80561834619278e-07	2.01321082860148e-06
Zo_SA_chr01A_524-Zo_SB_chr01B_581	316.935391428795	0.909220164015909	0.181951300788038	4.99705228859614	5.82132880104713e-07	2.42142506511641e-06
Zo_SA_chr01A_2729-Zo_SB_chr01B_2717	1662.61612794472	0.568957235389002	0.113913239894113	4.99465414132609	5.89412995711905e-07	2.44953567394177e-06
Zo_SA_chr02A_2847-Zo_SB_chr02B_2808	1307.49046713157	0.507750583369695	0.101678460922773	4.99368871992805	5.92368458956086e-07	2.45963965435571e-06
Zo_SA_chr02A_1310-Zo_SB_chr02B_1295	262.823269133263	0.991680238627363	0.199036941450038	4.9823928734169	6.28027608406103e-07	2.60309676558431e-06
Zo_SA_chr02A_2401-Zo_SB_chr02B_2368	348.27150358858	0.878547393917753	0.176925220675791	4.96564249326364	6.84739942988412e-07	2.8231984292633e-06
Zo_SA_chr02A_2832-Zo_SB_chr02B_2792	328.521067044213	0.972348318125424	0.196749972161093	4.94205060079649	7.73051445147589e-07	3.17614481666593e-06
Zo_SA_chr01A_3294-Zo_SB_chr01B_3302	2912.12203623337	0.323197145365167	0.0656886651118015	4.92013568573952	8.64842365323733e-07	3.54396539571961e-06
Zo_SA_chr01A_1140-Zo_SB_chr01B_1163	327.3107191636	0.777496746160156	0.158052934626651	4.91921740014977	8.68909198227348e-07	3.55752352363239e-06
Zo_SA_chr01A_413-Zo_SB_chr01B_465	714.302655940743	0.549646420084727	0.11175820951701	4.91817489256635	8.73548497399976e-07	3.57339978186633e-06
Zo_SA_chr02A_3040-Zo_SB_chr02B_3040	223.737998299129	0.926971516070476	0.18852865955614	4.91687321308537	8.7937463790999e-07	3.59409912985512e-06
Zo_SA_chr02A_3484-Zo_SB_chr02B_3514	432.366414398857	0.72251758260486	0.147192339443984	4.90866294627938	9.16994211994164e-07	3.73808587547925e-06
Zo_SA_chr01A_2633-Zo_SB_chr01B_2631	376.09304035359	0.820073614602419	0.167699643689942	4.89013331548066	1.0076770725549e-06	4.08998341213458e-06
Zo_SA_chr01A_2471-Zo_SB_chr01B_2483	227.667404357194	0.987134418493364	0.202035570536134	4.88594367751105	1.02934623368697e-06	4.17071893649334e-06
Zo_SA_chr02A_3157-Zo_SB_chr02B_3160	213.443804870551	0.987593051056408	0.20271466194558	4.87183828529154	1.10564652733534e-06	4.46829759367565e-06
Zo_SA_chr02A_1769-Zo_SB_chr02B_1740	500.590426634668	0.635226180581595	0.130949708772881	4.85091709278508	1.22891911346629e-06	4.95368426149813e-06
Zo_SA_chr02A_1652-Zo_SB_chr02B_1634	286.521587209663	0.913309098000342	0.188712899833678	4.83967497084347	1.30051648478228e-06	5.23329618061618e-06
Zo_SA_chr01A_3242-Zo_SB_chr01B_3254	506.619559048132	0.674372898630441	0.139626261318417	4.82984284090037	1.36640855328801e-06	5.47964865985242e-06
Zo_SA_chr01A_2146-Zo_SB_chr01B_2166	434.607772998427	0.788219322703088	0.163262288367931	4.82793258983815	1.37957772990811e-06	5.52773587423471e-06
Zo_SA_chr01A_881-Zo_SB_chr01B_920	715.398918557861	0.58927956769514	0.122849307646289	4.79676751123263	1.61246567946345e-06	6.40592027162402e-06
Zo_SA_chr02A_2591-Zo_SB_chr02B_2536	363.131174275252	0.756753924682789	0.158264667677502	4.78157213348994	1.73929569499128e-06	6.87512670673892e-06
Zo_SA_chr02A_3002-Zo_SB_chr02B_2993	614.431145364597	0.584860285382406	0.122669164278446	4.76778568454932	1.86261767127829e-06	7.34403538961154e-06
Zo_SA_chr01A_2595-Zo_SB_chr01B_2594	1099.27667394204	0.499572487140415	0.104836669847711	4.76524567087175	1.88623684095944e-06	7.43091793264627e-06
Zo_SA_chr01A_4146-Zo_SB_chr01B_4171	916.089872724368	0.532934133513484	0.111958156852026	4.7601188559924	1.93478985946661e-06	7.60941661409669e-06
Zo_SA_chr02A_3499-Zo_SB_chr02B_3526	458.517563784916	0.646598635830675	0.135932949897624	4.75674688379566	1.96737595124658e-06	7.73109544660717e-06
Zo_SA_chr01A_1110-Zo_SB_chr01B_1136	2419.6301475817	0.341335559383907	0.0721345897960203	4.73192625547776	2.22399215363899e-06	8.70306187228869e-06
Zo_SA_chr02A_1219-Zo_SB_chr02B_1199	570.188643151884	0.704811473763268	0.149134173520484	4.72602259512614	2.28960183249574e-06	8.944889090816e-06
Zo_SA_chr02A_420-Zo_SB_chr02B_408	2316.48986558789	0.32370467083636	0.0687518207197416	4.7083068847864	2.49782852114129e-06	9.70183064668455e-06
Zo_SA_chr01A_102-Zo_SB_chr01B_166	271.484614639726	0.940050468051336	0.200176631469559	4.69610494067231	2.65169346569171e-06	1.02570039085124e-05
Zo_SA_chr01A_2220-Zo_SB_chr01B_2237	999.459955810848	0.567732951807309	0.120893310957818	4.6961485901019	2.65112717580007e-06	1.02570039085124e-05
Zo_SA_chr02A_715-Zo_SB_chr02B_687	218.120206762469	0.977727804470762	0.208367278473761	4.69232890899367	2.70112403632932e-06	1.04191297712776e-05
Zo_SA_chr02A_2896-Zo_SB_chr02B_2867	2735.56525953385	0.36732796365492	0.0783213694372538	4.6900094609454	2.73192416909046e-06	1.05239640405357e-05
Zo_SA_chr02A_2837-Zo_SB_chr02B_2798	316.406077397457	0.804577575800663	0.172357200571601	4.6680821754611	3.04024306397311e-06	1.16447513927852e-05
Zo_SA_chr01A_3659-Zo_SB_chr01B_3655	323.615585408381	0.766591368578184	0.164639521629836	4.65618073345558	3.22129180806537e-06	1.22980481394977e-05
Zo_SA_chr01A_2862-Zo_SB_chr01B_2860	2119.22123047087	0.419330761778069	0.090247184217177	4.64646919918258	3.37664522046387e-06	1.28077763738209e-05
Zo_SA_chr02A_1619-Zo_SB_chr02B_1601	339.070163756802	0.76265848567908	0.164134021326028	4.64655943671891	3.37516918202865e-06	1.28077763738209e-05
Zo_SA_chr01A_443-Zo_SB_chr01B_499	1667.22001134486	0.356748039545573	0.0768919444672428	4.63960226285542	3.49080365429841e-06	1.32194114172463e-05
Zo_SA_chr01A_1007-Zo_SB_chr01B_1041	320.699620074913	0.791768538765397	0.170708499662169	4.63813190516172	3.51572395704011e-06	1.33030458116389e-05
Zo_SA_chr01A_3697-Zo_SB_chr01B_3688	527.007679619311	0.66055369267123	0.142515123097239	4.63497261424342	3.56984737252837e-06	1.34860900739961e-05
Zo_SA_chr01A_1720-Zo_SB_chr01B_1750	1056.9780305179	0.427409776266817	0.092240935629485	4.63362360051988	3.59320059622151e-06	1.35633927574186e-05
Zo_SA_chr01A_3796-Zo_SB_chr01B_3780	502.047697244375	0.67746550548058	0.146957657308245	4.60993675245919	4.02791492415593e-06	1.50950294122521e-05
Zo_SA_chr01A_2494-Zo_SB_chr01B_2498	1244.33860782868	0.401134331394033	0.0878035470361358	4.56854358319881	4.91124953513934e-06	1.82740545748404e-05
Zo_SA_chr01A_483-Zo_SB_chr01B_543	713.361809796309	0.568085489873963	0.125069928481168	4.5421429177478	5.56852675196573e-06	2.06494879055214e-05
Zo_SA_chr02A_398-Zo_SB_chr02B_389	465.086018874783	0.660543372656544	0.145650720667559	4.535119151001	5.75709750925898e-06	2.13030769033463e-05
Zo_SA_chr01A_3180-Zo_SB_chr01B_3183	524.11064512637	0.748333274316556	0.16605016590495	4.50666983822778	6.58529787646548e-06	2.4195941766935e-05
Zo_SA_chr02A_1075-Zo_SB_chr02B_1051	287.521726752311	0.842218425263872	0.187149517757294	4.50024363063606	6.78756225923329e-06	2.4880657906502e-05
Zo_SA_chr01A_901-Zo_SB_chr01B_938	909.091679228985	0.536779087403694	0.11990914546911	4.47654835086767	7.58594941108319e-06	2.76990464099629e-05
Zo_SA_chr01A_1702-Zo_SB_chr01B_1736	870.47492281017	0.480368330599634	0.10800084877646	4.44781995735884	8.67461898620478e-06	3.13569432074521e-05
Zo_SA_chr01A_3885-Zo_SB_chr01B_3873	439.526474660587	0.760542561365242	0.17105754316051	4.44612115498231	8.74346493742926e-06	3.15814761250332e-05
Zo_SA_chr01A_2771-Zo_SB_chr01B_2765	283.724324299311	0.860517751957398	0.195582127788966	4.3997770230105	1.08362164678944e-05	3.86348994432829e-05
Zo_SA_chr02A_2207-Zo_SB_chr02B_2176	410.362856601905	0.693920097853352	0.157747958596382	4.39891649963493	1.08792672031503e-05	3.87295308931572e-05
Zo_SA_chr02A_1565-Zo_SB_chr02B_1556	432.460510853148	0.65245188550344	0.148472238837726	4.39443690356514	1.11060254372903e-05	3.95068016313617e-05
Zo_SA_chr01A_1974-Zo_SB_chr01B_2007	180.320687065266	0.973162522584044	0.222597459982256	4.37184917860976	1.23198621762055e-05	4.35933584696501e-05
Zo_SA_chr01A_2890-Zo_SB_chr01B_2890	388.173516512127	0.657051655713562	0.151372488784191	4.34062795023677	1.42076108860496e-05	4.99715969095537e-05
Zo_SA_chr02A_828-Zo_SB_chr02B_802	1691.72948901187	0.340067764998528	0.0785076022210193	4.33165394659678	1.47993416204168e-05	5.20138658299594e-05
Zo_SA_chr02A_27-Zo_SB_chr02B_29	1330.56914475626	0.376785547452105	0.0871500087835027	4.32341376336648	1.53633207839052e-05	5.387496346643e-05
Zo_SA_chr01A_3010-Zo_SB_chr01B_3009	256.191472788671	0.823073934787264	0.190827682815123	4.31317889860178	1.60923797647281e-05	5.61796472143632e-05
Zo_SA_chr01A_2095-Zo_SB_chr01B_2120	1624.3870011829	0.344828900056807	0.0800364088573835	4.30840045149022	1.64439458644583e-05	5.72366424302954e-05
Zo_SA_chr02A_1362-Zo_SB_chr02B_1346	996.466996108966	0.51417437016362	0.119954291294449	4.28641914028308	1.81576251454607e-05	6.29679062694024e-05
Zo_SA_chr01A_648-Zo_SB_chr01B_698	255.958136278704	0.771939435496962	0.180230168129594	4.28307559998446	1.84327506829673e-05	6.38747904021291e-05
Zo_SA_chr02A_2549-Zo_SB_chr02B_2497	182.122140590883	0.99247028383743	0.233125026824108	4.25724469550944	2.06961793692734e-05	7.14018188239932e-05
Zo_SA_chr01A_4173-Zo_SB_chr01B_4198	2704.02733773858	0.279644559482484	0.0659674317963855	4.23913061138461	2.24387084777087e-05	7.69608334630185e-05
Zo_SA_chr02A_2217-Zo_SB_chr02B_2187	2782.96217743057	0.288461921382224	0.0680872753787948	4.23664950282417	2.26879875267453e-05	7.7645541557614e-05
Zo_SA_chr01A_4011-Zo_SB_chr01B_3987	3762.6477287111	0.269704650636378	0.0636978269261518	4.2341264004039	2.29441872761709e-05	7.84651069240479e-05
Zo_SA_chr01A_3701-Zo_SB_chr01B_3692	513.327170779983	0.535432886307117	0.126704390260726	4.22584320247568	2.38047709974669e-05	8.13488605390492e-05
Zo_SA_chr01A_783-Zo_SB_chr01B_824	563.237185416653	0.52565659507657	0.125144517323673	4.20039652010496	2.66447927121612e-05	9.0592295221348e-05
Zo_SA_chr01A_430-Zo_SB_chr01B_483	184.349397912035	0.895842696869209	0.214060502923799	4.18499762746102	2.8516907969082e-05	9.67471671662564e-05
Zo_SA_chr01A_24-Zo_SB_chr01B_71	309.824025544874	0.760199540286522	0.183789494379425	4.13625132847433	3.53025530707934e-05	0.00011831398500583
Zo_SA_chr02A_1909-Zo_SB_chr02B_1865	584.220493495708	0.504079107056353	0.122344538614501	4.12016026840945	3.78608947627319e-05	0.000126346599023285
Zo_SA_chr02A_457-Zo_SB_chr02B_438	900.844703553375	0.421360951683329	0.102377879051243	4.11574214652785	3.85935577339885e-05	0.000128608645516956
Zo_SA_chr01A_2170-Zo_SB_chr01B_2188	285.511916781007	0.754317631437497	0.183443592975762	4.11198679224062	3.92268745256301e-05	0.000130626327377045
Zo_SA_chr01A_2184-Zo_SB_chr01B_2203	780.489876327375	0.534668554769569	0.130176256588987	4.1072663232106	4.00369495782213e-05	0.000133040628485138
Zo_SA_chr02A_323-Zo_SB_chr02B_321	3144.88544878192	0.342733261407112	0.083584342848929	4.10044811893264	4.12350875969078e-05	0.000136731470674694
Zo_SA_chr02A_1525-Zo_SB_chr02B_1510	1774.67120692856	0.306514529117729	0.0747643835930624	4.0997399348073	4.13614662856878e-05	0.000137053672183931
Zo_SA_chr01A_1857-Zo_SB_chr01B_1885	166.532561710769	0.999553505148987	0.244505668687358	4.08805861440818	4.34998257124651e-05	0.000143531070494294
Zo_SA_chr01A_842-Zo_SB_chr01B_891	423.77524085307	0.598331362732812	0.146432413261961	4.08605819848385	4.38763768027497e-05	0.000144671791959594
Zo_SA_chr02A_355-Zo_SB_chr02B_355	1401.08070146388	0.366936209059987	0.0900018439946116	4.07698545689748	4.56233451366593e-05	0.000149800374654448
Zo_SA_chr01A_1283-Zo_SB_chr01B_1310	299.931124456513	0.775442549673225	0.192005234176349	4.03865318047014	5.3758981863329e-05	0.000174921735716186
Zo_SA_chr02A_1231-Zo_SB_chr02B_1215	213.398214514217	0.921055893772624	0.228333829708348	4.03381266345461	5.48790755055269e-05	0.000178442565677015
Zo_SA_chr02A_3092-Zo_SB_chr02B_3090	751.453411776795	0.433800229133534	0.107610439680181	4.0312095222619	5.54905477250822e-05	0.000180305851749367
Zo_SA_chr01A_280-Zo_SB_chr01B_335	214.09131403206	0.918404050127384	0.22828654199436	4.02303194092831	5.74537011309602e-05	0.0001861690370901
Zo_SA_chr02A_1146-Zo_SB_chr02B_1119	307.245079761527	0.672478377376349	0.16729166995783	4.01979595006651	5.82485690329126e-05	0.000188354435494435
Zo_SA_chr01A_2994-Zo_SB_chr01B_2993	146.417878189892	0.996395682223771	0.249660109728798	3.99100874907947	6.57928528789279e-05	0.000211438401169815
Zo_SA_chr01A_908-Zo_SB_chr01B_944	609.798342106159	0.582317251891576	0.146736888546109	3.96844486523644	7.23431899536213e-05	0.000231379854984588
Zo_SA_chr02A_1014-Zo_SB_chr02B_989	530.159255489843	0.609435907294936	0.154767116365632	3.93776095081572	8.22454685943708e-05	0.000261093192587813
Zo_SA_chr02A_2893-Zo_SB_chr02B_2864	176.864517566498	0.97748912223072	0.249936289208009	3.91095316861814	9.19325980533496e-05	0.0002900791863257
Zo_SA_chr01A_444-Zo_SB_chr01B_500	331.529896195614	0.615846639255156	0.157487467500694	3.91044855205665	9.21248818378691e-05	0.000290490554827474
Zo_SA_chr02A_178-Zo_SB_chr02B_174	768.19902264173	0.609207029062614	0.156196241860787	3.90026688097643	9.60867084673388e-05	0.000301968409999165
Zo_SA_chr01A_1949-Zo_SB_chr01B_1987	178.150528277835	0.84225724976422	0.216103292055773	3.89747533113399	9.72007200371724e-05	0.000305060721347433
Zo_SA_chr01A_1181-Zo_SB_chr01B_1197	153.074456469082	0.914102850790716	0.236488344216525	3.86531883344651	0.000110944174917837	0.000346340697747499
Zo_SA_chr01A_1694-Zo_SB_chr01B_1727	244.503501695895	0.788067760661219	0.204133442327462	3.86055195893398	0.00011313117990473	0.000352698668513615
Zo_SA_chr02A_2109-Zo_SB_chr02B_2070	152.19496409178	0.9403126617934	0.244183892563278	3.85083820199045	0.000117714250858674	0.00036625680704834
Zo_SA_chr01A_1667-Zo_SB_chr01B_1691	1444.04082493637	0.333643933573451	0.0867024299846146	3.84814974196982	0.000119013302789482	0.00036980822297235
Zo_SA_chr02A_2942-Zo_SB_chr02B_2915	1502.22645927548	0.31124510989504	0.0810953947804189	3.83801214283246	0.00012403435000573	0.000383884676930662
Zo_SA_chr02A_23-Zo_SB_chr02B_25	561.513603339194	0.563058074194089	0.146809020632222	3.83530979070171	0.000125406126988905	0.000387595804603949
Zo_SA_chr01A_2754-Zo_SB_chr01B_2740	217.679445342404	0.731349202847867	0.192430631781253	3.80058619606484	0.000144354192526742	0.000442975717027777
Zo_SA_chr01A_1275-Zo_SB_chr01B_1295	760.669460388819	0.491592529363282	0.129430446606571	3.79812124775844	0.000145797004273665	0.000446818774691076
Zo_SA_chr02A_1645-Zo_SB_chr02B_1628	795.557673051834	0.426255598943244	0.11224853534707	3.79742682276674	0.000146205918139811	0.000447630272584932
Zo_SA_chr02A_157-Zo_SB_chr02B_150	481.6844069015	0.550209279471306	0.145413263102719	3.78376268939541	0.000154475120213365	0.000471068667088751
Zo_SA_chr01A_52-Zo_SB_chr01B_108	2371.35513408879	0.268210167991052	0.0712918090548057	3.76214563141279	0.000168461902782894	0.000511269888652872
Zo_SA_chr01A_1058-Zo_SB_chr01B_1087	593.368934571294	0.495197000446324	0.132266409812828	3.74393620532291	0.000181159668021864	0.000547681161313522
Zo_SA_chr01A_488-Zo_SB_chr01B_549	2339.32769957158	0.259264441299545	0.0696011463568026	3.72500245858674	0.000195313318409149	0.000588574238905412
Zo_SA_chr01A_449-Zo_SB_chr01B_505	213.976645733903	0.953623832873612	0.258525887743418	3.68869764338675	0.000225404892822801	0.00067535105818939
Zo_SA_chr01A_1214-Zo_SB_chr01B_1247	1739.87787860438	0.314065348619015	0.0853373374810254	3.68028061209253	0.000232977429972959	0.0006962612111039
Zo_SA_chr02A_2452-Zo_SB_chr02B_2419	7302.64896828195	0.177694033888668	0.0484061564963693	3.67089739715228	0.000241700358326082	0.000720494333714088
Zo_SA_chr02A_2862-Zo_SB_chr02B_2822	1353.5776503057	0.424966028497263	0.11582521744141	3.66902854045779	0.000243473900003801	0.000724860113463092
Zo_SA_chr01A_3021-Zo_SB_chr01B_3019	138.421516988866	0.910174834722012	0.248100215411151	3.66857736585868	0.000243903889542488	0.000725679803255138
Zo_SA_chr01A_2132-Zo_SB_chr01B_2154	1392.53840166802	0.298103660075055	0.0812906428507712	3.66713375144907	0.000245284509694275	0.000728863153569054
Zo_SA_chr02A_1037-Zo_SB_chr02B_1014	382.865542939028	0.572679448460646	0.156158864939434	3.66728746832758	0.000245137152494591	0.000728863153569054
Zo_SA_chr02A_732-Zo_SB_chr02B_706	306.614423394776	0.626153650898085	0.171515081047004	3.65072066593657	0.000261505526287923	0.000774611066504379
Zo_SA_chr01A_3775-Zo_SB_chr01B_3760	292.323519304336	0.699025374260481	0.191709051389071	3.64628257870735	0.000266061391523793	0.000787608863741095
Zo_SA_chr01A_2233-Zo_SB_chr01B_2248	427.509012907518	0.533791022874706	0.146982293107223	3.63166890099685	0.000281594263629437	0.000830446439314468
Zo_SA_chr01A_1950-Zo_SB_chr01B_1988	193.460858393485	0.865063109969053	0.238826667950186	3.62213783491501	0.000292178359532104	0.000858422581668522
Zo_SA_chr02A_2073-Zo_SB_chr02B_2027	857.537613882452	0.378307919332561	0.104561502248869	3.61804212062812	0.000296840094990275	0.000871573044865062
Zo_SA_chr02A_3616-Zo_SB_chr02B_3634	188.966320552012	0.774112515054168	0.214070280104248	3.61616061172616	0.000299004896388721	0.000876831858659925
Zo_SA_chr01A_559-Zo_SB_chr01B_612	203.169142258449	0.82092922605838	0.227035395099168	3.61586450297674	0.000299346932851109	0.000877286576475581
Zo_SA_chr02A_2278-Zo_SB_chr02B_2250	547.828709008654	0.623401458073548	0.173046198475169	3.60251460920132	0.00031515368232477	0.000921883464755501
Zo_SA_chr01A_357-Zo_SB_chr01B_412	210.573266985413	0.783376869074235	0.217713570499863	3.59819953931043	0.000320427746192135	0.000936143826359589
Zo_SA_chr01A_3166-Zo_SB_chr01B_3171	197.138071867937	0.827962821764916	0.230125387403427	3.59787692747447	0.000320825357242853	0.000936722200487534
Zo_SA_chr02A_1137-Zo_SB_chr02B_1111	1649.24453871975	0.363770436820659	0.101361286491109	3.58884984014647	0.000332140070403351	0.000967350223670094
Zo_SA_chr02A_2540-Zo_SB_chr02B_2487	729.907528052665	0.396546497636404	0.110799512548405	3.57895525454739	0.000344970519812843	0.00100285110220685
Zo_SA_chr02A_3463-Zo_SB_chr02B_3492	1552.73707239798	0.367256270857035	0.102696564391126	3.57613005882375	0.000348718210243129	0.00101311816870635
Zo_SA_chr02A_1730-Zo_SB_chr02B_1700	603.732666689385	0.441297673569614	0.123671243745937	3.56831273142355	0.000359287512180038	0.00104124583517526
Zo_SA_chr02A_3342-Zo_SB_chr02B_3342	381.851382702676	0.562350794486245	0.157632993141935	3.56746886091223	0.000360446197119254	0.00104395898573058
Zo_SA_chr01A_847-Zo_SB_chr01B_896	357.629517023355	0.697114213058146	0.195878173488111	3.55891726293057	0.000372386808741108	0.00107654892582457
Zo_SA_chr01A_706-Zo_SB_chr01B_751	365.812507052224	0.612368294949906	0.172110227787599	3.55800060706228	0.00037368845026879	0.00107964668021007
Zo_SA_chr02A_3131-Zo_SB_chr02B_3129	1532.86849440119	0.284100986968238	0.0800692474967938	3.5481910452526	0.000387886763396873	0.00111860153279541
Zo_SA_chr02A_1412-Zo_SB_chr02B_1396	1499.10313035365	0.323588621990878	0.0912050246201012	3.54792538392189	0.000388278201624097	0.00111904258109353
Zo_SA_chr02A_2995-Zo_SB_chr02B_2986	818.883677623315	0.454959196031579	0.128671550810504	3.53581808228614	0.000406514526238748	0.00116658480557322
Zo_SA_chr02A_3216-Zo_SB_chr02B_3220	3417.66916299683	0.251322250342391	0.0717154693606631	3.50443568985752	0.000457576069977866	0.00130513490597942
Zo_SA_chr01A_2230-Zo_SB_chr01B_2245	1568.34449839534	0.358266613118482	0.102368024823771	3.4997902297641	0.000465624418214859	0.00132728418606568
Zo_SA_chr02A_2539-Zo_SB_chr02B_2486	290.362084522939	0.649519489548265	0.185610836618574	3.49936189815799	0.000466373123459954	0.00132861122967462
Zo_SA_chr02A_1285-Zo_SB_chr02B_1278	267.967947748527	0.686861955924881	0.196505744372169	3.49537850977022	0.000473389907443129	0.00134614875498373
Zo_SA_chr02A_2299-Zo_SB_chr02B_2268	424.216839337471	0.54655008444584	0.156485180578719	3.49266353800769	0.000478228662479656	0.00135826203653423
Zo_SA_chr02A_1561-Zo_SB_chr02B_1552	3705.5293195693	0.204576813705073	0.0587335010356213	3.483136712402	0.00049557522004616	0.00140328239737875
Zo_SA_chr02A_1429-Zo_SB_chr02B_1420	748.588116457653	0.388904353901096	0.11169232048139	3.48192563485951	0.000497821922158306	0.0014079925767725
Zo_SA_chr02A_3242-Zo_SB_chr02B_3236	928.919666721324	0.368707393625787	0.105937976545414	3.48040811849685	0.000500650512876205	0.00141423973896156
Zo_SA_chr01A_122-Zo_SB_chr01B_188	215.294351291439	0.794597471151595	0.229211158217892	3.46666138476661	0.00052696528516126	0.00148321602758046
Zo_SA_chr02A_396-Zo_SB_chr02B_387	207.07876498565	0.722710937015749	0.208757032557011	3.46197169102976	0.000536233555262203	0.00150568991100554
Zo_SA_chr01A_2998-Zo_SB_chr01B_2997	812.59946062902	0.352719540110958	0.102179240123717	3.45196871383945	0.000556512250879672	0.00155983003651578
Zo_SA_chr02A_1042-Zo_SB_chr02B_1019	238.48400479338	0.750310227045659	0.217846973390567	3.44420771777474	0.000572735506872789	0.00160242993336143
Zo_SA_chr02A_2578-Zo_SB_chr02B_2527	433.344206851837	0.485265599416659	0.141011533294816	3.44131850833864	0.000578886673060701	0.00161674777976239
Zo_SA_chr02A_2898-Zo_SB_chr02B_2870	398.952690012022	0.594361764370298	0.173081052806568	3.43400825643547	0.000594726080570963	0.00165802422462208
Zo_SA_chr01A_114-Zo_SB_chr01B_180	626.604246440888	0.412994503621338	0.120712623063834	3.42130336611891	0.000623217729384654	0.00173539322627466
Zo_SA_chr01A_4240-Zo_SB_chr01B_4259	537.178704956919	0.461241262278449	0.134855419335575	3.42026493670746	0.000625601757857102	0.00174099848627848
Zo_SA_chr01A_171-Zo_SB_chr01B_238	171.502806981279	0.790032906146278	0.231468928835827	3.41312723966776	0.000642219495966665	0.00178512670324383
Zo_SA_chr02A_1568-Zo_SB_chr02B_1557	1406.92548313202	0.290242901838891	0.0856385052235229	3.38916356703489	0.000701061784059201	0.00193266047760715
Zo_SA_chr01A_2711-Zo_SB_chr01B_2702	164.193262082814	0.779531022131933	0.230045098694667	3.3886008724167	0.000702501843654308	0.00193548951874692
Zo_SA_chr02A_3655-Zo_SB_chr02B_3676	94.1560502827764	0.989655741714024	0.292350667064386	3.38516669604885	0.000711350408736461	0.00195642210890473
Zo_SA_chr01A_1197-Zo_SB_chr01B_1227	396.990745574454	0.575642780570291	0.170277687461489	3.38061192368778	0.000723246126298864	0.00198797353520461
Zo_SA_chr02A_1689-Zo_SB_chr02B_1670	762.393020260134	0.381101523920517	0.112767952529765	3.37951976045612	0.000726125872719229	0.00199238748233837
Zo_SA_chr02A_1759-Zo_SB_chr02B_1732	1832.99058734642	0.259436641952479	0.0770432114659597	3.36741728461185	0.000758757839554684	0.00207585526716652
Zo_SA_chr02A_1326-Zo_SB_chr02B_1308	753.315910651496	0.40370866017857	0.11991235821741	3.36669769638436	0.000760740322239285	0.00208006619577315
Zo_SA_chr02A_3204-Zo_SB_chr02B_3210	297.243447667255	0.586105199169256	0.174346308120014	3.3617299126621	0.000774558446522692	0.00211538313800027
Zo_SA_chr02A_1461-Zo_SB_chr02B_1452	137.796490756075	0.84443473523169	0.252047445708158	3.35030070572287	0.00080723874806972	0.00220207221275763
Zo_SA_chr02A_1659-Zo_SB_chr02B_1640	226.146426649245	0.787372720783014	0.235389771433477	3.34497423566058	0.000822902142356625	0.00223959214149495
Zo_SA_chr02A_3406-Zo_SB_chr02B_3435	167.121191694528	0.785560765960037	0.234926526495307	3.34385723774676	0.000826222427939921	0.00224732500399659
Zo_SA_chr01A_1384-Zo_SB_chr01B_1403	1421.7943048236	0.285960365617243	0.0861587401815636	3.31899427747706	0.000903422807659538	0.00243612632961986
Zo_SA_chr01A_796-Zo_SB_chr01B_838	234.203484401972	0.713725772703941	0.215475801410471	3.31232448391885	0.000925241625355168	0.00248496491480621
Zo_SA_chr02A_403-Zo_SB_chr02B_395	1377.17845548806	0.326995422152581	0.098740525912639	3.31166376855123	0.000927429388049657	0.00248938541106439
Zo_SA_chr01A_4044-Zo_SB_chr01B_4023	426.684892369328	0.493946294095574	0.149224096424404	3.31009740337617	0.000932635105741093	0.00249932603228628
Zo_SA_chr01A_1257-Zo_SB_chr01B_1284	1076.44289207165	0.330431252423046	0.100190263225828	3.29803757155779	0.000973631055935371	0.00260300678885969
Zo_SA_chr01A_2966-Zo_SB_chr01B_2962	173.144524914545	0.882007202261885	0.267483549468192	3.2974259688698	0.000975753937206656	0.00260719673882325
Zo_SA_chr02A_1074-Zo_SB_chr02B_1050	952.52404900996	0.374303304523336	0.113622145581553	3.29428125659426	0.000986737115668785	0.00263204692820804
Zo_SA_chr01A_4112-Zo_SB_chr01B_4132	19741.8374251941	0.150548376154228	0.0457771790779261	3.28872113106731	0.00100643689085834	0.00268154565128186
Zo_SA_chr02A_1720-Zo_SB_chr02B_1695	800.892691879648	0.3580563479968	0.10888148159688	3.28849628738942	0.00100724112924143	0.00268216536799138
Zo_SA_chr02A_1947-Zo_SB_chr02B_1905	1226.68482132873	0.296089186672567	0.0900425114238741	3.28832661362288	0.00100784842539986	0.00268226024502334
Zo_SA_chr01A_3761-Zo_SB_chr01B_3746	1137.94361198673	0.438146573728782	0.133307633735328	3.28673281080577	0.0010135695307491	0.00269595705117618
Zo_SA_chr01A_2713-Zo_SB_chr01B_2705	308.331338489647	0.688742133903856	0.209622736043939	3.28562705984092	0.00101755637439729	0.00270349632427638
Zo_SA_chr01A_3570-Zo_SB_chr01B_3567	158.308035086865	0.831361838648271	0.253257307533605	3.28267660564131	0.00102826553996558	0.00272885854837019
Zo_SA_chr02A_2535-Zo_SB_chr02B_2480	521.708426527211	0.433617867125972	0.132157699167433	3.28106398535746	0.00103416280699561	0.00274295754122294
Zo_SA_chr01A_922-Zo_SB_chr01B_955	395.138918060559	0.500293151604161	0.153601714170442	3.25708052352213	0.00112564495710624	0.00296767043505776
Zo_SA_chr02A_431-Zo_SB_chr02B_420	2612.16420919892	0.24238224989256	0.0744707034410629	3.25473291768198	0.00113499048437463	0.00298842612384163
Zo_SA_chr02A_1500-Zo_SB_chr02B_1487	129.103766573048	0.852681877502528	0.262310357638665	3.25066034440434	0.00115137321738048	0.00302816319279665
Zo_SA_chr02A_3313-Zo_SB_chr02B_3310	657.762807505708	0.372032958202224	0.114747647367414	3.24218375485295	0.00118617513942587	0.0031127146276209
Zo_SA_chr01A_2251-Zo_SB_chr01B_2265	2291.18978984232	0.717731837579593	0.222300136193092	3.22866125892143	0.00124371116748843	0.00325490728749414
Zo_SA_chr01A_2784-Zo_SB_chr01B_2778	202.496686022606	0.763672500600745	0.236704966431008	3.22626310767895	0.00125418005993088	0.00327833584467726
Zo_SA_chr01A_3652-Zo_SB_chr01B_3647	241.677108408303	0.628612068673625	0.19516829293507	3.22087189071616	0.0012780126203331	0.00333691442103668
Zo_SA_chr01A_3158-Zo_SB_chr01B_3164	2089.4625307329	0.217607830396127	0.0675889621539318	3.21957644356976	0.00128380126776738	0.00335016437617607
Zo_SA_chr02A_3391-Zo_SB_chr02B_3414	157.625583039655	0.854264548334222	0.26535894914564	3.21927921061131	0.00128513284898054	0.0033517750569298
Zo_SA_chr02A_312-Zo_SB_chr02B_309	291.940367123896	0.579951692285773	0.180431001347342	3.21425746105198	0.0013078234974034	0.00340716704598376
Zo_SA_chr02A_549-Zo_SB_chr02B_533	314.752006956747	0.539257867237905	0.167924336295095	3.21131456664066	0.00132129213572473	0.00343653143061
Zo_SA_chr02A_2008-Zo_SB_chr02B_1955	113.697981881342	0.971545379838154	0.303301729493557	3.20323059634512	0.0013589511983341	0.00352979810243325
Zo_SA_chr02A_1228-Zo_SB_chr02B_1210	308.694714601413	0.592802790292939	0.185440667382184	3.19672485362233	0.00138997444399372	0.00360318237083896
Zo_SA_chr01A_3634-Zo_SB_chr01B_3626	506.029003022634	0.513830799898262	0.160771063310585	3.19604031544917	0.00139327642444454	0.00360974764411583
Zo_SA_chr01A_2837-Zo_SB_chr01B_2834	46906.5887846689	0.134474455017993	0.0421801096187231	3.18810112713179	0.00143210441365605	0.00370216744290588
Zo_SA_chr02A_883-Zo_SB_chr02B_851	220.969147410627	0.7086152955097	0.222444371127633	3.18558429650312	0.00144462010958489	0.00372221721810671
Zo_SA_chr02A_2102-Zo_SB_chr02B_2062	245.640360257743	0.62958544781603	0.197972011244429	3.18017402489639	0.00147186632105231	0.00378825934085432
Zo_SA_chr01A_587-Zo_SB_chr01B_637	418.773723590914	0.479066074946648	0.150945916798008	3.17375974858415	0.00150478191068841	0.00386873245202741
Zo_SA_chr01A_3795-Zo_SB_chr01B_3779	95.6147844666159	0.990689283634441	0.313979194286663	3.1552704818076	0.00160349373596425	0.00410676452464206
Zo_SA_chr02A_2991-Zo_SB_chr02B_2979	826.76109724958	0.37634379606976	0.119441505648765	3.15086279284232	0.00162788944024828	0.00416469861158394
Zo_SA_chr01A_2577-Zo_SB_chr01B_2579	450.419445305033	0.494658252070517	0.157132950375114	3.1480237015193	0.00164378364532925	0.00420078042695252
Zo_SA_chr02A_3238-Zo_SB_chr02B_3234	766.593567981579	0.3952409937019	0.125559016755098	3.14785034095015	0.00164475878804258	0.00420098434049852
Zo_SA_chr01A_699-Zo_SB_chr01B_743	1952.76682626111	0.228179747319816	0.0725003422166838	3.14729200364115	0.00164790302077736	0.00420497933684741
Zo_SA_chr02A_2288-Zo_SB_chr02B_2258	488.062389793178	0.529041044256147	0.168126793780597	3.1466789579449	0.00165136170922922	0.0042109723585345
Zo_SA_chr02A_561-Zo_SB_chr02B_546	674.362291506304	0.42602340435074	0.135450353294588	3.14523656814826	0.00165952576350542	0.00422949205994971
Zo_SA_chr02A_952-Zo_SB_chr02B_931	160.102245052843	0.720751063963033	0.229365568078931	3.14236818542443	0.00167587152519219	0.00426337922449744
Zo_SA_chr01A_554-Zo_SB_chr01B_607	783.389637063137	0.357918319578918	0.113974172306854	3.14034585498275	0.00168748486015686	0.00428910019710508
Zo_SA_chr02A_2078-Zo_SB_chr02B_2034	600.021824417359	0.418160996572411	0.133264965755235	3.13781641110716	0.00170211451428225	0.00432394223119236
Zo_SA_chr01A_2160-Zo_SB_chr01B_2178	566.433109990251	0.386713027843402	0.123584629688761	3.12913530442508	0.00175321557017052	0.00444413152633175
Zo_SA_chr02A_1515-Zo_SB_chr02B_1501	1554.88113437399	0.406740599939419	0.130321638213648	3.12105192594812	0.00180206255502986	0.00455564520915954
Zo_SA_chr02A_1941-Zo_SB_chr02B_1899	168.94231563591	0.703063127327547	0.226350297478062	3.10608439732971	0.00189582597753004	0.00477723710342157
Zo_SA_chr01A_1571-Zo_SB_chr01B_1589	3523.92882141973	0.185608616080018	0.0598315501315887	3.10218631594545	0.00192097013889132	0.00483540337536377
Zo_SA_chr02A_3614-Zo_SB_chr02B_3633	6756.31731137418	0.196306912293882	0.0634782469326918	3.09250683154551	0.00198473665395812	0.00498521647771494
Zo_SA_chr01A_1020-Zo_SB_chr01B_1056	9790.45509557613	0.151900480421899	0.0491966435328614	3.08761877871679	0.00201767120849682	0.00505914809668749
Zo_SA_chr02A_1608-Zo_SB_chr02B_1590	3790.30587205522	0.194370738154269	0.0629541030134994	3.08749912793753	0.0020184836395991	0.00505914809668749
Zo_SA_chr01A_935-Zo_SB_chr01B_967	252.327536529267	0.627012337152434	0.20333509212355	3.08364055906026	0.0020448448846266	0.00512248382203311
Zo_SA_chr02A_3146-Zo_SB_chr02B_3144	130.831016829381	0.766257882919471	0.248538984918896	3.08304905634631	0.00204891376326	0.00512993776799141
Zo_SA_chr01A_2122-Zo_SB_chr01B_2144	1063.68833305655	0.305021015641739	0.0989596092847816	3.08227788939589	0.0020542296865046	0.00513776422658827
Zo_SA_chr02A_1697-Zo_SB_chr02B_1680	340.596406134394	0.481873600455591	0.156680969199841	3.07550816743404	0.00210144172888029	0.0052418737862341
Zo_SA_chr01A_2921-Zo_SB_chr01B_2919	172.866445228277	0.910006679610532	0.295937205523081	3.07499923168518	0.00210503095946871	0.00524803680224611
Zo_SA_chr02A_3326-Zo_SB_chr02B_3324	466.455863549515	0.537891337958708	0.175702471626848	3.06137604655367	0.00220322194598888	0.00548409409579831
Zo_SA_chr01A_2863-Zo_SB_chr01B_2861	483.614961517119	0.416045033709627	0.136386797955591	3.05047878494145	0.00228476821110147	0.00567729475538241
Zo_SA_chr02A_2800-Zo_SB_chr02B_2762	257.825245143347	0.565119880709399	0.18526340106744	3.05035898862551	0.00228567983651266	0.00567729475538241
Zo_SA_chr01A_2339-Zo_SB_chr01B_2355	700.167512028252	0.370654214700991	0.121588420082022	3.04843351407109	0.00230037809356052	0.00570749181054168
Zo_SA_chr01A_3638-Zo_SB_chr01B_3629	1314.84838347369	0.292363159449042	0.0961914457259613	3.03938834937518	0.00237059053680317	0.00586646139170911
Zo_SA_chr01A_4179-Zo_SB_chr01B_4204	394.434066732395	0.546563399111144	0.180431077175815	3.02920875752775	0.00245195189309707	0.00606141110769835
Zo_SA_chr02A_3352-Zo_SB_chr02B_3353	664.855777886622	0.373696612784407	0.123969329154962	3.01442796643099	0.0025746434179004	0.00635466960378153
Zo_SA_chr01A_4137-Zo_SB_chr01B_4159	325.852503499128	0.567122308435454	0.188157969906979	3.01407540013228	0.00257763735947063	0.00635871424323668
Zo_SA_chr01A_3992-Zo_SB_chr01B_3966	490.891291301565	0.517735762144387	0.17191611662708	3.01156036037888	0.00259908723570234	0.00640825922749099
Zo_SA_chr01A_278-Zo_SB_chr01B_332	253.101831770256	0.614024002581864	0.204109398008365	3.00830833157765	0.00262706455459691	0.00647043931242453
Zo_SA_chr01A_3911-Zo_SB_chr01B_3897	130.080809723625	0.759338936336977	0.252587038805882	3.00624663849258	0.00264494368165208	0.00651105758358424
Zo_SA_chr02A_739-Zo_SB_chr02B_712	335.146459066918	0.523443759153073	0.174398588986675	3.00142198508881	0.00268721886873634	0.00660473071352065
Zo_SA_chr02A_1474-Zo_SB_chr02B_1464	1603.80198644275	0.235903060420212	0.0789672466671201	2.98735324297986	0.00281404365486098	0.00688040272465228
Zo_SA_chr02A_2252-Zo_SB_chr02B_2224	456.910847191818	0.411242711299617	0.137978801603476	2.98047748292125	0.00287799395620167	0.00702577921045694
Zo_SA_chr02A_3428-Zo_SB_chr02B_3461	91.052936882851	0.976354765686318	0.3277726818095	2.97875576541724	0.00289421370606902	0.00706170083664891
Zo_SA_chr02A_1038-Zo_SB_chr02B_1015	169.028306437675	0.656242844342126	0.220561769114926	2.97532454049271	0.00292678727092968	0.00712635489112716
Zo_SA_chr02A_3625-Zo_SB_chr02B_3642	756.806213859419	0.397564506371169	0.133703663732272	2.97347503631052	0.00294448357109774	0.00716572454128143
Zo_SA_chr02A_912-Zo_SB_chr02B_881	2532.37794860781	0.600980329318743	0.202541200931154	2.96720038469123	0.00300525025440971	0.00730602807963232
Zo_SA_chr01A_3685-Zo_SB_chr01B_3678	140.047809505741	0.756420687082022	0.255650963076474	2.95880241552523	0.00308837047898474	0.00747710747543674
Zo_SA_chr02A_1676-Zo_SB_chr02B_1656	300.32702790586	0.495462274624844	0.167490823760716	2.95814578673684	0.00309495711751448	0.00748532927596801
Zo_SA_chr01A_3335-Zo_SB_chr01B_3352	363.152946804455	0.46502632660854	0.157573519625996	2.9511705247956	0.0031657208820666	0.00763286864268061
Zo_SA_chr01A_2742-Zo_SB_chr01B_2728	349.787201200556	0.44913814533481	0.152264680837405	2.94971980937864	0.00318062232554152	0.00766485873212162
Zo_SA_chr02A_3639-Zo_SB_chr02B_3659	5222.58796084158	0.159191185358203	0.0541467415593979	2.93999566314758	0.00328216840753027	0.00790551035325053
Zo_SA_chr02A_2735-Zo_SB_chr02B_2700	2064.99977040179	0.235145611299216	0.0800132117618912	2.93883480141977	0.00329448621527619	0.00793110791281473
Zo_SA_chr02A_3256-Zo_SB_chr02B_3249	75.5277426401407	0.989830850319898	0.337361137366562	2.93403934444409	0.0033458179358018	0.00804230417765474
Zo_SA_chr02A_2757-Zo_SB_chr02B_2724	103.039269882433	0.857838021031919	0.292683891173085	2.93093691488685	0.00337941400901319	0.00811474438602348
Zo_SA_chr01A_1363-Zo_SB_chr01B_1385	119.581846532378	0.798402197421802	0.273137888284463	2.9230737721392	0.00346594387691622	0.00831401261272542
Zo_SA_chr02A_2397-Zo_SB_chr02B_2364	460.141479260089	0.416400949515633	0.142532836691905	2.92143873075165	0.00348418798319296	0.00834923902816209
Zo_SA_chr02A_588-Zo_SB_chr02B_573	136.14099986512	0.78735181730192	0.269934646716993	2.9168238567293	0.00353615407450271	0.00846944099926835
Zo_SA_chr01A_1346-Zo_SB_chr01B_1370	700.560589667323	0.362562514129285	0.124640645232187	2.90886262225203	0.00362746221048989	0.00867484846667612
Zo_SA_chr02A_1744-Zo_SB_chr02B_1714	479.580722630024	0.4257269347991	0.146490053996355	2.906183206197	0.0036586716403576	0.00874502666151698
Zo_SA_chr01A_2786-Zo_SB_chr01B_2779	414.763727436068	0.432584584827757	0.149046386243235	2.90234869647765	0.00370376025222221	0.00884829078585876
Zo_SA_chr01A_4247-Zo_SB_chr01B_4267	448.940811755152	0.416064809247003	0.143559375045035	2.89820716422374	0.00375302599740222	0.00894776320112359
Zo_SA_chr02A_3597-Zo_SB_chr02B_3617	420.87893769551	0.448025590156581	0.154621425918753	2.89756472943148	0.00376072124247533	0.00895700714197678
Zo_SA_chr02A_2532-Zo_SB_chr02B_2479	775.933527322438	0.425084794613183	0.147248021679782	2.88686251783815	0.00389104211542061	0.00924861682145567
Zo_SA_chr01A_3813-Zo_SB_chr01B_3796	237.052671806344	0.550454807180343	0.191053465515737	2.88115583611334	0.00396219686735878	0.0094034535668424
Zo_SA_chr02A_3586-Zo_SB_chr02B_3607	431.533182026985	0.408749805059165	0.141924934515655	2.88004223115619	0.00397621906148631	0.00943196149468845
Zo_SA_chr01A_2073-Zo_SB_chr01B_2097	367.793919892934	0.512659174625078	0.178040812089489	2.87944751884977	0.00398372595138702	0.00944499351384937
Zo_SA_chr01A_3324-Zo_SB_chr01B_3333	84.6457280612574	0.915319884264809	0.318023007543451	2.87815617912408	0.00400007050315028	0.00947417001553818
Zo_SA_chr01A_2241-Zo_SB_chr01B_2254	259.558742221823	0.584931979975345	0.203358628060928	2.87635683596416	0.00402294640625293	0.00951874157243507
Zo_SA_chr01A_891-Zo_SB_chr01B_931	1039.01668755803	0.25932921413147	0.0902961813384591	2.87198428867574	0.00407903246321946	0.00963686823636742
Zo_SA_chr02A_1256-Zo_SB_chr02B_1242	99.5902982288674	0.969549979556235	0.338627156765612	2.86317845507982	0.00419414269559423	0.00988393647801513
Zo_SA_chr01A_318-Zo_SB_chr01B_377	232.253255103533	0.544484283888158	0.19104777824893	2.84999013795758	0.00437205847076479	0.0102825555613175
Zo_SA_chr01A_470-Zo_SB_chr01B_527	1283.31523340845	0.243429121311061	0.0854262078327827	2.84958360539146	0.00437764987314463	0.0102905476977929
Zo_SA_chr02A_2702-Zo_SB_chr02B_2667	707.21890383766	0.387152111433304	0.136077258962939	2.84509046099132	0.00443988120391543	0.0104211718903308
Zo_SA_chr01A_3228-Zo_SB_chr01B_3236	316.017712721908	0.487504520401522	0.17179023998822	2.83778939033412	0.00454271460513001	0.0106518825223738
Zo_SA_chr02A_423-Zo_SB_chr02B_411	314.922695890541	0.508140211851349	0.179635650922737	2.82872697730756	0.00467335486377499	0.0109308978169652
Zo_SA_chr02A_2738-Zo_SB_chr02B_2704	2728.91759189641	0.221071894469919	0.0782056537094244	2.82680195080677	0.00470153955056411	0.0109913420883143
Zo_SA_chr01A_3709-Zo_SB_chr01B_3699	145.576601556283	0.692689925781353	0.245329953263597	2.8235032720896	0.00475019410653801	0.0110774904313501
Zo_SA_chr01A_1984-Zo_SB_chr01B_2013	170.119382341998	0.768410764996857	0.272247206111132	2.82247438265056	0.00476546290271099	0.011107576721073
Zo_SA_chr02A_81-Zo_SB_chr02B_80	793.900759862372	0.362054453867287	0.128348510703751	2.82086992581447	0.00478936181816731	0.0111466694696632
Zo_SA_chr02A_1560-Zo_SB_chr02B_1550	146.551434790692	0.741163300856886	0.262959907601608	2.81854107577407	0.00482424380440542	0.0112167254362092
Zo_SA_chr02A_139-Zo_SB_chr02B_130	703.974185692338	0.331452153283097	0.117749386794444	2.81489494176064	0.0048793182060707	0.0113335450608335
Zo_SA_chr01A_2901-Zo_SB_chr01B_2901	185.94085932406	0.681660643676483	0.24407926018797	2.79278396350237	0.00522565790876935	0.0120841729462522
Zo_SA_chr01A_2305-Zo_SB_chr01B_2326	3066.90895663755	0.179276391540269	0.0644443699128403	2.78187825845356	0.0054045309275094	0.0124548423928655
Zo_SA_chr01A_3562-Zo_SB_chr01B_3559	1655.17103809124	0.256734846776794	0.0924207685580118	2.77789127684698	0.00547129220116184	0.0125839720626722
Zo_SA_chr02A_2929-Zo_SB_chr02B_2902	413.488523404051	0.407578101951905	0.146798890810322	2.77643856640944	0.00549580200255529	0.0126341513944093
Zo_SA_chr02A_1047-Zo_SB_chr02B_1030	10066.3539879717	0.119531945221682	0.043114786291563	2.7724118684794	0.00556425843193102	0.0127852598249855
Zo_SA_chr02A_2518-Zo_SB_chr02B_2468	318.295268284825	0.569179250372566	0.20555193892982	2.76902885633639	0.00562236553580704	0.0129061345861089
Zo_SA_chr01A_3456-Zo_SB_chr01B_3472	168.450144556454	0.600666372993525	0.217034383507741	2.76760927593808	0.0056469110862638	0.0129371615316161
Zo_SA_chr02A_1975-Zo_SB_chr02B_1935	320.100177438121	0.471154058530243	0.170302715592483	2.76656808959914	0.00566497534104048	0.0129722129332171
Zo_SA_chr01A_1323-Zo_SB_chr01B_1347	212.580961763068	0.908100476970739	0.32829865513788	2.76608040501827	0.00567345442685301	0.0129852917906314
Zo_SA_chr02A_1606-Zo_SB_chr02B_1588	5801.5078318338	0.160802748202539	0.058204707674191	2.7627103481501	0.00573236118299722	0.0131137194883583
Zo_SA_chr02A_2336-Zo_SB_chr02B_2303	990.609044020198	0.276138399695751	0.10019169934202	2.75610057029883	0.00584950082775032	0.0133303597060392
Zo_SA_chr01A_2615-Zo_SB_chr01B_2612	137.497025691673	0.726932254374702	0.264493937922263	2.74838909384892	0.00598888919926832	0.0136208764532075
Zo_SA_chr01A_3785-Zo_SB_chr01B_3768	118.018370630852	0.760907050836894	0.27771162354264	2.73991790883777	0.00614545316270852	0.013970187131506
Zo_SA_chr02A_1476-Zo_SB_chr02B_1465	865.966727340492	0.300925465541175	0.110350778856491	2.72698995566241	0.00639149846479459	0.0145014075419808
Zo_SA_chr01A_29-Zo_SB_chr01B_76	928.404044311224	0.293812365212084	0.107793957558708	2.72568492581844	0.00641682195348823	0.0145447964279067
Zo_SA_chr02A_2763-Zo_SB_chr02B_2727	181.656655380936	0.618365790108074	0.227070219448505	2.7232359734796	0.00646458649127025	0.0146459873573346
Zo_SA_chr01A_1138-Zo_SB_chr01B_1161	500.277798734688	0.37804304643952	0.139298140970965	2.71391307740654	0.00664936108365182	0.0149994241367761
Zo_SA_chr01A_2092-Zo_SB_chr01B_2117	99.3355313788879	0.999812860848322	0.368660090453811	2.71201816181832	0.00668749285942622	0.0150564858428157
Zo_SA_chr02A_1989-Zo_SB_chr02B_1946	256.161467960729	0.540264729887329	0.200420391932235	2.69565748614043	0.00702498608902421	0.0157633834192738
Zo_SA_chr01A_2957-Zo_SB_chr01B_2954	180.345618450576	0.612672108291622	0.227870987284207	2.6886797463491	0.00717352036172309	0.0160659463184748
Zo_SA_chr01A_2084-Zo_SB_chr01B_2106	292.424704170356	0.45260115738003	0.168383428637038	2.6879198329881	0.00718986557920356	0.0160948708481026
Zo_SA_chr01A_4130-Zo_SB_chr01B_4153	2734.86619169097	0.175807320110415	0.0656142220927534	2.67940873949387	0.00737523043468361	0.0164783719997788
Zo_SA_chr02A_3325-Zo_SB_chr02B_3323	237.29799637651	0.528992706522125	0.197536078700143	2.67795488299193	0.00740731952252077	0.016542190956529
Zo_SA_chr02A_422-Zo_SB_chr02B_410	896.157247663114	0.289533277382973	0.108193246425043	2.67607532771061	0.00744899009122879	0.0166194301036831
Zo_SA_chr01A_963-Zo_SB_chr01B_996	280.802050158198	0.568466542719222	0.213867516955089	2.65803124669277	0.00785986053679848	0.0174366267795076
Zo_SA_chr02A_1890-Zo_SB_chr02B_1852	353.018625288228	0.435332368095293	0.164791687573809	2.64171315012665	0.00824878848894608	0.0182648964559391
Zo_SA_chr01A_3558-Zo_SB_chr01B_3555	665.684776807627	0.473185014577996	0.17925741520263	2.63969562454705	0.00829805166710751	0.0183566517784387
Zo_SA_chr01A_1983-Zo_SB_chr01B_2012	175.857725210911	0.692981500444094	0.262723408633939	2.63768464350905	0.00834741682161508	0.0184571535000085
Zo_SA_chr02A_560-Zo_SB_chr02B_545	531.041099589415	0.401030176036009	0.152313781039829	2.63292115328121	0.00846539969869163	0.0187004027242284
Zo_SA_chr01A_885-Zo_SB_chr01B_925	121.557529741971	0.689195166115786	0.261929255318231	2.63122637934601	0.00850773443085535	0.0187674141746936
Zo_SA_chr02A_1610-Zo_SB_chr02B_1593	428.726414091049	0.399509591413908	0.15183200590804	2.63126070833759	0.00850687503223501	0.0187674141746936
Zo_SA_chr01A_3499-Zo_SB_chr01B_3512	801.943031642726	0.312677260008294	0.118843664889561	2.63099644645643	0.00851349261693722	0.0187712910520063
Zo_SA_chr02A_3663-Zo_SB_chr02B_3685	688.482876204726	0.30284606164094	0.115227376767277	2.62824747154135	0.0085826052853993	0.0188704704775509
Zo_SA_chr01A_3708-Zo_SB_chr01B_3698	195.688152902557	0.540252884242982	0.205706307851215	2.62633115088402	0.00863108024124906	0.0189681632280752
Zo_SA_chr01A_3023-Zo_SB_chr01B_3020	253.600438745453	0.466975747775905	0.178092621908606	2.62209485587533	0.00873911040185255	0.0191786276919982
Zo_SA_chr02A_3485-Zo_SB_chr02B_3515	322.524182448368	0.446765553022728	0.170706280700618	2.61715943425806	0.00886649168140608	0.0194127760005401
Zo_SA_chr02A_1283-Zo_SB_chr02B_1276	530.475681004017	0.367056496563697	0.140275138726512	2.61668959942596	0.00887870397296774	0.019430447313976
Zo_SA_chr01A_3368-Zo_SB_chr01B_3385	79.2047130129814	0.927006523250615	0.35581130866708	2.6053318168085	0.00917853226092125	0.0200491961677107
Zo_SA_chr01A_1244-Zo_SB_chr01B_1270	525.302996644025	0.387904789636947	0.149979802113934	2.58638019366282	0.0096989881734711	0.0211172401438173
Zo_SA_chr02A_3269-Zo_SB_chr02B_3266	852.136340020598	0.266953730159599	0.103573726801705	2.57742709857965	0.00995388756488054	0.0216420947425484
Zo_SA_chr01A_1041-Zo_SB_chr01B_1078	417.056699070355	0.38466489734963	0.150003866098367	2.56436655504186	0.0103364317981723	0.0224011722849997
Zo_SA_chr02A_2524-Zo_SB_chr02B_2471	1846.18103067657	0.191669547539699	0.0752677178631945	2.5465040389304	0.0108807952386553	0.0235157490832662
Zo_SA_chr02A_2958-Zo_SB_chr02B_2940	350.200794017578	0.428005161371429	0.168408254274485	2.54147377285815	0.0110386227598165	0.0238436232998253
Zo_SA_chr02A_2939-Zo_SB_chr02B_2910	374.118319395045	0.428561925649225	0.168725291366401	2.53999813648901	0.0110853059505803	0.0239246805520344
Zo_SA_chr01A_2080-Zo_SB_chr01B_2102	3182.58379181983	0.169330191367822	0.0667612506875873	2.53635439156482	0.0112013313980187	0.024130691882233
Zo_SA_chr02A_2348-Zo_SB_chr02B_2313	319.718965327206	0.42119167347921	0.166863293953774	2.52417211418524	0.0115971133719585	0.0249146776287679
Zo_SA_chr01A_3794-Zo_SB_chr01B_3778	238.711859283495	0.547462187682029	0.217239455834659	2.52008635161884	0.0117326047635007	0.0251596807816934
Zo_SA_chr02A_3601-Zo_SB_chr02B_3620	147.284874880203	0.616621679207932	0.245126138921221	2.51552805393024	0.0118854217797841	0.025464109128195
Zo_SA_chr01A_2971-Zo_SB_chr01B_2969	200.584066620473	0.526204967133371	0.20929508580582	2.51417736401882	0.0119310413941921	0.0255385247361083
Zo_SA_chr01A_1939-Zo_SB_chr01B_1971	286.440501679996	0.431983770515779	0.171847885371126	2.51375668419114	0.0119452815468671	0.02555734656539
Zo_SA_chr01A_2951-Zo_SB_chr01B_2948	66.5544482361612	0.895746802705062	0.356548964850653	2.51226869521347	0.0119957714589853	0.0256419861893207
Zo_SA_chr01A_2423-Zo_SB_chr01B_2432	327.625078000021	0.489890401650644	0.195348268254577	2.50777959808797	0.0121492421121664	0.0259582167533172
Zo_SA_chr02A_2370-Zo_SB_chr02B_2336	6388.43829541684	0.206588138806527	0.0825632210048942	2.5021811926921	0.0123430736132953	0.0263603556638969
Zo_SA_chr02A_644-Zo_SB_chr02B_620	469.643998713914	0.346993328080622	0.13879682735558	2.50000907579587	0.0124190124886074	0.0264768410712115
Zo_SA_chr02A_1796-Zo_SB_chr02B_1769	9415.22568346201	0.131751452826634	0.05270109731444	2.49997551361297	0.0124201890873266	0.0264768410712115
Zo_SA_chr02A_949-Zo_SB_chr02B_919	1328.09110440648	0.212821058967975	0.0852560757742781	2.49625680088108	0.0125511700968207	0.0267439101245607
Zo_SA_chr02A_2848-Zo_SB_chr02B_2809	98.9467366574602	0.866440540031759	0.347752681085335	2.49154237237683	0.0127189795094266	0.0270325258135265
Zo_SA_chr01A_3042-Zo_SB_chr01B_3044	158.305647184525	0.610763570327278	0.245353725003704	2.48931851480167	0.012798824443974	0.0271605989557332
Zo_SA_chr02A_1555-Zo_SB_chr02B_1543	594.804772417064	0.339713816493786	0.136583968539035	2.48721588724885	0.0128747243790527	0.0272846462450385
Zo_SA_chr01A_3060-Zo_SB_chr01B_3066	979.576468003753	0.257354327401117	0.103513202684134	2.48619809577743	0.0129116071073991	0.0273381139656663
Zo_SA_chr02A_2707-Zo_SB_chr02B_2673	459.878444066576	0.354684541149354	0.142683175428982	2.4858189487512	0.0129253705164671	0.0273549113501414
Zo_SA_chr01A_1973-Zo_SB_chr01B_2006	331.476346324521	0.396815872038052	0.160731251080255	2.46881592329494	0.0135560931899287	0.0285609291635138
Zo_SA_chr02A_2526-Zo_SB_chr02B_2474	139.965717685293	0.615501293581207	0.250868631645008	2.45348049114476	0.0141481213550419	0.0296922996404667
Zo_SA_chr02A_3533-Zo_SB_chr02B_3566	305.453772091156	0.492463698524764	0.200724433568695	2.45343175102908	0.0141500387885941	0.0296922996404667
Zo_SA_chr01A_774-Zo_SB_chr01B_817	329.600121277918	0.406203449503174	0.16569862098589	2.45145944538526	0.014227821817426	0.0298244308574621
Zo_SA_chr01A_869-Zo_SB_chr01B_915	116.025415927153	0.720906423330385	0.294085250893338	2.45135184828378	0.0142320760208563	0.0298244308574621
Zo_SA_chr02A_3545-Zo_SB_chr02B_3579	238.30237817556	0.550895054640624	0.225078063278537	2.44757328464695	0.0143821873804046	0.0301121031632567
Zo_SA_chr01A_799-Zo_SB_chr01B_842	353.264572362745	0.40594750398086	0.166033405346311	2.44497487197915	0.0144862234478744	0.030302880257435
Zo_SA_chr02A_2137-Zo_SB_chr02B_2096	237.766053673676	0.497144068901025	0.203680619622011	2.44080202536511	0.0146546860852195	0.0305870939109653
Zo_SA_chr01A_1271-Zo_SB_chr01B_1298	3358.61891022157	0.196278082882153	0.0806223611645696	2.43453652370095	0.0149108749494781	0.0311079703259009
Zo_SA_chr02A_388-Zo_SB_chr02B_381	206.123934138439	0.506816279009997	0.208362341359936	2.43237945831343	0.0149999834437945	0.0312521857541225
Zo_SA_chr02A_1655-Zo_SB_chr02B_1637	532.961334492904	0.334061899094796	0.137400296738919	2.43130405845894	0.0150445832513577	0.0313311960121483
Zo_SA_chr01A_3018-Zo_SB_chr01B_3016	118.709565676864	0.703264855530476	0.289289369650182	2.43100828896992	0.01505687009285	0.0313428724381776
Zo_SA_chr02A_1148-Zo_SB_chr02B_1121	138.94890180005	0.652462528376768	0.268966154096688	2.42581647705094	0.0152739919672509	0.0317525787817196
Zo_SA_chr02A_1090-Zo_SB_chr02B_1076	314.932378935149	0.410001180295473	0.169226988262569	2.42278837734395	0.0154018959597431	0.0319759716119977
Zo_SA_chr01A_1401-Zo_SB_chr01B_1427	338.194880854604	0.445247911707899	0.183866336869951	2.42158471902783	0.0154529985864444	0.0320536999856751
Zo_SA_chr02A_1043-Zo_SB_chr02B_1020	1340.67706120588	0.219130109883744	0.0906833600397578	2.41643130324761	0.0156734834770261	0.0324536559903824
Zo_SA_chr01A_1662-Zo_SB_chr01B_1683	189.122409582296	0.585656307364473	0.242602022255556	2.41406193534341	0.0157757804572209	0.0326366675067374
Zo_SA_chr02A_3322-Zo_SB_chr02B_3320	1921.55986416779	0.187608879667599	0.077875738385458	2.40907994655537	0.015992794241014	0.033027372613925
Zo_SA_chr02A_620-Zo_SB_chr02B_598	392.777645497747	0.389967886012409	0.162680786222378	2.39713548887905	0.016523812463236	0.0340341211929339
Zo_SA_chr02A_3360-Zo_SB_chr02B_3360	269.820446899301	0.507916366647975	0.212168557235701	2.39392855032578	0.0166689955899989	0.0343180900870008
Zo_SA_chr02A_842-Zo_SB_chr02B_783	145.522192126182	0.586776988279061	0.247086740922733	2.37478136660742	0.0175593475532508	0.0360404456342313
Zo_SA_chr01A_2176-Zo_SB_chr01B_2194	1182.69825432864	0.273523901778979	0.115219227288736	2.37394320562085	0.0175992573106502	0.0360907846597774
Zo_SA_chr02A_3662-Zo_SB_chr02B_3683	571.463901612802	0.327981821389869	0.138258382652755	2.3722382332044	0.017680686486838	0.0362102928835635
Zo_SA_chr01A_879-Zo_SB_chr01B_918	140.092553471847	0.676694879842267	0.285500487543081	2.37020568919398	0.0177781917290635	0.0363940992987634
Zo_SA_chr02A_1770-Zo_SB_chr02B_1741	663.730218738442	0.263710754633535	0.111468456327312	2.36578816395542	0.0179917356625632	0.0367991385042487
Zo_SA_chr02A_2928-Zo_SB_chr02B_2901	416.579623428717	0.331533767193338	0.140417178576694	2.36106273145389	0.0182226478185307	0.0372227529667157
Zo_SA_chr02A_3540-Zo_SB_chr02B_3573	171.016481250095	0.620673582300945	0.263166418602515	2.35848321984579	0.0183497893677354	0.0374661495706765
Zo_SA_chr02A_271-Zo_SB_chr02B_270	413.515157215173	0.386564827745079	0.163947537800294	2.35785686648102	0.0183807786198375	0.037513098427263
Zo_SA_chr02A_1649-Zo_SB_chr02B_1631	1428.38665123675	0.207356342928357	0.0880501663359317	2.35497957081926	0.0185237240475273	0.0377883970569557
Zo_SA_chr01A_2199-Zo_SB_chr01B_2217	165.732595069264	0.56956345920913	0.24240760856603	2.3496104869744	0.0187930657135808	0.0382879132992276
Zo_SA_chr01A_4029-Zo_SB_chr01B_4004	306.849463588123	0.435962858891487	0.185876101265784	2.34544869363331	0.0190041939419132	0.0386509223994178
Zo_SA_chr01A_123-Zo_SB_chr01B_189	665.529888016528	0.288420792487508	0.123013943160916	2.34461870806158	0.0190465463620108	0.038720275359859
Zo_SA_chr02A_3270-Zo_SB_chr02B_3267	599.461820181505	0.299674791373935	0.128555849693216	2.33108638843797	0.0197488048834688	0.0400957994432002
Zo_SA_chr02A_2681-Zo_SB_chr02B_2640	81.149672273186	0.822124870829818	0.353200347058027	2.32764457248609	0.0199309845839495	0.0404427689027104
Zo_SA_chr02A_2206-Zo_SB_chr02B_2175	416.996765078086	0.393782724343749	0.169487012633091	2.3233799346987	0.0201587510646144	0.0408397495661358
Zo_SA_chr01A_603-Zo_SB_chr01B_653	342.388270498707	0.423607923434605	0.183061314001827	2.31402208459171	0.0206665107538687	0.0417422593444478
Zo_SA_chr01A_4189-Zo_SB_chr01B_4213	168.039495006408	0.521935788697715	0.225872563980957	2.31075337127585	0.0208464814045029	0.042069544408571
Zo_SA_chr01A_2621-Zo_SB_chr01B_2622	418.18768539098	0.402028309334847	0.174259266194666	2.30706990861386	0.0210509231649248	0.0424456087193069
Zo_SA_chr01A_328-Zo_SB_chr01B_388	1791.15206989889	0.171343584328474	0.0742749126816375	2.30688368578633	0.0210613052490085	0.0424483007853729
Zo_SA_chr02A_137-Zo_SB_chr02B_128	349.202452473019	0.488284041262749	0.212033018987366	2.30286793818582	0.0212862745834579	0.0428465037947596
Zo_SA_chr01A_2231-Zo_SB_chr01B_2246	798.467478186259	0.264847649787795	0.11514509101047	2.30012106867597	0.0214413619643488	0.0430847410435652
Zo_SA_chr02A_1107-Zo_SB_chr02B_1079	630.673550765469	0.317446892161421	0.139046689396683	2.28302373496851	0.0224289702993065	0.0449296745545941
Zo_SA_chr02A_2143-Zo_SB_chr02B_2102	964.650025405872	0.271246988855604	0.118859726970904	2.28207649275521	0.0224848245774481	0.0450080191627076
Zo_SA_chr01A_3150-Zo_SB_chr01B_3156	610.551075488777	0.288027575333919	0.126627069653915	2.27461297273268	0.0229291572073925	0.0458192528181795
Zo_SA_chr02A_2886-Zo_SB_chr02B_2858	308.951701412887	0.438417647137998	0.192900824596113	2.27276191305007	0.0230405313852663	0.0460222108385141
Zo_SA_chr02A_756-Zo_SB_chr02B_723	74.1197068434794	0.802791368462665	0.353559966514327	2.27059465011612	0.0231715276335507	0.0462444949624075
Zo_SA_chr02A_633-Zo_SB_chr02B_612	4231.85755680869	0.140309597140661	0.0619713959945657	2.26410257327373	0.0235678067572497	0.0470153696024727
Zo_SA_chr01A_3793-Zo_SB_chr01B_3777	813.348246218554	0.287689965229055	0.127105248849754	2.26339956715023	0.0236110694160961	0.0470708725144765
Zo_SA_chr01A_22-Zo_SB_chr01B_69	122.803971490604	0.713202380782595	0.315433508058736	2.26102288616018	0.0237578399026735	0.0473340912201037
Zo_SA_chr01A_1009-Zo_SB_chr01B_1045	519.146491993505	0.330211357682613	0.146083586512745	2.26042750979284	0.0237947307416282	0.047379069138173
Zo_SA_chr02A_2418-Zo_SB_chr02B_2384	3740.80525983586	0.143616599167742	0.0635378146130559	2.26033268601327	0.0238006108181317	0.047379069138173
Zo_SA_chr01A_290-Zo_SB_chr01B_347	172.865738356456	0.494697032468819	0.219177792719291	2.2570581915769	0.0240044388592756	0.0477038657889543
Zo_SA_chr02A_1469-Zo_SB_chr02B_1459	256.436907674226	0.549347102997463	0.243368119647949	2.25726814092222	0.0239913248356394	0.0477038657889543
Zo_SA_chr02A_3461-Zo_SB_chr02B_3490	5625.91818984536	0.122341898128411	0.0542036046238436	2.25708048343697	0.0240030461524044	0.0477038657889543
Zo_SA_chr01A_4138-Zo_SB_chr01B_4161	119.838664290682	0.703528980112283	0.311786910977277	2.25644167648704	0.0240429840515713	0.0477400258865732
Zo_SA_chr02A_2860-Zo_SB_chr02B_2820	154.807532578704	0.648022840054514	0.287425002070751	2.25458062237397	0.0241596648862147	0.0479311406537503
Zo_SA_chr01A_2159-Zo_SB_chr01B_2177	317.876609563193	0.375104184588258	0.166466316318601	2.2533338448503	0.0242381073041926	0.0480664410275873
Zo_SA_chr01A_1664-Zo_SB_chr01B_1687	316.175587198396	0.394315409328479	0.175169252467994	2.25105378811003	0.0243821308276678	0.0483199066493346
Zo_SA_chr01A_3272-Zo_SB_chr01B_3284	1082.36366447201	0.272692611010576	0.121169432356886	2.25050663113945	0.0244168030428028	0.0483594934051628
Zo_SA_chr01A_2298-Zo_SB_chr01B_2316	904.309735284743	0.255229575275309	0.113490372008872	2.24890949564741	0.0245182547485661	0.0485399372490601
Zo_SA_chr02A_2257-Zo_SB_chr02B_2229	462.360048955669	0.388473549402319	0.172921716306734	2.24652841585977	0.0246701815307535	0.0487995327749981
Zo_SA_chr01A_2428-Zo_SB_chr01B_2437	235.068110476792	0.44027316415469	0.196365018142987	2.24211607708099	0.0249538711958955	0.0493273640047488
Zo_SA_chr01A_4183-Zo_SB_chr01B_4208	54.2599514400284	0.920396533147821	0.410515351476516	2.24205143568297	0.0249580481984812	0.0493273640047488
Zo_SA_chr01A_2940-Zo_SB_chr01B_2939	63.9433501017559	0.868102207514904	0.387577213910469	2.23981745148578	0.0251027764417051	0.0495299525081918
Zo_SA_chr02A_1917-Zo_SB_chr02B_1872	683.700077199701	0.246542973147956	0.110128918290299	2.2386760623406	0.0251770011576756	0.0496346594251318
Zo_SA_chr02A_2621-Zo_SB_chr02B_2567	120.752063376478	0.603508407718562	0.269563467404298	2.2388360467756	0.0251665859101054	0.0496346594251318
Zo_SA_chr02A_1183-Zo_SB_chr02B_1157	848.687118179506	0.285006712130012	0.127451903157261	2.23619032018963	0.0253393070180746	0.0499126903983233
