baseMean	log2FoldChange	lfcSE	stat	pvalue	padj
Zo_SA_chr01A_383-Zo_SB_chr01B_440	17118.8917097795	-0.760923232362922	0.0416714196360402	-18.2600746268991	1.72055843684301e-74	8.32253627388392e-73
Zo_SA_chr02A_1767-Zo_SB_chr02B_1738	14912.8431623064	-0.663015317282347	0.0384518001528117	-17.2427640486909	1.26825323678581e-66	5.31307516696342e-65
Zo_SA_chr01A_884-Zo_SB_chr01B_924	5242.02733651488	-0.981809132755705	0.057233893260168	-17.1543307091254	5.83382721771884e-66	2.42232896509175e-64
Zo_SA_chr02A_432-Zo_SB_chr02B_421	4887.54840592401	-0.869225313923881	0.0564144127729127	-15.4078589353187	1.44934769758022e-53	5.00024955665177e-52
Zo_SA_chr01A_2008-Zo_SB_chr01B_2039	3390.24526685579	-0.827491151485756	0.0588355375813042	-14.064478468345	6.27839995401019e-45	1.81841065334665e-43
Zo_SA_chr02A_277-Zo_SB_chr02B_276	13617.5816552511	-0.670500981758913	0.0477700337864221	-14.0360164859145	9.38411876521876e-45	2.66850213614584e-43
Zo_SA_chr01A_229-Zo_SB_chr01B_289	6254.37684412331	-0.709933203457144	0.0513246808695438	-13.8321990790676	1.62961344965902e-43	4.47143058818719e-42
Zo_SA_chr01A_311-Zo_SB_chr01B_369	4273.61873524073	-0.84774101721685	0.062148153588331	-13.6406468779794	2.2951560043377e-42	6.11867725701845e-41
Zo_SA_chr01A_2906-Zo_SB_chr01B_2906	11766.6863408802	-0.529545350902201	0.0409994973524025	-12.9158986109173	3.66144372703536e-38	8.72055531332483e-37
Zo_SA_chr01A_4119-Zo_SB_chr01B_4141	3872.23744015173	-0.850998720555689	0.0660462743314046	-12.8848860767767	5.47562995683208e-38	1.29755837158869e-36
Zo_SA_chr02A_354-Zo_SB_chr02B_354	2010.47174445683	-0.965291624024795	0.0754282257939681	-12.7974854752846	1.69346332785247e-37	3.93352967043753e-36
Zo_SA_chr02A_3320-Zo_SB_chr02B_3317	6865.72762359465	-0.581985306322797	0.0485193343792278	-11.9949153006509	3.7780342456121e-33	7.38605695017166e-32
Zo_SA_chr01A_2382-Zo_SB_chr01B_2390	1701.05638941973	-0.917161168595246	0.0781316484058438	-11.738664002469	8.07519824602365e-32	1.49758222017166e-30
Zo_SA_chr02A_2030-Zo_SB_chr02B_1978	3552.83009110381	-0.785306877187296	0.0682046639740646	-11.5139761920961	1.1218398616887e-30	1.96405695188185e-29
Zo_SA_chr02A_459-Zo_SB_chr02B_440	3671.28880160171	-0.758007077025299	0.0671749076538447	-11.284080670886	1.57277262481924e-29	2.63551755558996e-28
Zo_SA_chr02A_3587-Zo_SB_chr02B_3608	2742.59537498089	-0.675755352867654	0.0611514032896784	-11.0505289578811	2.17927013839502e-28	3.51379226438126e-27
Zo_SA_chr02A_163-Zo_SB_chr02B_156	2055.63304684026	-0.833383160909417	0.078112358753223	-10.6690307937351	1.42100832030192e-26	2.14384920863557e-25
Zo_SA_chr01A_4182-Zo_SB_chr01B_4207	1721.04649580932	-0.822499333095678	0.0773906602180179	-10.6278888276519	2.21059920200414e-26	3.30322657828135e-25
Zo_SA_chr01A_2333-Zo_SB_chr01B_2350	1526.76548080267	-0.843165729811011	0.0830353675354243	-10.1542963539157	3.17089208999421e-24	4.36299873497151e-23
Zo_SA_chr02A_2218-Zo_SB_chr02B_2188	1543.54116077963	-0.926378136847334	0.0917825493527422	-10.0931837629291	5.92170904864647e-24	7.89336899325263e-23
Zo_SA_chr01A_1254-Zo_SB_chr01B_1282	944.189556425537	-0.996518847009146	0.0989864821406171	-10.0672215585308	7.71260943272561e-24	1.01936798474221e-22
Zo_SA_chr02A_1554-Zo_SB_chr02B_1542	2407.01733383024	-0.814573205054143	0.0819365861288159	-9.94150773835657	2.74638369392253e-23	3.49214967259743e-22
Zo_SA_chr01A_2893-Zo_SB_chr01B_2893	2262.81659226217	-0.713135728004723	0.0720275389253609	-9.90087595167892	4.12644787105761e-23	5.21867746927286e-22
Zo_SA_chr02A_1665-Zo_SB_chr02B_1645	1640.95236000961	-0.791899064840372	0.0813079200566575	-9.73950710199641	2.04544055643194e-22	2.53224461498117e-21
Zo_SA_chr01A_2407-Zo_SB_chr01B_2416	2207.72291748081	-0.809314680580836	0.0833773458668109	-9.7066495960864	2.82469574116384e-22	3.4424603681924e-21
Zo_SA_chr02A_894-Zo_SB_chr02B_859	1358.00549570889	-0.854989887455787	0.0881774587735854	-9.69624095939482	3.12811534510123e-22	3.80236196870854e-21
Zo_SA_chr01A_2639-Zo_SB_chr01B_2637	2544.21086539234	-0.629090022353377	0.0660146801932132	-9.52954737510115	1.57970468408077e-21	1.86699606491359e-20
Zo_SA_chr01A_1948-Zo_SB_chr01B_1986	915.150854272815	-0.952109187794099	0.101045131490945	-9.42261318032351	4.39998572241746e-21	5.12276253339522e-20
Zo_SA_chr02A_717-Zo_SB_chr02B_689	1513.04759296741	-0.873806076357652	0.0936044334615918	-9.33509283741561	1.00902783982268e-20	1.16609818336157e-19
Zo_SA_chr02A_1499-Zo_SB_chr02B_1486	1579.5055054529	-0.820676501851359	0.0879191019646835	-9.33445046084546	1.01516492883909e-20	1.17030807029803e-19
Zo_SA_chr02A_66-Zo_SB_chr02B_65	4845.21582338906	-0.586870719128638	0.0635846217397208	-9.22975875410493	2.71242113057305e-20	3.05196161742176e-19
Zo_SA_chr02A_2984-Zo_SB_chr02B_2973	8018.60661625699	-0.425206855650463	0.0467541678559673	-9.09452301579554	9.50025518142411e-20	1.03422731580608e-18
Zo_SA_chr01A_3735-Zo_SB_chr01B_3725	5231.82607835285	-0.487723564039015	0.0539573796256523	-9.03905207077816	1.58036268751206e-19	1.68141989338018e-18
Zo_SA_chr01A_4194-Zo_SB_chr01B_4218	1723.44013084358	-0.856756762077746	0.0948132411381073	-9.03625645314428	1.62129040275325e-19	1.72106211984576e-18
Zo_SA_chr01A_973-Zo_SB_chr01B_1005	2531.79906724662	-0.640100992977514	0.071315216608227	-8.97565797905284	2.8166319989291e-19	2.94991904887842e-18
Zo_SA_chr02A_1668-Zo_SB_chr02B_1648	5747.79056762282	-0.479975397245804	0.0537840649452772	-8.92411902548006	4.49260543427208e-19	4.65326814516658e-18
Zo_SA_chr01A_1996-Zo_SB_chr01B_2028	1862.17827557489	-0.659196463643572	0.0758724074028043	-8.68822390390116	3.68149663070852e-18	3.69883986965404e-17
Zo_SA_chr02A_771-Zo_SB_chr02B_731	2646.05366627243	-0.805284122783753	0.0927912018686766	-8.67845341548046	4.01186805662739e-18	4.02215489779822e-17
Zo_SA_chr02A_338-Zo_SB_chr02B_338	1960.54153067032	-0.697411864302629	0.0807607480646991	-8.63553001940892	5.8455368792979e-18	5.78634156912779e-17
Zo_SA_chr02A_2048-Zo_SB_chr02B_1997	2421.2612628937	-0.66696572921298	0.0773780392175062	-8.6195739250793	6.72037033234395e-18	6.56916199986621e-17
Zo_SA_chr02A_2306-Zo_SB_chr02B_2277	972.819262104207	-0.79121802628485	0.0933542487451905	-8.47543670395198	2.34199324615979e-17	2.21545006269793e-16
Zo_SA_chr01A_426-Zo_SB_chr01B_478	2676.24930754876	-0.533957566657955	0.0632596510005931	-8.44072893562041	3.15364722439305e-17	2.95347560416211e-16
Zo_SA_chr01A_807-Zo_SB_chr01B_853	1577.87690289375	-0.711774094970361	0.0852197404085022	-8.35222087697593	6.69912360646198e-17	6.16319371794502e-16
Zo_SA_chr02A_2976-Zo_SB_chr02B_2966	2233.04272989033	-0.577099887189494	0.0702851018378024	-8.21084229942888	2.19642204489761e-16	1.95182049898856e-15
Zo_SA_chr02A_1564-Zo_SB_chr02B_1555	5102.48360116237	-0.461869092073117	0.0567380917146512	-8.14037057143131	3.9406989473385e-16	3.43038208922305e-15
Zo_SA_chr01A_150-Zo_SB_chr01B_214	725.173404692219	-0.924627514253678	0.114513235816414	-8.07441609401404	6.78003034237055e-16	5.8477761702946e-15
Zo_SA_chr02A_1441-Zo_SB_chr02B_1435	655.557846937691	-0.947642341351288	0.117410814257804	-8.07116744178698	6.96291489616012e-16	5.98351587779914e-15
Zo_SA_chr02A_2581-Zo_SB_chr02B_2530	1823.98451493591	-0.618013098324058	0.0765739186267243	-8.07080412505325	6.98366776406682e-16	5.99037827221234e-15
Zo_SA_chr02A_3329-Zo_SB_chr02B_3329	4761.79788847711	-0.453929885591101	0.056246020930861	-8.07043552732526	7.0047845636235e-16	5.99752722126304e-15
Zo_SA_chr02A_1050-Zo_SB_chr02B_1032	2060.58111704182	-0.669148256518917	0.0830241708198335	-8.05968008968137	7.64943714447455e-16	6.52566528761356e-15
Zo_SA_chr02A_1314-Zo_SB_chr02B_1298	1603.54850554049	-0.616172395973931	0.0777107774514783	-7.92904686043917	2.20834211989867e-15	1.81781425027448e-14
Zo_SA_chr01A_570-Zo_SB_chr01B_620	1080.83517110542	-0.787109759734206	0.09930733636258	-7.92599810411185	2.2632104538282e-15	1.85971689130682e-14
Zo_SA_chr02A_59-Zo_SB_chr02B_61	2728.3435116098	-0.550087498520183	0.0694641392369795	-7.91901410659591	2.39401190543315e-15	1.96033226183112e-14
Zo_SA_chr02A_1923-Zo_SB_chr02B_1879	936.50885667766	-0.900114233851334	0.114758488652192	-7.84355252864463	4.37975790671734e-15	3.51880549628729e-14
Zo_SA_chr02A_160-Zo_SB_chr02B_153	1381.6809427772	-0.697699923251255	0.0893177352086997	-7.81143769063345	5.65392997006666e-15	4.52700331391685e-14
Zo_SA_chr01A_3790-Zo_SB_chr01B_3774	4018.37001007955	-0.653191907605664	0.0848212925293273	-7.70080115649995	1.352157616205e-14	1.05915251005574e-13
Zo_SA_chr02A_1249-Zo_SB_chr02B_1238	1148.59640212199	-0.799121281290896	0.104135732297654	-7.67384320116699	1.66918105479397e-14	1.29880555706357e-13
Zo_SA_chr02A_3209-Zo_SB_chr02B_3215	23993.1387728457	-0.285556383727862	0.0376056854949305	-7.59343647030066	3.11530960614579e-14	2.37675328000586e-13
Zo_SA_chr01A_3331-Zo_SB_chr01B_3347	16839.0223276909	-0.40502410113325	0.0538322360367631	-7.52382087299237	5.3198217001263e-14	4.01295874871264e-13
Zo_SA_chr02A_3227-Zo_SB_chr02B_3230	1433.79851302883	-0.67667290805766	0.0900876175864978	-7.51127542481575	5.85540519014531e-14	4.39576978434588e-13
Zo_SA_chr01A_1000-Zo_SB_chr01B_1032	737.485324892638	-0.852454582525735	0.113575734320531	-7.50560485147253	6.11456054809133e-14	4.58299011048634e-13
Zo_SA_chr02A_625-Zo_SB_chr02B_604	738.020060709587	-0.946278530439203	0.12756240385119	-7.41816163595582	1.18757118147699e-13	8.74738458946634e-13
Zo_SA_chr01A_972-Zo_SB_chr01B_1004	1706.98567823584	-0.631138939091717	0.0853606825495113	-7.39378974301946	1.42702001843047e-13	1.04782127174895e-12
Zo_SA_chr01A_3392-Zo_SB_chr01B_3408	37844.2454325341	-0.333460306843781	0.0451891592332495	-7.37921024647932	1.59231213059658e-13	1.16372718329582e-12
Zo_SA_chr01A_382-Zo_SB_chr01B_439	705.378430666428	-0.839335074312499	0.113778609262703	-7.37691451628275	1.6199994714622e-13	1.18212092069995e-12
Zo_SA_chr01A_2211-Zo_SB_chr01B_2229	2235.11177677324	-0.531430055823111	0.0723586321531234	-7.34439057248225	2.06698719638251e-13	1.49665184034363e-12
Zo_SA_chr01A_2178-Zo_SB_chr01B_2196	1025.23646097275	-0.840850806742321	0.115698599107112	-7.2675971293643	3.65938208442265e-13	2.62535485322799e-12
Zo_SA_chr02A_504-Zo_SB_chr02B_486	1118.1385835723	-0.65649317008114	0.0907219064741744	-7.2363246716825	4.61006961654554e-13	3.28231360255413e-12
Zo_SA_chr02A_3383-Zo_SB_chr02B_3406	891.137164072651	-0.75144362698605	0.104255756570188	-7.20769434424615	5.69071886234294e-13	4.02727796411962e-12
Zo_SA_chr02A_2394-Zo_SB_chr02B_2361	1334.81693955807	-0.607876291970452	0.0845436414825494	-7.19008882644266	6.47491838086165e-13	4.55477017136475e-12
Zo_SA_chr01A_3238-Zo_SB_chr01B_3250	4741.74256490485	-0.424349424844583	0.0590767188026113	-7.18302291402525	6.81866668984299e-13	4.78939881867415e-12
Zo_SA_chr02A_2801-Zo_SB_chr02B_2763	1289.52534655029	-0.672773690784598	0.0943734061966049	-7.12884824124109	1.01212249213134e-12	7.02496854005957e-12
Zo_SA_chr01A_232-Zo_SB_chr01B_292	720.824851058786	-0.803208418358585	0.113402631208915	-7.08280231063493	1.41268137228918e-12	9.66224635390789e-12
Zo_SA_chr01A_2435-Zo_SB_chr01B_2447	808.078855533537	-0.923765321071781	0.132400885665551	-6.97703279270536	3.01479359071606e-12	2.02656325610885e-11
Zo_SA_chr02A_3037-Zo_SB_chr02B_3033	1941.00569535367	-0.5154522049466	0.0739161109921986	-6.97347571493585	3.09204833203758e-12	2.0755208546381e-11
Zo_SA_chr02A_704-Zo_SB_chr02B_677	9898.02484674842	-0.342531052951871	0.0493083871013945	-6.94670974022153	3.73903883011895e-12	2.4849249562207e-11
Zo_SA_chr01A_57-Zo_SB_chr01B_113	2228.59405805695	-0.493964021651264	0.0711504043469208	-6.9425328806672	3.85131270329187e-12	2.55592067946895e-11
Zo_SA_chr02A_1261-Zo_SB_chr02B_1254	1576.24176572803	-0.602859578262652	0.0869267308980357	-6.93526113353787	4.05471471753085e-12	2.68710755009248e-11
Zo_SA_chr01A_1316-Zo_SB_chr01B_1342	497.517832616287	-0.900847526537762	0.130090086552966	-6.92479765682209	4.36599114495811e-12	2.88931318083829e-11
Zo_SA_chr01A_4-Zo_SB_chr01B_50	2972.67820114104	-0.475509034748295	0.0692188087669928	-6.86965065158768	6.43593182874557e-12	4.22341148817821e-11
Zo_SA_chr02A_969-Zo_SB_chr02B_942	3922.06554709169	-0.510133042583145	0.074390916836423	-6.85746411359425	7.00936247035866e-12	4.56776787651706e-11
Zo_SA_chr02A_1657-Zo_SB_chr02B_1639	586.631702621397	-0.90553580837573	0.13228440931387	-6.84537061527164	7.62781333007817e-12	4.95702218071008e-11
Zo_SA_chr01A_3668-Zo_SB_chr01B_3666	440.516783959796	-0.996721646749919	0.145684893441149	-6.84162663133331	7.82989463128187e-12	5.07429083010698e-11
Zo_SA_chr02A_1513-Zo_SB_chr02B_1499	2411.65010255335	-0.453208163923265	0.0665122573931671	-6.81390440929199	9.49848321872725e-12	6.08703472304881e-11
Zo_SA_chr02A_974-Zo_SB_chr02B_946	765.621676686291	-0.735750780353034	0.108613696303743	-6.77401474575983	1.25256897391316e-11	7.95271126603595e-11
Zo_SA_chr01A_2895-Zo_SB_chr01B_2896	514.369674844569	-0.935041814651519	0.138871679332309	-6.73313536026334	1.66045453701087e-11	1.05139712384008e-10
Zo_SA_chr02A_1123-Zo_SB_chr02B_1099	602.61826470395	-0.95932458573767	0.143524935064635	-6.68402731069446	2.32463453987585e-11	1.45429136814633e-10
Zo_SA_chr02A_1601-Zo_SB_chr02B_1583	540.696958124198	-0.924845734037508	0.138555754105848	-6.67489950169074	2.47401643295557e-11	1.53953383334583e-10
Zo_SA_chr01A_427-Zo_SB_chr01B_479	1075.88333249925	-0.661205115226109	0.0991910758055876	-6.66597382734367	2.62916114072597e-11	1.63391047315050e-10
Zo_SA_chr01A_2012-Zo_SB_chr01B_2042	467.169219119191	-0.961544007901683	0.145963530042092	-6.58756339768157	4.47103094506664e-11	2.74223231297421e-10
Zo_SA_chr01A_2196-Zo_SB_chr01B_2213	1568.53639826717	-0.518004125906248	0.0789706930022051	-6.5594476408075	5.40074521394273e-11	3.29951777914314e-10
Zo_SA_chr02A_1867-Zo_SB_chr02B_1833	1287.9564693806	-0.560880228756049	0.0864571510811556	-6.48737810281953	8.73429533340077e-11	5.24057720004046e-10
Zo_SA_chr02A_334-Zo_SB_chr02B_332	1128.75204252957	-0.69607880390297	0.107457163406085	-6.47773291085732	9.31109804136749e-11	5.56530853631799e-10
Zo_SA_chr02A_225-Zo_SB_chr02B_210	964.305740218808	-0.791444780266008	0.122283675835019	-6.47220305459086	9.65842043919773e-11	5.76556090339895e-10
Zo_SA_chr01A_416-Zo_SB_chr01B_468	742.096763036178	-0.788731108448623	0.122012648745619	-6.46433887434924	1.01742640148758e-10	6.0427400959237e-10
Zo_SA_chr01A_2905-Zo_SB_chr01B_2905	1420.46309762729	-0.520824250658583	0.0808297563485077	-6.44347173846452	1.16771022311717e-10	6.87439945654423e-10
Zo_SA_chr01A_31-Zo_SB_chr01B_78	7322.40814946765	-0.334634659928613	0.0523152980801639	-6.3964972428494	1.58981702304139e-10	9.29035389060405e-10
Zo_SA_chr02A_1203-Zo_SB_chr02B_1180	3324.56999494342	-0.417402477680636	0.0655753307491795	-6.36523633067392	1.94989267702607e-10	1.13228916344138e-09
Zo_SA_chr02A_3726-Zo_SB_chr02B_3746	1095.04467334981	-0.716561719584996	0.113284967559875	-6.32530277422969	2.52736525220194e-10	1.44968187815789e-09
Zo_SA_chr02A_496-Zo_SB_chr02B_478	548.583491680895	-0.89562375404944	0.141767205058996	-6.3175665604519	2.65714009839409e-10	1.52225901607632e-09
Zo_SA_chr01A_966-Zo_SB_chr01B_999	428.013803385506	-0.913388876936541	0.144673129427451	-6.3134659528781	2.728543761982e-10	1.56125943063653e-09
Zo_SA_chr01A_2363-Zo_SB_chr01B_2377	431.362534148604	-0.896389156010403	0.14291239507399	-6.27229818341728	3.55757427240541e-10	2.01352695851944e-09
Zo_SA_chr01A_2119-Zo_SB_chr01B_2142	3332.72302128687	-0.376887515572797	0.0600913449267905	-6.27191014000369	3.56645404950474e-10	2.01612077111762e-09
Zo_SA_chr01A_3174-Zo_SB_chr01B_3179	1646.2108104081	-0.725454566167109	0.115813003444296	-6.26401651448439	3.75185715052976e-10	2.11075704439876e-09
Zo_SA_chr01A_3315-Zo_SB_chr01B_3322	702.202146726746	-0.713589277620226	0.11415676947491	-6.25095893044751	4.07940149456206e-10	2.28680427867206e-09
Zo_SA_chr01A_1918-Zo_SB_chr01B_1949	1222.44870670098	-0.523785798556785	0.0839438441463388	-6.23971660916162	4.38364339839951e-10	2.44566644771588e-09
Zo_SA_chr02A_2319-Zo_SB_chr02B_2293	1809.57401616757	-0.499025439323553	0.0801656378541193	-6.22492944210898	4.81772775560146e-10	2.68146840205007e-09
Zo_SA_chr01A_2458-Zo_SB_chr01B_2473	876.737438200759	-0.696055941871513	0.112183747996079	-6.2046058747818	5.48341478192514e-10	3.0232881500344e-09
Zo_SA_chr01A_2513-Zo_SB_chr01B_2520	1925.8116232751	-0.503822846248645	0.0811999316912486	-6.20472007494243	5.47943456744762e-10	3.0232881500344e-09
Zo_SA_chr01A_3767-Zo_SB_chr01B_3752	2877.37894105985	-0.449217299061114	0.0724190288588249	-6.20302848767591	5.53868086543748e-10	3.05017495547332e-09
Zo_SA_chr02A_1332-Zo_SB_chr02B_1313	753.482055281819	-0.74385167263226	0.120125468380396	-6.19228946751525	5.92965241366715e-10	3.26165640386006e-09
Zo_SA_chr01A_4108-Zo_SB_chr01B_4128	4744.89108544926	-0.333758464391589	0.0539116500450202	-6.19084120246508	5.98439754911078e-10	3.28791490637328e-09
Zo_SA_chr01A_169-Zo_SB_chr01B_234	1488.26181335735	-0.527140345799791	0.0853235714516839	-6.17813268749884	6.48641911162241e-10	3.55956473353595e-09
Zo_SA_chr01A_2701-Zo_SB_chr01B_2693	410.508262368334	-0.953113757852469	0.154562974018421	-6.16650762516304	6.98147156231097e-10	3.81783969351551e-09
Zo_SA_chr01A_2009-Zo_SB_chr01B_2040	1121.43393504417	-0.608144268843379	0.0989215468749161	-6.14774321728271	7.8593131630687e-10	4.272989265483e-09
Zo_SA_chr01A_133-Zo_SB_chr01B_203	2148.32406814361	-0.609183531150971	0.099211693069777	-6.1402392429945	8.23972881041056e-10	4.45914735622218e-09
Zo_SA_chr02A_3144-Zo_SB_chr02B_3143	651.154138471909	-0.719604509284869	0.11724192452751	-6.13777462443493	8.36854710594122e-10	4.52364320519311e-09
Zo_SA_chr02A_2043-Zo_SB_chr02B_1992	1489.46002116233	-0.507709432034261	0.0830929447174839	-6.11013887834249	9.95444782608969e-10	5.36237304248138e-09
Zo_SA_chr01A_2790-Zo_SB_chr01B_2784	907.251254337599	-0.728932908775808	0.121080010205124	-6.02025807183952	1.7413920154883e-09	9.22190895786805e-09
Zo_SA_chr02A_1465-Zo_SB_chr02B_1455	1115.73405102563	-0.591471496715932	0.0984773739888717	-6.00616641933172	1.8996121329331e-09	1.00033447000248e-08
Zo_SA_chr02A_1795-Zo_SB_chr02B_1768	713.122552849976	-0.972344930658071	0.162980119295746	-5.96603398536997	2.43089673353908e-09	1.26682778135044e-08
Zo_SA_chr01A_4120-Zo_SB_chr01B_4142	525.116953021182	-0.762260510241414	0.127812324929679	-5.96390458166537	2.46280591315644e-09	1.27967722530787e-08
Zo_SA_chr01A_2930-Zo_SB_chr01B_2928	1338.3447263619	-0.594622589837595	0.100101849114546	-5.94017588183785	2.84716445424576e-09	1.47449179021204e-08
Zo_SA_chr02A_1807-Zo_SB_chr02B_1783	709.026538908176	-0.762412250494937	0.128706303316643	-5.92365898831894	3.14856031051532e-09	1.62148748545398e-08
Zo_SA_chr02A_2215-Zo_SB_chr02B_2185	781.552584608351	-0.747208372841632	0.126357385624332	-5.91345230157838	3.35010573683685e-09	1.717890286037e-08
Zo_SA_chr02A_2016-Zo_SB_chr02B_1962	844.862659875631	-0.598507424611898	0.101248978188487	-5.9112440966832	3.39533438478292e-09	1.7372855979718e-08
Zo_SA_chr02A_2300-Zo_SB_chr02B_2269	1709.65654315316	-0.498701038452006	0.0847407752800099	-5.88501859705841	3.98009236348035e-09	2.02324955248643e-08
Zo_SA_chr02A_3161-Zo_SB_chr02B_3164	777.379129373324	-0.844692069525281	0.143799393613538	-5.87410035813779	4.25145771593565e-09	2.15652320034271e-08
Zo_SA_chr01A_1516-Zo_SB_chr01B_1549	914.067820344988	-0.615165790643555	0.105368450598414	-5.83823513727186	5.27566674163396e-09	2.66165896255339e-08
Zo_SA_chr02A_757-Zo_SB_chr02B_724	418.06528243846	-0.923748103166231	0.158491263090203	-5.82838501728953	5.59663377166491e-09	2.82055914679396e-08
Zo_SA_chr02A_2912-Zo_SB_chr02B_2885	862.926898058157	-0.57619453729128	0.0991694471605539	-5.81020217203015	6.23974440820691e-09	3.1245336993924e-08
Zo_SA_chr01A_3924-Zo_SB_chr01B_3913	2236.81048098902	-0.395988711664064	0.0681577181601919	-5.80988804134209	6.25146346581991e-09	3.12706466755086e-08
Zo_SA_chr02A_1579-Zo_SB_chr02B_1564	961.945259651599	-0.723512455533483	0.12504664631164	-5.78594050199757	7.21077351534972e-09	3.58399887012933e-08
Zo_SA_chr01A_2245-Zo_SB_chr01B_2259	1468.72643116692	-0.500522324249981	0.0865385498018262	-5.78380762557473	7.30284526613892e-09	3.62592063372739e-08
Zo_SA_chr02A_226-Zo_SB_chr02B_211	616.565764567975	-0.962731847091829	0.166778999076686	-5.77250044922718	7.81037361441001e-09	3.86156722853654e-08
Zo_SA_chr02A_2683-Zo_SB_chr02B_2643	1340.06186621044	-0.551284610289925	0.0956590061651447	-5.76301837527136	8.26227957488817e-09	4.07640544325713e-08
Zo_SA_chr01A_3568-Zo_SB_chr01B_3566	1335.3700994294	-0.481849043342238	0.0837837377587184	-5.75110464431503	8.86622120733338e-09	4.36061948687717e-08
Zo_SA_chr02A_434-Zo_SB_chr02B_423	2349.64317574887	-0.435817076963501	0.0761809726583493	-5.72081271419335	1.0601570825147e-08	5.18151774079061e-08
Zo_SA_chr02A_2199-Zo_SB_chr02B_2169	2146.09606463614	-0.423855960068166	0.0741730552679073	-5.71441958993372	1.10079084087896e-08	5.37451677981694e-08
Zo_SA_chr02A_2302-Zo_SB_chr02B_2271	699.027785601749	-0.752885392923425	0.1324239343102	-5.68541779735834	1.30493241637618e-08	6.35798847106651e-08
Zo_SA_chr01A_2836-Zo_SB_chr01B_2833	2147.00243569081	-0.50826878611736	0.0901065294736649	-5.64075421710598	1.69306895082146e-08	8.18956651263331e-08
Zo_SA_chr01A_3032-Zo_SB_chr01B_3034	884.435642885226	-0.548129457132571	0.0973554320002574	-5.6301887410979	1.80012523970758e-08	8.68949344105758e-08
Zo_SA_chr02A_1644-Zo_SB_chr02B_1627	468.889299369148	-0.816669626670187	0.145432883152767	-5.61543998142656	1.9606270437e-08	9.44482760681766e-08
Zo_SA_chr02A_1485-Zo_SB_chr02B_1474	407.407194413784	-0.852964557618995	0.152531133065526	-5.59206858610673	2.24380146022574e-08	1.07647407478315e-07
Zo_SA_chr02A_260-Zo_SB_chr02B_248	2121.18119356485	-0.443000153498728	0.079307974741245	-5.58582103431701	2.3259867387365e-08	1.11476300083265e-07
Zo_SA_chr02A_3299-Zo_SB_chr02B_3295	660.371473490968	-0.669089057792289	0.119863052268851	-5.58211262876515	2.37614413122479e-08	1.13763961874558e-07
Zo_SA_chr01A_2413-Zo_SB_chr01B_2424	432.544241280942	-0.994529141191314	0.178383314826349	-5.57523635077338	2.47194020672959e-08	1.18109403767568e-07
Zo_SA_chr01A_333-Zo_SB_chr01B_393	524.224277303272	-0.761421321459871	0.136954015662377	-5.55968598494366	2.70260460647907e-08	1.28868097699185e-07
Zo_SA_chr02A_3306-Zo_SB_chr02B_3304	689.076169139247	-0.68971834225233	0.124158846176696	-5.55512847848763	2.77407643244322e-08	1.32141793106838e-07
Zo_SA_chr01A_541-Zo_SB_chr01B_597	280.000614069246	-0.988090042478618	0.178318222548036	-5.54116134828814	3.00472199976966e-08	1.42693882823069e-07
Zo_SA_chr02A_2455-Zo_SB_chr02B_2421	547.043586531842	-0.684905250649972	0.123772142050571	-5.53359778139842	3.13727953275377e-08	1.4823882746909e-07
Zo_SA_chr01A_2892-Zo_SB_chr01B_2892	2393.78208358112	-0.422214077380238	0.0764979974520305	-5.51928274521168	3.40386131888092e-08	1.60350575383426e-07
Zo_SA_chr02A_2552-Zo_SB_chr02B_2501	455.700569892041	-0.767065663888807	0.139084244536195	-5.51511543558902	3.48551104338563e-08	1.63867913983621e-07
Zo_SA_chr02A_239-Zo_SB_chr02B_230	2009.0128417211	-0.492453281897147	0.089643981400626	-5.4934338502474	3.94192800575324e-08	1.84586089850242e-07
Zo_SA_chr02A_2679-Zo_SB_chr02B_2638	1741.42449760218	-0.464508193101459	0.0845619322033684	-5.49311233788194	3.94911408416031e-08	1.84738218174279e-07
Zo_SA_chr01A_4036-Zo_SB_chr01B_4011	1004.73051057717	-0.575483641942341	0.105094407336569	-5.47587313661071	4.35359521720674e-08	2.02048157854936e-07
Zo_SA_chr01A_3788-Zo_SB_chr01B_3771	1874.56952046395	-0.423766780601661	0.0777406924536613	-5.45102914865666	5.00791604277538e-08	2.32185198346859e-07
Zo_SA_chr02A_3434-Zo_SB_chr02B_3466	1052.0837650125	-0.68882680946673	0.126391772434008	-5.44993393321057	5.03885349234958e-08	2.33388949517317e-07
Zo_SA_chr02A_111-Zo_SB_chr02B_108	1049.5817467674	-0.607403090761511	0.111518106306585	-5.44667687497888	5.13195688150862e-08	2.37466880552648e-07
Zo_SA_chr01A_1013-Zo_SB_chr01B_1050	1426.87988629592	-0.450036424537963	0.0828631209903977	-5.43108223729727	5.60133125651236e-08	2.58167448482868e-07
Zo_SA_chr01A_580-Zo_SB_chr01B_631	635.04219758591	-0.705465271840676	0.130296193233723	-5.41431989939433	6.15220908587393e-08	2.81621122252882e-07
Zo_SA_chr01A_56-Zo_SB_chr01B_112	296.004014559067	-0.912380510787106	0.169328150456006	-5.38823880335335	7.1151472551104e-08	3.24434119737396e-07
Zo_SA_chr01A_2922-Zo_SB_chr01B_2920	4879.21301492849	-0.497133375278154	0.0922983931708942	-5.38615417017815	7.19812267154134e-08	3.27580907612725e-07
Zo_SA_chr01A_1682-Zo_SB_chr01B_1714	1115.50705623818	-0.626640199655222	0.11640760711022	-5.38315506358522	7.31914337735402e-08	3.32765704714584e-07
Zo_SA_chr02A_1581-Zo_SB_chr02B_1566	411.657043001753	-0.774607368076929	0.144292606356958	-5.36830949023588	7.94780838744097e-08	3.60300646897324e-07
Zo_SA_chr02A_1808-Zo_SB_chr02B_1784	273.812937741582	-0.955981898408849	0.178439308027306	-5.3574624838971	8.43988850968805e-08	3.81502474830986e-07
Zo_SA_chr01A_3164-Zo_SB_chr01B_3168	272.232789014679	-0.929381921522151	0.173594874590965	-5.35374056239863	8.61543634977647e-08	3.87942680932353e-07
Zo_SA_chr02A_810-Zo_SB_chr02B_818	661.801244739718	-0.690799740877587	0.129120254945735	-5.35004938743273	8.79302323778803e-08	3.95559588031653e-07
Zo_SA_chr01A_1035-Zo_SB_chr01B_1072	885.383996101809	-0.703306239166577	0.132350472587013	-5.31396847641925	1.07263182238086e-07	4.77494166092123e-07
Zo_SA_chr01A_1247-Zo_SB_chr01B_1275	610.404406708247	-0.724175158384006	0.136299886951939	-5.31310168026301	1.07774860676995e-07	4.79317200281006e-07
Zo_SA_chr02A_1142-Zo_SB_chr02B_1115	710.483989725173	-0.679247196829011	0.128012410441204	-5.30610426354709	1.11992914579296e-07	4.97134110885577e-07
Zo_SA_chr01A_4145-Zo_SB_chr01B_4170	1207.83140166612	-0.692074244347298	0.131206035277669	-5.27471349075271	1.32963650289746e-07	5.85789152262429e-07
Zo_SA_chr01A_2217-Zo_SB_chr01B_2235	390.269744097846	-0.869128386076952	0.165413843753665	-5.25426630779019	1.48615712888742e-07	6.51078361226869e-07
Zo_SA_chr02A_2620-Zo_SB_chr02B_2566	492.146545207294	-0.735212871032133	0.140340527329323	-5.23877802815207	1.61643316732319e-07	7.06831726102555e-07
Zo_SA_chr01A_610-Zo_SB_chr01B_659	13119.8809332646	-0.346337772949769	0.0662603245425157	-5.2269253937557	1.72352003635726e-07	7.50859425309961e-07
Zo_SA_chr01A_3053-Zo_SB_chr01B_3056	435.830544498516	-0.817670369659228	0.156457398160462	-5.22615344031624	1.73072749758058e-07	7.53299946071252e-07
Zo_SA_chr01A_2396-Zo_SB_chr01B_2404	4611.52811750012	-0.289387770280307	0.0554764216204204	-5.21641017620692	1.82423975268017e-07	7.93265330822556e-07
Zo_SA_chr01A_3459-Zo_SB_chr01B_3476	481.021049036804	-0.686551192658152	0.132435725762756	-5.18403315045092	2.17138312465193e-07	9.3986435616853e-07
Zo_SA_chr02A_3580-Zo_SB_chr02B_3601	409.570464906452	-0.803194695943749	0.155136293062289	-5.1773487691965	2.25061246124618e-07	9.7236405784227e-07
Zo_SA_chr01A_329-Zo_SB_chr01B_389	1074.44774685329	-0.502637441384182	0.0974947522213392	-5.15553329724928	2.52910093416535e-07	1.08469301490894e-06
Zo_SA_chr02A_246-Zo_SB_chr02B_234	1981.2843654914	-0.37606348590564	0.072941658517468	-5.15567500861775	2.52718881082231e-07	1.08469301490894e-06
Zo_SA_chr01A_30-Zo_SB_chr01B_77	599.603414962341	-0.684681976274633	0.132967006099475	-5.14926218435277	2.61513116490006e-07	1.11954337825831e-06
Zo_SA_chr01A_4160-Zo_SB_chr01B_4181	637.982827805337	-0.667987967150281	0.130201302517668	-5.13042461352977	2.89089320601721e-07	1.23534343557675e-06
Zo_SA_chr02A_3717-Zo_SB_chr02B_3737	771.132476210926	-0.621963130218341	0.121303783699704	-5.12731846648786	2.93898136150252e-07	1.25360914074271e-06
Zo_SA_chr01A_2430-Zo_SB_chr01B_2441	1031.72257558566	-0.517917673920824	0.101879841754494	-5.08361286199169	3.70322362200604e-07	1.57102398141522e-06
Zo_SA_chr02A_1102-Zo_SB_chr02B_1063	1000.03313654597	-0.564625761487349	0.112113486055995	-5.0361984213509	4.7486831831197e-07	1.99113686284161e-06
Zo_SA_chr01A_579-Zo_SB_chr01B_630	1604.52758124802	-0.499207345685365	0.0994449514124566	-5.01993654373523	5.16885516068919e-07	2.15767512579659e-06
Zo_SA_chr01A_619-Zo_SB_chr01B_668	676.562633608769	-0.708230206234896	0.141195053073997	-5.01597039567477	5.27664538774366e-07	2.20071290304829e-06
Zo_SA_chr01A_3355-Zo_SB_chr01B_3374	315.251232878375	-0.817831061715411	0.163077960964019	-5.01496987625359	5.30417753325714e-07	2.21023099343184e-06
Zo_SA_chr01A_1397-Zo_SB_chr01B_1422	2357.58270691372	-0.340169787618242	0.0679914543260916	-5.00312562791737	5.64081540729286e-07	2.34842110834233e-06
Zo_SA_chr02A_208-Zo_SB_chr02B_194	442.965505156393	-0.719248384684183	0.144303927968234	-4.98426061446166	6.21991981941804e-07	2.58035930970022e-06
Zo_SA_chr02A_1212-Zo_SB_chr02B_1188	1496.10756499974	-0.393482287659028	0.0790922939616836	-4.97497629604284	6.52556245746994e-07	2.69524111359586e-06
Zo_SA_chr02A_184-Zo_SB_chr02B_168	348.258854123579	-0.79058795096235	0.159248028741456	-4.96450698454732	6.88758077139119e-07	2.83727207896115e-06
Zo_SA_chr02A_89-Zo_SB_chr02B_88	2427.44265364712	-0.345003941856169	0.0695509899735237	-4.96044617032056	7.03314495921866e-07	2.89469439900473e-06
Zo_SA_chr01A_917-Zo_SB_chr01B_952	2011.47951160485	-0.375922320913353	0.0758363767400826	-4.95701847942668	7.15831705253319e-07	2.94363046542381e-06
Zo_SA_chr01A_1032-Zo_SB_chr01B_1068	917.787953306357	-0.512333017699218	0.103836420934451	-4.93403964705831	8.05460787737578e-07	3.30640596331121e-06
Zo_SA_chr02A_2813-Zo_SB_chr02B_2776	3611.74032882264	-0.307624416023971	0.0626207136544176	-4.91250255820535	8.99212096213915e-07	3.67197837722863e-06
Zo_SA_chr02A_1248-Zo_SB_chr02B_1237	1401.77606259516	-0.451818628698928	0.0920591927089447	-4.90791430386971	9.20500567911216e-07	3.74912210472173e-06
Zo_SA_chr02A_889-Zo_SB_chr02B_856	1749.9797520321	-0.385670402748709	0.0786371459357159	-4.90443031927921	9.36988754067992e-07	3.81296724552213e-06
Zo_SA_chr02A_2865-Zo_SB_chr02B_2826	1481.09276588702	-0.400950439944123	0.0819991461601249	-4.88969042630226	1.00994681108109e-06	4.09565292791053e-06
Zo_SA_chr01A_1560-Zo_SB_chr01B_1581	444.966924781952	-0.865546834753023	0.178900795840629	-4.83813853753946	1.31060780647432e-06	5.26938459980936e-06
Zo_SA_chr02A_1527-Zo_SB_chr02B_1512	544.29389166213	-0.625322930248256	0.129448214328738	-4.83068023372055	1.36067380075691e-06	5.46131862545033e-06
Zo_SA_chr01A_2616-Zo_SB_chr01B_2613	395.644321160737	-0.876376230411099	0.181688605346801	-4.82350683873818	1.4105592846372e-06	5.64705133405953e-06
Zo_SA_chr02A_185-Zo_SB_chr02B_176	472.068337868985	-0.661345923853811	0.137236330948892	-4.81902947478318	1.44258243008005e-06	5.76541461834377e-06
Zo_SA_chr01A_2947-Zo_SB_chr01B_2945	417.738969076308	-0.782085618034167	0.162707922584431	-4.80668430652682	1.53454015587897e-06	6.12250205049672e-06
Zo_SA_chr01A_4006-Zo_SB_chr01B_3982	1663.00671868474	-0.376841201101701	0.0783990016837585	-4.80670918007072	1.53434933080613e-06	6.12250205049672e-06
Zo_SA_chr01A_4165-Zo_SB_chr01B_4184	810.656401077454	-0.625233450092161	0.130080603568616	-4.8065079107844	1.53589408508281e-06	6.12269757621798e-06
Zo_SA_chr02A_35-Zo_SB_chr02B_39	253.482898716113	-0.966698218695831	0.201175124418178	-4.80525721801657	1.545526795542e-06	6.15586733844065e-06
Zo_SA_chr01A_2923-Zo_SB_chr01B_2921	679.534628583142	-0.609032421807097	0.126860348367699	-4.8008099429291	1.58025190960639e-06	6.28351013548574e-06
Zo_SA_chr01A_3622-Zo_SB_chr01B_3616	344.349392049372	-0.856255894454076	0.178743991415704	-4.79040379300183	1.66446015237194e-06	6.59598567139284e-06
Zo_SA_chr01A_677-Zo_SB_chr01B_724	1034.46216837243	-0.47719175644056	0.0996179993307508	-4.79021622243379	1.66601687714689e-06	6.5965832806525e-06
Zo_SA_chr02A_2606-Zo_SB_chr02B_2551	963.861265679716	-0.525013188437002	0.110041974428908	-4.77102661199691	1.83289319696287e-06	7.23291411282571e-06
Zo_SA_chr01A_2252-Zo_SB_chr01B_2266	604.538551007044	-0.615047891991368	0.130404982973425	-4.71644470914663	2.40001549487073e-06	9.35288430393145e-06
Zo_SA_chr02A_1613-Zo_SB_chr02B_1595	767.287352918402	-0.639888337115029	0.135848113128016	-4.71032186153395	2.47325893085541e-06	9.62233076581556e-06
Zo_SA_chr02A_3324-Zo_SB_chr02B_3322	643.317455147868	-0.649393123576339	0.137889795972054	-4.70950819093205	2.48315235542576e-06	9.65281760700717e-06
Zo_SA_chr01A_431-Zo_SB_chr01B_484	284.172822208088	-0.910449124263402	0.193643660559469	-4.70167276136467	2.58038807462471e-06	1.00142107908512e-05
Zo_SA_chr02A_2895-Zo_SB_chr02B_2866	3470.51261542118	-0.306654857994438	0.0652909690063185	-4.69674233146642	2.64343573547946e-06	1.02419491914695e-05
Zo_SA_chr01A_1916-Zo_SB_chr01B_1947	253.850571097463	-0.907917717112375	0.193460630575682	-4.69303606842736	2.69180008927963e-06	1.03950008386008e-05
Zo_SA_chr02A_3134-Zo_SB_chr02B_3134	339.370644651845	-0.757056725055417	0.161312170803582	-4.69311597063083	2.69074851737191e-06	1.03950008386008e-05
Zo_SA_chr02A_2146-Zo_SB_chr02B_2105	9082.81423839202	-0.21496825509525	0.0458137089125796	-4.69222554116817	2.7024895421238e-06	1.04191297712776e-05
Zo_SA_chr01A_2140-Zo_SB_chr01B_2160	2279.2687280195	-0.397062726890639	0.0847568344425774	-4.68472813433881	2.80331773647769e-06	1.07724543976686e-05
Zo_SA_chr02A_578-Zo_SB_chr02B_563	813.814054696243	-0.471740207246572	0.101089428084683	-4.66656322213431	3.06279435041789e-06	1.17215588027412e-05
Zo_SA_chr01A_2629-Zo_SB_chr01B_2627	391.037196476892	-0.743445938029519	0.159818933630761	-4.65180139261311	3.29047912244665e-06	1.25112869064179e-05
Zo_SA_chr01A_2519-Zo_SB_chr01B_2525	394.680348379466	-0.770903035930936	0.165750774910754	-4.65097696433707	3.30366233195923e-06	1.25512418312168e-05
Zo_SA_chr02A_2977-Zo_SB_chr02B_2967	431.361450002656	-0.746870100814705	0.160948518647407	-4.64042854877645	3.47687380607242e-06	1.31772955558092e-05
Zo_SA_chr01A_2649-Zo_SB_chr01B_2649	364.314089768095	-0.703202746664844	0.1518773039937	-4.63007130212171	3.65539838093862e-06	1.37649512065522e-05
Zo_SA_chr01A_1596-Zo_SB_chr01B_1618	181.500213404237	-0.991071829095938	0.214585480058641	-4.61854096011111	3.86447703582922e-06	1.4518461779813e-05
Zo_SA_chr02A_2437-Zo_SB_chr02B_2405	528.818240421069	-0.585438383460572	0.126910035345332	-4.61301883548883	3.96862323298252e-06	1.48847163942078e-05
Zo_SA_chr01A_3641-Zo_SB_chr01B_3634	3352.9451120111	-0.289443779427619	0.062839633699065	-4.60607044295877	4.10349431696522e-06	1.53659978732648e-05
Zo_SA_chr02A_109-Zo_SB_chr02B_106	429.634289613963	-0.684212047882536	0.148614367804022	-4.60394279498472	4.14566381516703e-06	1.55115268108164e-05
Zo_SA_chr01A_1066-Zo_SB_chr01B_1092	4986.48355673328	-0.297126596020604	0.0646034675386657	-4.59923603702497	4.24043113200645e-06	1.58534684234058e-05
Zo_SA_chr02A_1321-Zo_SB_chr02B_1304	591.610402111015	-0.566896649400187	0.123491103528397	-4.59058695892073	4.42001256963738e-06	1.64985672050426e-05
Zo_SA_chr01A_3020-Zo_SB_chr01B_3018	403.807591774988	-0.766921052605416	0.167416191266863	-4.5809252187737	4.62923363592913e-06	1.72657903177897e-05
Zo_SA_chr01A_3336-Zo_SB_chr01B_3354	357.260125841439	-0.731705970701084	0.15994196814806	-4.57482160044283	4.76625946897846e-06	1.77627398160818e-05
Zo_SA_chr01A_460-Zo_SB_chr01B_516	312.041737467183	-0.736214892160032	0.16132537312309	-4.56354061303367	5.0298074357226e-06	1.87003617182333e-05
Zo_SA_chr01A_2517-Zo_SB_chr01B_2524	489.583471412033	-0.647654523712521	0.142291070954409	-4.55161746530135	5.32350621017604e-06	1.9776635897186e-05
Zo_SA_chr02A_1922-Zo_SB_chr02B_1878	2312.97802529535	-0.396037745669765	0.0871941077578589	-4.54202417862427	5.5716648952238e-06	2.06494879055214e-05
Zo_SA_chr02A_2850-Zo_SB_chr02B_2811	568.184478995566	-0.641100419842017	0.141832735310803	-4.52011602566326	6.18057488941914e-06	2.2816095500515e-05
Zo_SA_chr01A_3601-Zo_SB_chr01B_3593	567.36834917316	-0.633788529652517	0.140548497039887	-4.50939386048826	6.50131111690008e-06	2.394360420761e-05
Zo_SA_chr02A_1282-Zo_SB_chr02B_1275	645.784837054034	-0.528247526895095	0.117168917303955	-4.50842714134444	6.5309989035983e-06	2.40152404825104e-05
Zo_SA_chr01A_1521-Zo_SB_chr01B_1551	2071.31092506428	-0.328044138204813	0.0728336484602367	-4.50401902334891	6.66802336254763e-06	2.44807242700106e-05
Zo_SA_chr02A_3290-Zo_SB_chr02B_3286	512.985904443685	-0.616628365209814	0.137770199249726	-4.47577464914669	7.61347565682021e-06	2.77779376219288e-05
Zo_SA_chr02A_3579-Zo_SB_chr02B_3600	458.271944777603	-0.593637041336611	0.133050202051959	-4.46175227230984	8.12921710996151e-06	2.95218937151234e-05
Zo_SA_chr02A_2210-Zo_SB_chr02B_2181	586.086175766893	-0.537571887417505	0.120597377055989	-4.45757528514016	8.28919292389385e-06	3.00795771066589e-05
Zo_SA_chr01A_2819-Zo_SB_chr01B_2810	720.662118047853	-0.576587465870574	0.129369701459909	-4.45689724382068	8.31544368434847e-06	3.01515160486577e-05
Zo_SA_chr02A_345-Zo_SB_chr02B_346	2513.01934133112	-0.345912298523459	0.0776457715993455	-4.45500497191755	8.38912505930276e-06	3.03951928789564e-05
Zo_SA_chr01A_626-Zo_SB_chr01B_675	876.773609002671	-0.504641034577097	0.113704179646867	-4.43819247581197	9.07174797192674e-06	3.26917369310908e-05
Zo_SA_chr02A_2527-Zo_SB_chr02B_2475	690.259829611806	-0.515687576581597	0.116287097936093	-4.43460698335595	9.2240405859097e-06	3.31387430544321e-05
Zo_SA_chr01A_3433-Zo_SB_chr01B_3449	309.518027527437	-0.72457919027193	0.163593602157193	-4.42914136443857	9.46089968082809e-06	3.39377227082916e-05
Zo_SA_chr01A_476-Zo_SB_chr01B_537	783.425468957655	-0.493753475953419	0.111821793076219	-4.41553888888966	1.00758662880551e-05	3.60885226134002e-05
Zo_SA_chr01A_895-Zo_SB_chr01B_934	285.28988851307	-0.788424587454852	0.17860683381343	-4.41430246884299	1.01336194573652e-05	3.62676906895177e-05
Zo_SA_chr01A_3986-Zo_SB_chr01B_3961	1980.87630640674	-0.326085641391526	0.0743126291550176	-4.38802455382523	1.1438486467202e-05	4.06278414111368e-05
Zo_SA_chr01A_1027-Zo_SB_chr01B_1063	263.765858519929	-0.907641897766496	0.207013461434026	-4.38445834139997	1.16274730343636e-05	4.12678543700712e-05
Zo_SA_chr02A_3656-Zo_SB_chr02B_3677	365.028164810661	-0.651182880440862	0.148532035303583	-4.38412413261499	1.16453359192126e-05	4.13000121942143e-05
Zo_SA_chr02A_1752-Zo_SB_chr02B_1721	331.248636796455	-0.816745567187971	0.18690034531165	-4.36995215726368	1.24273761189379e-05	4.39406546722355e-05
Zo_SA_chr01A_4202-Zo_SB_chr01B_4225	415.927626151572	-0.622406405547378	0.142436825419875	-4.36970147089877	1.24416505999266e-05	4.39580004629938e-05
Zo_SA_chr02A_2152-Zo_SB_chr02B_2114	315.953525755277	-0.734093287656473	0.168614420035844	-4.35368035248954	1.33870863296242e-05	4.72627607664387e-05
Zo_SA_chr02A_3529-Zo_SB_chr02B_3561	390.929435616779	-0.781180517198489	0.180464308277599	-4.32872585529122	1.49974479761348e-05	5.26706780718748e-05
Zo_SA_chr02A_1389-Zo_SB_chr02B_1371	627.389477812157	-0.520103249541878	0.120401189339408	-4.31975175989101	1.56204813587197e-05	5.46542121812922e-05
Zo_SA_chr02A_1176-Zo_SB_chr02B_1150	768.698022532265	-0.525557543912414	0.121675136357295	-4.31935035905062	1.56489175847622e-05	5.47129070847273e-05
Zo_SA_chr02A_1944-Zo_SB_chr02B_1902	614.072852999005	-0.596720899419019	0.138223725474008	-4.31706566562792	1.5811713061713e-05	5.52409215826934e-05
Zo_SA_chr01A_231-Zo_SB_chr01B_291	1041.8996916519	-0.430180103727007	0.0998045394723537	-4.31022582741508	1.63087914778183e-05	5.68083516064761e-05
Zo_SA_chr01A_913-Zo_SB_chr01B_947	376.601387545309	-0.713500495288487	0.166134039241863	-4.29472791093551	1.74907716637964e-05	6.07901486270613e-05
Zo_SA_chr01A_3743-Zo_SB_chr01B_3733	726.705107694451	-0.485163697089588	0.113016847627856	-4.29284400753369	1.76398942589465e-05	6.12630524522405e-05
Zo_SA_chr02A_3319-Zo_SB_chr02B_3316	1518.04785758106	-0.375026063831416	0.0879199322987078	-4.26554086230714	1.99418509952937e-05	6.88500109418089e-05
Zo_SA_chr02A_2665-Zo_SB_chr02B_2611	3750.14797680358	-0.289328790177772	0.0681245802005971	-4.24705428386973	2.1659949402466e-05	7.45623496671829e-05
Zo_SA_chr02A_1114-Zo_SB_chr02B_1091	534.180726547101	-0.666756569729712	0.157174203030532	-4.24215015488381	2.21388484209312e-05	7.60992503963436e-05
Zo_SA_chr01A_2661-Zo_SB_chr01B_2658	1415.2031649465	-0.38217604729152	0.0901210050395373	-4.24069890392205	2.22824877636824e-05	7.6480930934307e-05
Zo_SA_chr02A_695-Zo_SB_chr02B_666	3863.11887620618	-0.290352519384944	0.0692908091149932	-4.19034678759607	2.78528435069645e-05	9.46310946666744e-05
Zo_SA_chr01A_3829-Zo_SB_chr01B_3815	527.64998968698	-0.544017310422681	0.129939468731884	-4.1866979735403	2.83042059749506e-05	9.60950321522923e-05
Zo_SA_chr01A_1759-Zo_SB_chr01B_1791	496.147198840578	-0.544700688136762	0.13048314050688	-4.17449094205424	2.98653101184381e-05	0.000101248580257017
Zo_SA_chr02A_154-Zo_SB_chr02B_147	928.805136680269	-0.490410710907203	0.117553200861768	-4.17181928958178	3.02177251195094e-05	0.000102295502352625
Zo_SA_chr02A_979-Zo_SB_chr02B_951	2372.90099694965	-0.31256858557251	0.0749342349634941	-4.17123876322731	3.02948227191708e-05	0.000102482558181939
Zo_SA_chr01A_3045-Zo_SB_chr01B_3048	946.738289504202	-0.446629053602174	0.107269075841324	-4.16363290257896	3.13223567174899e-05	0.000105653844513632
Zo_SA_chr02A_2235-Zo_SB_chr02B_2205	2644.52234612752	-0.314076379280372	0.0756326477371826	-4.15265614357125	3.28638367117719e-05	0.000110535571219809
Zo_SA_chr01A_1597-Zo_SB_chr01B_1619	1151.72601430653	-0.376570851313683	0.0907647801365103	-4.14886535005451	3.34127260777769e-05	0.000112140565634427
Zo_SA_chr02A_335-Zo_SB_chr02B_335	621.798272752412	-0.505545285201499	0.122615533729289	-4.12301174105431	3.73950629729688e-05	0.000125058899122715
Zo_SA_chr02A_359-Zo_SB_chr02B_359	238.423718680505	-0.760879633159997	0.184651837425841	-4.12061771909297	3.77857940222199e-05	0.000126275602245196
Zo_SA_chr01A_1071-Zo_SB_chr01B_1097	334.277787720585	-0.683650564863116	0.165925310014885	-4.12023075202803	3.7849314076497e-05	0.000126346599023285
Zo_SA_chr01A_4191-Zo_SB_chr01B_4215	364.955141670695	-0.667860909644997	0.16245874124373	-4.11095706227978	3.94022476419655e-05	0.000131117266621349
Zo_SA_chr01A_3682-Zo_SB_chr01B_3675	145.225778161713	-0.984228389076223	0.239562108457221	-4.10844768154134	3.98327412975603e-05	0.000132455862628032
Zo_SA_chr01A_1646-Zo_SB_chr01B_1663	1585.00041997481	-0.352895797982522	0.0859666778410242	-4.10503007496838	4.04262282875386e-05	0.000134239110491954
Zo_SA_chr01A_2214-Zo_SB_chr01B_2232	1309.98209161528	-0.448748768959277	0.10983522820832	-4.08565426848437	4.39527853868368e-05	0.000144742375931931
Zo_SA_chr02A_3764-Zo_SB_chr02B_3769	438.655069119166	-0.625201700279685	0.153032502361047	-4.08541774220391	4.39975859657555e-05	0.000144766250597002
Zo_SA_chr01A_3628-Zo_SB_chr01B_3621	1066.43191588224	-0.411772416957111	0.100828775709018	-4.08387798087963	4.42902935481884e-05	0.000145627230082761
Zo_SA_chr02A_3178-Zo_SB_chr02B_3183	793.836669203464	-0.497492587890991	0.121888595574026	-4.08153515550887	4.4739208724123e-05	0.000147000257236404
Zo_SA_chr02A_1336-Zo_SB_chr02B_1317	786.223784094527	-0.474135861824421	0.11647877388088	-4.07057737669277	4.68967608397617e-05	0.000153766318560561
Zo_SA_chr01A_3613-Zo_SB_chr01B_3606	259.529188507843	-0.766740332403884	0.188701634239265	-4.0632416115257	4.83958895453861e-05	0.000158460232900873
Zo_SA_chr01A_3617-Zo_SB_chr01B_3612	1567.76033618815	-0.534620161834067	0.131644479044881	-4.06109064134622	4.88440020650529e-05	0.000159815939811177
Zo_SA_chr02A_2842-Zo_SB_chr02B_2803	545.623057892828	-0.535140494246553	0.132365265355564	-4.04290727487337	5.27925022091815e-05	0.00017225481249338
Zo_SA_chr01A_502-Zo_SB_chr01B_561	1238.16303273677	-0.356673702657593	0.0887092901764262	-4.02070292692272	5.80247408750364e-05	0.000187760058059083
Zo_SA_chr02A_1448-Zo_SB_chr02B_1442	292.101466096326	-0.803802687074682	0.199979277247921	-4.01942990362036	5.83391351534433e-05	0.000188517370619804
Zo_SA_chr02A_2884-Zo_SB_chr02B_2856	401.755435203588	-0.632902075104753	0.158029094742618	-4.00497184480847	6.20248682806096e-05	0.000200014214414172
Zo_SA_chr01A_2313-Zo_SB_chr01B_2333	791.272517452736	-0.486456447573967	0.121511505821675	-4.00337765781513	6.24444997876457e-05	0.000201229116073924
Zo_SA_chr01A_368-Zo_SB_chr01B_422	753.640141497866	-0.445623264658138	0.111936778341378	-3.98102635488672	6.86183398814433e-05	0.000220216997759051
Zo_SA_chr01A_3059-Zo_SB_chr01B_3064	547.892434021953	-0.620407777272133	0.155936368173006	-3.97859578583883	6.93234825760907e-05	0.000222327942752575
Zo_SA_chr01A_2297-Zo_SB_chr01B_2314	5961.79562543891	-0.198158932982969	0.0499021930106507	-3.97094638587678	7.15876896552354e-05	0.000229432677501615
Zo_SA_chr02A_1956-Zo_SB_chr02B_1915	1041.06970653251	-0.383506350892052	0.0967248761053411	-3.96491953604968	7.34207093392176e-05	0.000234666190885292
Zo_SA_chr01A_4129-Zo_SB_chr01B_4152	498.987426705523	-0.5916500193662	0.149235432730134	-3.96454118531015	7.35372502346825e-05	0.000234878678081096
Zo_SA_chr01A_4185-Zo_SB_chr01B_4210	190.811492300255	-0.861963737519433	0.217819248647067	-3.95724318614318	7.58197318835174e-05	0.000241839688645455
Zo_SA_chr02A_1094-Zo_SB_chr02B_1072	318.942665714942	-0.660834196378585	0.167479779727443	-3.94575510819294	7.95488856339432e-05	0.000253046353487771
Zo_SA_chr01A_784-Zo_SB_chr01B_826	600.923454896545	-0.502958460858632	0.127593112721933	-3.94189349353631	8.08408751772058e-05	0.000256807979912965
Zo_SA_chr02A_891-Zo_SB_chr02B_857	292.112695369314	-0.722555783160177	0.183954042878933	-3.92791466744614	8.56856004854472e-05	0.000271830180850384
Zo_SA_chr01A_2303-Zo_SB_chr01B_2324	455.096763969597	-0.542957510471812	0.138359461074958	-3.92425285740061	8.69993203413555e-05	0.000275811358811919
Zo_SA_chr01A_2171-Zo_SB_chr01B_2189	310.628991603351	-0.783921255564609	0.199992990789812	-3.91974364935865	8.86432055976633e-05	0.000280643671163452
Zo_SA_chr01A_630-Zo_SB_chr01B_680	507.028657940783	-0.706846818312216	0.180524521194668	-3.91551692609112	9.02107152049469e-05	0.000285029411273812
Zo_SA_chr02A_47-Zo_SB_chr02B_51	491.985122533632	-0.547891048779858	0.139969244500752	-3.91436740788376	9.06415293646615e-05	0.000286197884104301
Zo_SA_chr02A_554-Zo_SB_chr02B_538	1361.65168774481	-0.341644372521359	0.087607263458937	-3.8997265641278	9.6301385044966e-05	0.000302440494398247
Zo_SA_chr01A_2388-Zo_SB_chr01B_2396	349.062127455086	-0.626271510854831	0.160982630880831	-3.89030485728884	0.000100118362671317	0.000313588356244205
Zo_SA_chr01A_2608-Zo_SB_chr01B_2604	361.427219045739	-0.729607961936159	0.187901821866601	-3.88292116962089	0.000103209035492177	0.000323053231840757
Zo_SA_chr01A_487-Zo_SB_chr01B_547	622.834289816456	-0.471107864703293	0.121515647609249	-3.87693168717009	0.000105782042853857	0.000330886230046865
Zo_SA_chr02A_107-Zo_SB_chr02B_104	2287.56721775097	-0.274465356379577	0.0713095955897982	-3.84892599810007	0.000118636837844597	0.000368882732383597
Zo_SA_chr01A_2970-Zo_SB_chr01B_2966	450.095371215318	-0.627683475217651	0.16323520377996	-3.84527026451822	0.00012041964000595	0.000373683168589893
Zo_SA_chr01A_3374-Zo_SB_chr01B_3391	386.596739601618	-0.756607448915254	0.196842725721619	-3.84371556602642	0.000121185454018069	0.000375811070887495
Zo_SA_chr01A_1717-Zo_SB_chr01B_1745	620.022265117695	-0.492089373962557	0.128107718709234	-3.84121564977246	0.000122426499021685	0.000379408938843955
Zo_SA_chr01A_898-Zo_SB_chr01B_936	489.188834146506	-0.590150510996049	0.153673131353283	-3.84029729725059	0.000122885402817454	0.000380579742587126
Zo_SA_chr01A_3939-Zo_SB_chr01B_3927	637.537653633749	-0.450606797617711	0.117450415068737	-3.83657049959334	0.000124764391703821	0.000385889601762907
Zo_SA_chr01A_1190-Zo_SB_chr01B_1205	661.605764869092	-0.48072151560066	0.125535743474963	-3.82935968907164	0.000128477109778197	0.000396327810045562
Zo_SA_chr01A_2590-Zo_SB_chr01B_2589	366.99161215059	-0.575352945203906	0.15032575606187	-3.82737436535565	0.000129517453440966	0.000399274567375172
Zo_SA_chr01A_561-Zo_SB_chr01B_614	218.830696425522	-0.793098585118057	0.209349039135844	-3.7884032732695	0.000151618600747738	0.000463147444471605
Zo_SA_chr01A_893-Zo_SB_chr01B_932	307.49647282466	-0.684313298174021	0.180768394157887	-3.78558044597292	0.000153350214283663	0.000468132209120981
Zo_SA_chr02A_1393-Zo_SB_chr02B_1375	187.732251420292	-0.804605577208085	0.212922901439869	-3.77885878769744	0.000157548730788822	0.000480012107052695
Zo_SA_chr01A_3942-Zo_SB_chr01B_3930	788.849764272057	-0.402756300910529	0.107024187939194	-3.7632268804446	0.000167734898186577	0.000509392972356905
Zo_SA_chr02A_3387-Zo_SB_chr02B_3410	539.884361560739	-0.668995600804871	0.177846890617783	-3.76163788121903	0.000168804323057786	0.00051197794685658
Zo_SA_chr01A_2229-Zo_SB_chr01B_2244	1259.72491412903	-0.344023854366628	0.0915780482409527	-3.75661920050382	0.000172224256559436	0.000521676056666799
Zo_SA_chr02A_1718-Zo_SB_chr02B_1693	1745.48288964733	-0.357314405125997	0.0955718821293726	-3.73869800578282	0.000184975771171036	0.00055885789976465
Zo_SA_chr01A_1211-Zo_SB_chr01B_1245	1313.59520842547	-0.335698886855972	0.0899480531791679	-3.73214177506757	0.000189858587151287	0.000573104442857375
Zo_SA_chr02A_3476-Zo_SB_chr02B_3504	267.109927158016	-0.665462943750116	0.178620849627059	-3.72556140640653	0.00019488100211668	0.000587648882989371
Zo_SA_chr01A_3599-Zo_SB_chr01B_3592	267.828078187328	-0.689305424537669	0.185095573778213	-3.72405136690959	0.00019605100901858	0.000590418057968664
Zo_SA_chr02A_3596-Zo_SB_chr02B_3616	161.101506390611	-0.865722133506204	0.23270721510369	-3.72022041998334	0.000199048980820562	0.000599062102636354
Zo_SA_chr02A_3430-Zo_SB_chr02B_3463	172.424938937376	-0.886136519837678	0.239212673849333	-3.7043878385633	0.000211901841063557	0.000637335537352698
Zo_SA_chr02A_3375-Zo_SB_chr02B_3396	1994.83291822112	-0.27576004242563	0.0744881845020154	-3.70206421688488	0.00021385247090708	0.000642378869075556
Zo_SA_chr01A_558-Zo_SB_chr01B_611	278.728760630443	-0.658877998329852	0.178071055681374	-3.70008475441845	0.000215527474234001	0.000646996103074814
Zo_SA_chr01A_1557-Zo_SB_chr01B_1579	1078.35250679763	-0.348918335280927	0.0947149703045215	-3.68387736552212	0.000229712790062742	0.000687380364141827
Zo_SA_chr01A_791-Zo_SB_chr01B_834	2284.58752913486	-0.275754778191926	0.075022913063801	-3.6756074501855	0.00023728414348772	0.000708229771783958
Zo_SA_chr01A_2249-Zo_SB_chr01B_2263	313.838974287406	-0.663673145090638	0.182182443839001	-3.64290395444	0.000269579446714476	0.00079700584140537
Zo_SA_chr02A_144-Zo_SB_chr02B_134	619.717478572929	-0.528897134478279	0.145904823512595	-3.62494619262964	0.000289021620891061	0.000850212818320289
Zo_SA_chr01A_3846-Zo_SB_chr01B_3835	338.897583463437	-0.571585688490224	0.158374415382213	-3.60907844307294	0.000307286688257099	0.00089999322178671
Zo_SA_chr02A_3179-Zo_SB_chr02B_3185	143.832607726818	-0.954461977089775	0.264818422438479	-3.60421291049534	0.000313100319839105	0.00091644834727703
Zo_SA_chr01A_1335-Zo_SB_chr01B_1360	2687.03330380883	-0.247451452961852	0.0687659502818319	-3.59845900402295	0.000320108297108992	0.00093579322743638
Zo_SA_chr01A_1544-Zo_SB_chr01B_1568	320.881730942642	-0.755047542596237	0.210937579836694	-3.57948329160118	0.000344274258374191	0.00100144750173075
Zo_SA_chr01A_2168-Zo_SB_chr01B_2185	585.322012998026	-0.482604821088178	0.134987432017319	-3.57518336245006	0.000349982520919692	0.00101616212138317
Zo_SA_chr01A_381-Zo_SB_chr01B_438	342.873008735355	-0.641106716838876	0.179629296073358	-3.56905432940658	0.000358272129932017	0.00103958740484912
Zo_SA_chr02A_656-Zo_SB_chr02B_632	431.152339254022	-0.606750892445978	0.170029614233807	-3.56850125891386	0.00035902912903656	0.00104114009483284
Zo_SA_chr02A_210-Zo_SB_chr02B_196	307.712760321758	-0.612042744780796	0.171634227543162	-3.56597138893454	0.00036251092230349	0.00104929133093644
Zo_SA_chr01A_2807-Zo_SB_chr01B_2800	1154.09983928743	-0.412443145285853	0.116113806376813	-3.55205946782411	0.000382228464422385	0.00110364058773528
Zo_SA_chr02A_3715-Zo_SB_chr02B_3730	1756.42326175046	-0.278775062971272	0.0785314811785613	-3.54985107612329	0.000385449133503288	0.00111225543320875
Zo_SA_chr01A_2281-Zo_SB_chr01B_2296	223.746766997689	-0.785273412924173	0.222355371299548	-3.53161431781328	0.00041303128884718	0.00118311526695419
Zo_SA_chr01A_4249-Zo_SB_chr01B_4270	573.578460081511	-0.526208749532449	0.149680055060774	-3.51555689446262	0.000438832722519847	0.00125396049577535
Zo_SA_chr01A_49-Zo_SB_chr01B_104	283.24082427117	-0.605936027169897	0.17346131122647	-3.49320561966001	0.000477258867471277	0.00135632865304375
Zo_SA_chr02A_3225-Zo_SB_chr02B_3229	164.384477947578	-0.784881827266055	0.224840729566553	-3.49083472900638	0.000481514016504993	0.00136593939869494
Zo_SA_chr01A_2643-Zo_SB_chr01B_2642	247.649146680355	-0.674659466265988	0.193524167459876	-3.48617681771382	0.000489977026363199	0.0013882682413624
Zo_SA_chr01A_3362-Zo_SB_chr01B_3381	128.657220699683	-0.93966593472866	0.269892896421552	-3.48162529354227	0.00049838056108019	0.00140867565818569
Zo_SA_chr01A_2635-Zo_SB_chr01B_2633	3043.60908472608	-0.317637475968198	0.0914443688889555	-3.4735597153491	0.000513603060878943	0.00144908332029104
Zo_SA_chr01A_2083-Zo_SB_chr01B_2105	241.819601305749	-0.652643933019044	0.187964978344205	-3.47215709420034	0.000516294119938226	0.00145518418164594
Zo_SA_chr01A_1274-Zo_SB_chr01B_1296	544.567347438771	-0.615349358876554	0.177588552728089	-3.46502828827449	0.00053017570858371	0.00149046400519758
Zo_SA_chr02A_2279-Zo_SB_chr02B_2251	768.059912436361	-0.385311279894387	0.11155578286059	-3.45397853893334	0.000552381331332506	0.00154917705117282
Zo_SA_chr02A_2782-Zo_SB_chr02B_2745	1876.19789776738	-0.29691739319624	0.0862158354203332	-3.44388466165943	0.000573420263122327	0.0016033896749523
Zo_SA_chr01A_54-Zo_SB_chr01B_110	196.94857934898	-0.732964680736475	0.213015452911629	-3.44089910247287	0.000579784689347545	0.0016182925415935
Zo_SA_chr01A_525-Zo_SB_chr01B_582	9303.16341117976	-0.170322403513315	0.0495416979975844	-3.43796055439238	0.000586113071754824	0.00163498366984164
Zo_SA_chr01A_98-Zo_SB_chr01B_162	798.944533821441	-0.382119121494477	0.111859817263443	-3.41605351092736	0.000635357605246473	0.00176710010896055
Zo_SA_chr01A_120-Zo_SB_chr01B_186	281.169946779101	-0.757174191949255	0.221936220231305	-3.41167471970153	0.000645651089000694	0.00179360266997706
Zo_SA_chr02A_1041-Zo_SB_chr02B_1018	1134.42938988534	-0.332012825514319	0.0974228233547011	-3.40795733568009	0.000654511273379663	0.00181714017437715
Zo_SA_chr02A_1884-Zo_SB_chr02B_1847	1792.42081900504	-0.266221971877361	0.0782776648167933	-3.40099532223459	0.000671409767248763	0.0018607528812352
Zo_SA_chr01A_889-Zo_SB_chr01B_929	146.552861786102	-0.835592230551374	0.246023117557142	-3.39639721197053	0.000682791964272794	0.00188902479508025
Zo_SA_chr01A_47-Zo_SB_chr01B_102	117.999557873502	-0.909044720983967	0.26788943039078	-3.39335792255003	0.000690413629456217	0.00190666318387791
Zo_SA_chr02A_1004-Zo_SB_chr02B_977	2067.2699395245	-0.279486677276034	0.0826824654305	-3.38024121342826	0.000724222399902948	0.00198949151074042
Zo_SA_chr02A_229-Zo_SB_chr02B_214	644.14814484537	-0.389232588616183	0.115172310147439	-3.37956743350813	0.000725999949448822	0.00199238748233837
Zo_SA_chr02A_3292-Zo_SB_chr02B_3288	699.919283664949	-0.415398126143479	0.123032764774847	-3.37632115236676	0.000734621153460457	0.00201334255375962
Zo_SA_chr01A_3310-Zo_SB_chr01B_3317	393.997675396693	-0.671566975469666	0.199238541838744	-3.37066799059996	0.000749861707902379	0.00205391192847517
Zo_SA_chr01A_1286-Zo_SB_chr01B_1314	1396.54016638118	-0.278395334961226	0.0831116730278242	-3.34965384306516	0.000809126089055222	0.00220593818120111
Zo_SA_chr01A_2393-Zo_SB_chr01B_2400	156.538176395574	-0.831603739375688	0.24910331449876	-3.33838889718919	0.000842657212720579	0.00228804840398435
Zo_SA_chr02A_580-Zo_SB_chr02B_565	175.852734945273	-0.802368726581477	0.240722906740562	-3.33316316858132	0.000858645698326146	0.00232876625233889
Zo_SA_chr02A_3032-Zo_SB_chr02B_3027	117.178911915031	-0.926560788696374	0.278122104474813	-3.3314892048801	0.00086382650351823	0.00234011198297202
Zo_SA_chr01A_1445-Zo_SB_chr01B_1474	267.287822294652	-0.612538931486429	0.184038141871294	-3.32832599404749	0.000873695650454849	0.00236150693252152
Zo_SA_chr02A_671-Zo_SB_chr02B_645	517.410002419429	-0.444500412808	0.133820222497111	-3.32162362693424	0.000894953256581453	0.0024160648330726
Zo_SA_chr02A_685-Zo_SB_chr02B_660	428.395345681514	-0.576488492225509	0.173586897568103	-3.32103690026107	0.000896836791918289	0.00241975746272606
Zo_SA_chr02A_858-Zo_SB_chr02B_767	778.690017345189	-0.361241604539603	0.108938358523177	-3.31601842947493	0.000913098070996069	0.00246080192367235
Zo_SA_chr02A_332-Zo_SB_chr02B_331	2796.58957676162	-0.297646571724953	0.0898049571298556	-3.31436683717318	0.000918509178671027	0.00247396387274653
Zo_SA_chr01A_2071-Zo_SB_chr01B_2095	925.631963404882	-0.329852288626461	0.0995338130522911	-3.31397219207477	0.000919806544342932	0.00247503707950409
Zo_SA_chr01A_3495-Zo_SB_chr01B_3509	391.303522226174	-0.485748385857386	0.146589829092368	-3.31365681278823	0.000920844550181125	0.00247599004552999
Zo_SA_chr02A_3025-Zo_SB_chr02B_3022	574.961249785025	-0.418045687329539	0.12618622234485	-3.3129265585515	0.000923252199090117	0.0024810419920566
Zo_SA_chr01A_1282-Zo_SB_chr01B_1307	8487.59929464629	-0.178788504458453	0.0540134777390197	-3.31007207723814	0.00093271949755611	0.00249932603228628
Zo_SA_chr02A_1629-Zo_SB_chr02B_1611	313.753168073007	-0.543241316116703	0.164336032230068	-3.30567379986497	0.000947483223304613	0.00253599046420151
Zo_SA_chr01A_3114-Zo_SB_chr01B_3123	360.318627218184	-0.58340940228275	0.178082655457569	-3.27605965209654	0.00105266324649958	0.00278887405566124
Zo_SA_chr02A_593-Zo_SB_chr02B_577	3573.8609748769	-0.204392591951864	0.0624950783267229	-3.27053901562143	0.00107342733863512	0.00283907614029087
Zo_SA_chr01A_1986-Zo_SB_chr01B_2017	1197.8577683083	-0.427177432346194	0.131016870051511	-3.26047654915161	0.00111225164360599	0.00293844859898609
Zo_SA_chr01A_2215-Zo_SB_chr01B_2233	356.204613511119	-0.668171109266874	0.204942455619251	-3.26028644112777	0.00111299748476282	0.00293876432105074
Zo_SA_chr02A_2310-Zo_SB_chr02B_2280	898.654929613692	-0.322628566884204	0.0990560412568715	-3.25703069485248	0.00112584257766471	0.00296767043505776
Zo_SA_chr01A_729-Zo_SB_chr01B_772	390.323023939025	-0.503646657484595	0.154899581756152	-3.25143975067314	0.00114822108831051	0.00302156665527365
Zo_SA_chr02A_2158-Zo_SB_chr02B_2123	1292.32095169952	-0.315445490262472	0.0972683395734864	-3.24304384803601	0.00118260009521145	0.0031050697519486
Zo_SA_chr02A_130-Zo_SB_chr02B_124	644.12155640473	-0.411422825648299	0.127362194527836	-3.23033712769748	0.00123644329058861	0.00324100107231384
Zo_SA_chr02A_2658-Zo_SB_chr02B_2607	366.361057173875	-0.532594822240729	0.16492152503331	-3.22938332114718	0.00124057491786761	0.00325001536272185
Zo_SA_chr02A_1191-Zo_SB_chr02B_1164	2679.63582086788	-0.198636983340992	0.0615445835897843	-3.22752989385671	0.00124863993435923	0.00326567367447798
Zo_SA_chr01A_4113-Zo_SB_chr01B_4133	1099.84694796716	-0.32890655157436	0.102380233029896	-3.21259819244909	0.00131540175043196	0.00342310871493443
Zo_SA_chr02A_1198-Zo_SB_chr02B_1170	586.8862412936	-0.396309533916541	0.123708144678814	-3.20358481606436	0.00135728054356632	0.00352817745729262
Zo_SA_chr01A_823-Zo_SB_chr01B_871	404.007370779655	-0.483397098519353	0.150913806926751	-3.2031336851371	0.0013594086042406	0.00352979810243325
Zo_SA_chr01A_2804-Zo_SB_chr01B_2795	1865.66420646686	-0.230045769847974	0.07192233861236	-3.19853016860105	0.00138130079646551	0.00358267735600672
Zo_SA_chr01A_1160-Zo_SB_chr01B_1180	1175.30739334843	-0.319262410333752	0.0999907550843108	-3.19291928603353	0.00140842308302468	0.00364496475761269
Zo_SA_chr01A_3742-Zo_SB_chr01B_3732	478.569402187213	-0.523312606499353	0.164191285655824	-3.18721303879863	0.00143650924213777	0.00370742649291002
Zo_SA_chr02A_317-Zo_SB_chr02B_316	246.651343930842	-0.595108765389031	0.186704838571464	-3.18743086650775	0.00143542768426588	0.00370742649291002
Zo_SA_chr01A_897-Zo_SB_chr01B_935	171.538537176232	-0.828597454349856	0.26004891265053	-3.18631385882154	0.00144098180471506	0.00371521571826573
Zo_SA_chr02A_783-Zo_SB_chr02B_743	1402.9994584972	-0.292774251392979	0.0918856856775073	-3.18628793194768	0.00144111095636054	0.00371521571826573
Zo_SA_chr02A_119-Zo_SB_chr02B_114	2370.37646722591	-0.227320305180314	0.0714247532361625	-3.1826544003406	0.00145931685641934	0.00375802123508207
Zo_SA_chr01A_26-Zo_SB_chr01B_73	836.644755769731	-0.380305085001002	0.119686429004462	-3.17751217213462	0.00148544454459337	0.0038211106377369
Zo_SA_chr01A_1971-Zo_SB_chr01B_2004	273.158023578977	-0.64851570966475	0.204400965392847	-3.1727624594059	0.00150996010694411	0.00387991939856612
Zo_SA_chr01A_3718-Zo_SB_chr01B_3708	793.830324733895	-0.346160339332262	0.109246156754983	-3.16862715920185	0.00153160733727067	0.00393338895811383
Zo_SA_chr01A_286-Zo_SB_chr01B_341	484.335595435013	-0.41539234568109	0.131209857990435	-3.1658623219558	0.00154623960122807	0.00396662449915915
Zo_SA_chr02A_2676-Zo_SB_chr02B_2623	173.223190137411	-0.788300731288309	0.250127789199165	-3.15159196749876	0.00162383016222375	0.0041565799897184
Zo_SA_chr02A_2920-Zo_SB_chr02B_2892	386.842522416678	-0.452650136442121	0.143988594404414	-3.14365271995631	0.00166853325163616	0.00425014007420024
Zo_SA_chr01A_997-Zo_SB_chr01B_1027	884.195873508798	-0.320623166761063	0.102035654711148	-3.14226598210904	0.0016764566643644	0.00426337922449744
Zo_SA_chr02A_3388-Zo_SB_chr02B_3411	921.898776642453	-0.353137217053824	0.112373427106747	-3.14253312500977	0.00167492760168383	0.00426337922449744
Zo_SA_chr02A_1883-Zo_SB_chr02B_1846	481.644533855072	-0.452990848496157	0.144401920620179	-3.13701401304531	0.00170677969512451	0.00433344714801092
Zo_SA_chr02A_165-Zo_SB_chr02B_158	226.763847406633	-0.617339601155038	0.197385089583714	-3.12758984205448	0.00176245945044409	0.00446515104831731
Zo_SA_chr02A_945-Zo_SB_chr02B_918	110.737973091078	-0.908582949702638	0.290571441150796	-3.12688317235938	0.00176670116731017	0.00447348185484042
Zo_SA_chr02A_29-Zo_SB_chr02B_31	191.579160317004	-0.715310763582109	0.228898641249711	-3.12501096414005	0.00177798432643145	0.00449962376462588
Zo_SA_chr01A_3891-Zo_SB_chr01B_3879	2481.94103874123	-0.213576993005658	0.0684278257915762	-3.12120092279697	0.0018011509799019	0.00455564520915954
Zo_SA_chr02A_702-Zo_SB_chr02B_675	13149.3996527875	-0.157208628368057	0.0504083544174016	-3.11870185379006	0.001816496692597	0.00458719186311364
Zo_SA_chr01A_2726-Zo_SB_chr01B_2715	117.582650322852	-0.823133029607263	0.264593900910972	-3.11092971823347	0.00186499321591645	0.0047071265030016
Zo_SA_chr01A_2302-Zo_SB_chr01B_2323	578.326540775012	-0.410386979381823	0.13200091454551	-3.10897072792881	0.00187740317506969	0.00473590091259514
Zo_SA_chr02A_1149-Zo_SB_chr02B_1122	243.009977649036	-0.631651097613007	0.20353728020699	-3.10336807571881	0.00191331516264733	0.00481871966888957
Zo_SA_chr01A_2206-Zo_SB_chr01B_2223	217.841264051286	-0.763783506319066	0.246253970727665	-3.10160889614138	0.00192472065685192	0.00484224628522745
Zo_SA_chr02A_1373-Zo_SB_chr02B_1355	988.399644383125	-0.34089336949586	0.110009617333841	-3.09875970626611	0.00194332565361616	0.0048864329939802
Zo_SA_chr01A_3123-Zo_SB_chr01B_3132	466.675543223696	-0.440025930585495	0.142156290209582	-3.09536728861426	0.00196569316970048	0.0049400280408327
Zo_SA_chr02A_2448-Zo_SB_chr02B_2415	528.503376665995	-0.40987593190956	0.132585542108359	-3.09140744452045	0.00199210075997753	0.00500103625779272
Zo_SA_chr01A_3584-Zo_SB_chr01B_3579	3834.17469229276	-0.173434032113542	0.0563176883235729	-3.07956589263887	0.0020730250807672	0.00517925116025543
Zo_SA_chr01A_1985-Zo_SB_chr01B_2015	99.1980433888953	-0.96180269742575	0.312336089382298	-3.07938381161105	0.00207429262046085	0.005179659912295
Zo_SA_chr01A_2250-Zo_SB_chr01B_2264	256.07023217395	-0.616748509978693	0.200886740501295	-3.07013050458011	0.00213965254534529	0.00533151871628258
Zo_SA_chr01A_2938-Zo_SB_chr01B_2937	324.286558115438	-0.566786484422746	0.185010805081147	-3.06353179844901	0.00218740956713457	0.00544762510031602
Zo_SA_chr02A_282-Zo_SB_chr02B_281	649.684203374753	-0.373365699666355	0.122058964143343	-3.05889618420719	0.00222154119930349	0.00552676103241357
Zo_SA_chr01A_3513-Zo_SB_chr01B_3522	254.570767359441	-0.554623898677191	0.181674757580221	-3.05283962430658	0.00226687053056997	0.00563654294087669
Zo_SA_chr01A_4077-Zo_SB_chr01B_4101	282.96682554753	-0.558122340544531	0.183162925151096	-3.04713598608519	0.00231033164554981	0.00572640046535641
Zo_SA_chr02A_597-Zo_SB_chr02B_582	282.697239712515	-0.600008264017261	0.197006254918488	-3.04563052713995	0.00232192969616903	0.0057521088354937
Zo_SA_chr01A_130-Zo_SB_chr01B_196	512.479006651466	-0.439862936902873	0.145201222778507	-3.02933355853242	0.00245093912498768	0.00606141110769835
Zo_SA_chr02A_2440-Zo_SB_chr02B_2407	131.998128466129	-0.850088329748666	0.280859273775099	-3.02674118010211	0.00247205524701805	0.00610467537842564
Zo_SA_chr02A_3710-Zo_SB_chr02B_3724	86.368302601142	-0.948106485424708	0.316540404986391	-2.9952147355895	0.00274251694615256	0.0067265496661515
Zo_SA_chr01A_3356-Zo_SB_chr01B_3376	1131.72275214171	-0.323647638382264	0.108060694318038	-2.99505421860166	0.00274396062291716	0.00672657431699441
Zo_SA_chr01A_2746-Zo_SB_chr01B_2732	407.633835439512	-0.456287857691949	0.152381687778624	-2.99437461511012	0.00275008061687267	0.00673805652969534
Zo_SA_chr02A_718-Zo_SB_chr02B_690	210.397523980226	-0.744146363246839	0.248623204906198	-2.99306882287032	0.00276187460078522	0.00676253597069547
Zo_SA_chr02A_727-Zo_SB_chr02B_699	823.252763902692	-0.369096421853394	0.12332196616947	-2.99294953946954	0.00276295427447213	0.00676253597069547
Zo_SA_chr01A_3263-Zo_SB_chr01B_3274	87.2838124856511	-0.985888452783045	0.330641842099465	-2.98174135046848	0.00286614032470828	0.00700048433291581
Zo_SA_chr02A_2334-Zo_SB_chr02B_2302	559.823108676955	-0.369047185874804	0.123959718427929	-2.97715411550705	0.00290937720638979	0.00709500927878424
Zo_SA_chr02A_2006-Zo_SB_chr02B_1953	1145.06338875836	-0.353982449818772	0.119318882268138	-2.96669263983959	0.00301021718463666	0.00731431332486546
Zo_SA_chr01A_2849-Zo_SB_chr01B_2845	119.507384313945	-0.807801845944143	0.272451071974116	-2.96494280639457	0.00302739206971237	0.00734843434614094
Zo_SA_chr01A_1462-Zo_SB_chr01B_1495	270.076995746513	-0.605072108061952	0.204095811603461	-2.96464735512335	0.00303030077382735	0.00735169143267732
Zo_SA_chr02A_3098-Zo_SB_chr02B_3096	137.031645550426	-0.803605635791334	0.271174405437936	-2.96342729872881	0.0030423391896402	0.00737708293425935
Zo_SA_chr01A_2526-Zo_SB_chr01B_2542	116.2134953109	-0.806807092962222	0.272270056519494	-2.96326046013237	0.00304398878832853	0.00737727034857307
Zo_SA_chr01A_267-Zo_SB_chr01B_321	2224.46631592541	-0.217566241842453	0.0734471233910988	-2.96221596976554	0.0030543346281982	0.00739852249638923
Zo_SA_chr02A_1313-Zo_SB_chr02B_1297	729.611105749961	-0.417016033776481	0.141102429255653	-2.95541356712519	0.00312250174836249	0.00753677325324827
Zo_SA_chr01A_3216-Zo_SB_chr01B_3218	967.345412767159	-0.346670701837043	0.117371230635989	-2.95362585838599	0.00314064513923228	0.00757630179602975
Zo_SA_chr01A_3169-Zo_SB_chr01B_3174	99.2710660238912	-0.923374715152876	0.315465628725618	-2.92702161843437	0.00342225091599839	0.00821340219839613
Zo_SA_chr02A_1184-Zo_SB_chr02B_1158	286.639178000099	-0.594977817114099	0.204115683088877	-2.91490496031621	0.00355796874471219	0.00851734150519877
Zo_SA_chr02A_2268-Zo_SB_chr02B_2239	110.181838504337	-0.908669738228166	0.313267482671275	-2.90061940192392	0.00372425920005846	0.00889273494487242
Zo_SA_chr01A_3000-Zo_SB_chr01B_2999	1267.06679450623	-0.287811999014057	0.0992418546183529	-2.900107017557	0.00373035274749638	0.00890275436991507
Zo_SA_chr01A_3024-Zo_SB_chr01B_3022	759.868352772002	-0.316250809834657	0.109472960303813	-2.88884861574024	0.00386655169333381	0.00919506363158754
Zo_SA_chr01A_3917-Zo_SB_chr01B_3904	927.009229670538	-0.319886749482	0.111025427416598	-2.88120259408413	0.00396160908788581	0.0094034535668424
Zo_SA_chr02A_660-Zo_SB_chr02B_636	1454.38214699056	-0.251148626319012	0.0872354942896556	-2.87897292683527	0.0039897258254543	0.00945444119850079
Zo_SA_chr01A_4235-Zo_SB_chr01B_4251	552.85282710382	-0.358337545224143	0.12453266455302	-2.87745826775899	0.00400892932425923	0.00949036144774184
Zo_SA_chr02A_1889-Zo_SB_chr02B_1851	785.895383185085	-0.377734965479782	0.131386464366305	-2.87499147877712	0.004040384020846	0.00955518237187976
Zo_SA_chr02A_3047-Zo_SB_chr02B_3049	271.625992611018	-0.582238145707038	0.202623021741391	-2.87350440588213	0.00405945415903895	0.00959544529683161
Zo_SA_chr01A_1674-Zo_SB_chr01B_1700	477.518055381661	-0.400846218083882	0.139813543116516	-2.86700565015958	0.00414375614578269	0.00977501449774378
Zo_SA_chr02A_2227-Zo_SB_chr02B_2196	197.46215032552	-0.605639494925357	0.21140939354843	-2.86477097710711	0.00417310937152407	0.00983931114130198
Zo_SA_chr02A_744-Zo_SB_chr02B_715	302.750775341812	-0.502939982786717	0.17603937296434	-2.85697440474636	0.00427700325660546	0.010074146224896
Zo_SA_chr02A_56-Zo_SB_chr02B_57	386.835658394377	-0.418578278098631	0.14663377209657	-2.85458303441149	0.00430933650772795	0.0101401238185855
Zo_SA_chr01A_315-Zo_SB_chr01B_372	1297.77413248115	-0.245688203790917	0.0862647254146268	-2.84807263467228	0.00439848845320279	0.0103291830943081
Zo_SA_chr01A_2825-Zo_SB_chr01B_2816	245.422497936511	-0.546562031247244	0.192428792633585	-2.84033394258199	0.00450663293590865	0.0105725608676417
Zo_SA_chr01A_1120-Zo_SB_chr01B_1147	355.569310367642	-0.620329410826804	0.218822618580101	-2.83485050518088	0.00458471341781163	0.0107449926855006
Zo_SA_chr01A_3280-Zo_SB_chr01B_3290	429.46062864402	-0.406886247346126	0.143543667372875	-2.83458166279938	0.00458857287402278	0.0107486689590189
Zo_SA_chr02A_505-Zo_SB_chr02B_489	229.881667087143	-0.591602848426507	0.209413566195399	-2.82504547902353	0.00472739055693833	0.0110407747601566
Zo_SA_chr01A_710-Zo_SB_chr01B_756	190.403865299536	-0.691887031003507	0.24504313763258	-2.82353155321137	0.00474977503856065	0.0110774904313501
Zo_SA_chr02A_657-Zo_SB_chr02B_633	1086.80898734802	-0.337994718467105	0.120017981224735	-2.81620066441717	0.00485953039095642	0.0112931731522375
Zo_SA_chr01A_3464-Zo_SB_chr01B_3479	517.38785654222	-0.401620114687571	0.143231336059473	-2.80399614872551	0.00504735079763832	0.0116948987370464
Zo_SA_chr01A_1387-Zo_SB_chr01B_1408	72.4678326864167	-0.95623984408321	0.342350847837171	-2.79315751698683	0.00521962682272533	0.0120761780336426
Zo_SA_chr02A_1471-Zo_SB_chr02B_1461	425.824688433267	-0.377514741277474	0.135353661082232	-2.78909885598234	0.00528549289205251	0.0122105035201922
Zo_SA_chr02A_3308-Zo_SB_chr02B_3306	244.288032819846	-0.554267805312688	0.198882638044282	-2.78690895677519	0.00532134268915286	0.012281229659373
Zo_SA_chr01A_3074-Zo_SB_chr01B_3082	308.828252298265	-0.491276367298349	0.176380375144216	-2.78532329289276	0.00534743775574941	0.0123353873893688
Zo_SA_chr01A_1378-Zo_SB_chr01B_1398	68.5500685340556	-0.983323220047146	0.354850940521894	-2.77108810420773	0.00558693075244811	0.012831071507825
Zo_SA_chr01A_2103-Zo_SB_chr01B_2128	242.239092822795	-0.508705261454858	0.183765267094916	-2.76823400578798	0.00563609717952455	0.0129313290788896
Zo_SA_chr01A_3771-Zo_SB_chr01B_3756	634.70898404377	-0.332147932420719	0.119994581657007	-2.7680244210537	0.00563972295106936	0.0129333236003995
Zo_SA_chr01A_3329-Zo_SB_chr01B_3345	437.407049048544	-0.397520085591776	0.143621368524582	-2.76783385143511	0.00564302159147582	0.0129345663445064
Zo_SA_chr02A_127-Zo_SB_chr02B_121	404.403874125578	-0.45464615797915	0.164718646344202	-2.76013777474291	0.00577769897990612	0.0131981322364749
Zo_SA_chr01A_287-Zo_SB_chr01B_343	304.258412502477	-0.507277290939239	0.183811512494156	-2.75976887440805	0.00578422674100282	0.0132066140480707
Zo_SA_chr02A_2562-Zo_SB_chr02B_2509	1596.07565031561	-0.21274796857787	0.0771051919667876	-2.75919121853052	0.0057944618308723	0.0132235481081969
Zo_SA_chr01A_2033-Zo_SB_chr01B_2060	1163.12501751819	-0.278446228844747	0.101029643293906	-2.75608444973637	0.00584978913783775	0.0133303597060392
Zo_SA_chr02A_3012-Zo_SB_chr02B_3003	123.27295363193	-0.743858363610909	0.270357776023962	-2.75138512585256	0.00593438293859594	0.0135100071556973
Zo_SA_chr01A_1819-Zo_SB_chr01B_1850	1058.20746420002	-0.308949356656801	0.11236423984327	-2.74953452350797	0.00596799756955248	0.0135799440331427
Zo_SA_chr02A_678-Zo_SB_chr02B_652	348.971861935049	-0.469426620818562	0.171971896185742	-2.72967055216712	0.00633976461953395	0.0143979552734043
Zo_SA_chr01A_1249-Zo_SB_chr01B_1278	416.783166266589	-0.387791207299551	0.142218217328782	-2.72673370952928	0.00639646369358964	0.0145056586033459
Zo_SA_chr01A_2566-Zo_SB_chr01B_2571	161.330512971923	-0.796158350285898	0.292440367794329	-2.72246392073283	0.00647971083724956	0.0146731675909145
Zo_SA_chr01A_1931-Zo_SB_chr01B_1962	836.801715035907	-0.343812879392705	0.126340665129663	-2.72131604689471	0.00650225628407458	0.0146958509079373
Zo_SA_chr01A_1026-Zo_SB_chr01B_1064	210.709306419712	-0.586965642266301	0.216136595240318	-2.71571614984341	0.00661325910351602	0.0149323444243008
Zo_SA_chr01A_2736-Zo_SB_chr01B_2723	439.956915992629	-0.471946835613226	0.173812854499074	-2.71525852891244	0.00662240508076416	0.0149458030971359
Zo_SA_chr01A_887-Zo_SB_chr01B_927	416.374637087986	-0.440398240607281	0.162557014376917	-2.7091924780689	0.00674471985904241	0.0151707696925345
Zo_SA_chr02A_2491-Zo_SB_chr02B_2447	355.491102271779	-0.415203839660741	0.153309926271259	-2.70826455767841	0.00676360829207666	0.0152059655517123
Zo_SA_chr02A_48-Zo_SB_chr02B_52	1994.33785574874	-0.196006935716436	0.0727902351072767	-2.69276415205371	0.00708623766877645	0.0158932252112328
Zo_SA_chr01A_2852-Zo_SB_chr01B_2848	3018.71246093286	-0.161691401338586	0.0601641821716761	-2.68750268851334	0.00719885227650206	0.0161073032338329
Zo_SA_chr01A_1776-Zo_SB_chr01B_1806	177.999736041035	-0.636384335719838	0.236971876265741	-2.68548464800184	0.00724247018726577	0.016189456940758
Zo_SA_chr01A_1417-Zo_SB_chr01B_1451	81.8427709630871	-0.821049673079451	0.306918155967614	-2.67514207652833	0.00746975869250321	0.0166578459055252
Zo_SA_chr02A_3566-Zo_SB_chr02B_3588	276.449184784753	-0.475230430033445	0.177833027092618	-2.67234066586483	0.00753241363542858	0.0167736520063744
Zo_SA_chr01A_3583-Zo_SB_chr01B_3578	427.65694706535	-0.383203719579379	0.143686898949762	-2.66693569407021	0.00765463166911394	0.0170135157704797
Zo_SA_chr01A_2051-Zo_SB_chr01B_2080	891.895141816711	-0.349142229147996	0.131667945418753	-2.65168737947262	0.00800906590043147	0.0177508442157886
Zo_SA_chr01A_2781-Zo_SB_chr01B_2776	81.4907937846275	-0.901681219694716	0.342550680413984	-2.63225639664474	0.0084819825306532	0.0187282174276823
Zo_SA_chr01A_1182-Zo_SB_chr01B_1198	151.869635424468	-0.614408175967113	0.233711851442926	-2.62891322016315	0.00856582166232901	0.0188600822335278
Zo_SA_chr02A_878-Zo_SB_chr02B_847	1623.37365674164	-0.225105088806501	0.0856226936079343	-2.62903535641211	0.00856274577641099	0.0188600822335278
Zo_SA_chr01A_334-Zo_SB_chr01B_394	216.796884377142	-0.595276950282273	0.226460677759371	-2.62861065405268	0.00857344575872093	0.0188653219597339
Zo_SA_chr02A_57-Zo_SB_chr02B_58	787.927028871914	-0.282423752563657	0.107572435833692	-2.62542862746259	0.00865399499319295	0.0190096182153845
Zo_SA_chr02A_3725-Zo_SB_chr02B_3745	651.105658708919	-0.363463817211001	0.13886079140128	-2.6174690028999	0.00885845334890048	0.0194077751994308
Zo_SA_chr01A_758-Zo_SB_chr01B_803	422.772220321036	-0.427409054670662	0.163576312219532	-2.61290310847115	0.00897767499968585	0.0196287283776915
Zo_SA_chr02A_3350-Zo_SB_chr02B_3351	271.195020757648	-0.560144224933323	0.216186208570745	-2.59102663688197	0.00956900845886997	0.020853593910366
Zo_SA_chr02A_567-Zo_SB_chr02B_552	666.604063865943	-0.37538524637803	0.145312635787395	-2.58329390519935	0.00978619164311076	0.0212972222585694
Zo_SA_chr01A_3410-Zo_SB_chr01B_3423	1071.43178182561	-0.33652766465317	0.130847513867588	-2.57190721249563	0.0101139994438932	0.021969854347568
Zo_SA_chr01A_2000-Zo_SB_chr01B_2029	4012.88131932674	-0.147079216068879	0.0572003832053753	-2.57129774010076	0.0101318178636965	0.0219983754819361
Zo_SA_chr02A_1064-Zo_SB_chr02B_1043	992.91968471484	-0.266194419602774	0.104110664541587	-2.55684103809021	0.0105627474339069	0.0228599681549314
Zo_SA_chr01A_3545-Zo_SB_chr01B_3545	3637.1642458307	-0.247470722112859	0.0969356033964416	-2.55293940969003	0.0106818076530962	0.0230963324923168
Zo_SA_chr01A_2827-Zo_SB_chr01B_2818	1197.79856732295	-0.243303268514509	0.0958447513784423	-2.53851426411268	0.0111324264690299	0.0239999160130045
Zo_SA_chr01A_3381-Zo_SB_chr01B_3398	850.598201320498	-0.26365056029014	0.103993351354656	-2.53526361883457	0.0112362733060504	0.0241948574355156
Zo_SA_chr01A_1575-Zo_SB_chr01B_1593	105.524609143688	-0.758398897103528	0.299187097458351	-2.5348649843067	0.0112490673302644	0.0242112953732112
Zo_SA_chr01A_1229-Zo_SB_chr01B_1258	2404.62849059093	-0.164837971937229	0.0651769287145112	-2.52908468055092	0.0114360431715162	0.0246024367541284
Zo_SA_chr02A_3113-Zo_SB_chr02B_3109	150.174126864647	-0.712372831968798	0.28178064799765	-2.52811127034791	0.0114678000891154	0.0246594491375478
Zo_SA_chr02A_2044-Zo_SB_chr02B_1993	620.65691504551	-0.386107530210331	0.152758545381958	-2.52756747090584	0.0114855752722423	0.0246863578457907
Zo_SA_chr01A_2077-Zo_SB_chr01B_2100	3356.80486660285	-0.176398502207872	0.0705217689284287	-2.50133405455124	0.0123726411485226	0.0264114796491664
Zo_SA_chr02A_3063-Zo_SB_chr02B_3062	213.40256419509	-0.629191471304482	0.252116473082238	-2.49563808192432	0.0125730809711298	0.0267662867134941
Zo_SA_chr01A_2106-Zo_SB_chr01B_2130	913.785781735449	-0.24708112574046	0.0991703961173441	-2.49148067784362	0.0127211886181301	0.0270325258135265
Zo_SA_chr01A_2708-Zo_SB_chr01B_2700	794.818950153277	-0.306893785585892	0.123270975046881	-2.489586745535	0.0127891704760045	0.0271523927029019
Zo_SA_chr01A_3444-Zo_SB_chr01B_3459	1801.89338699114	-0.18905479791035	0.075986864841959	-2.4879931328073	0.0128466213599129	0.0272497049822385
Zo_SA_chr02A_2476-Zo_SB_chr02B_2435	128.294060195879	-0.647304558248108	0.260229975713984	-2.48743272742551	0.0128668785808975	0.0272803408502354
Zo_SA_chr01A_51-Zo_SB_chr01B_106	61.1698368262418	-0.904371470253782	0.363738425276379	-2.48632370794099	0.0129070501229139	0.0273381139656663
Zo_SA_chr01A_2026-Zo_SB_chr01B_2052	5341.3671985275	-0.131846053355705	0.0530906796734158	-2.4834124212903	0.0130130328613521	0.0275280208230225
Zo_SA_chr01A_3376-Zo_SB_chr01B_3393	785.086001567417	-0.272053895075258	0.109762018800325	-2.47857954918057	0.0131906693626428	0.0278912215635513
Zo_SA_chr02A_3379-Zo_SB_chr02B_3401	820.501804567046	-0.281028030198811	0.113470048399122	-2.47667145791916	0.0132613911746843	0.0280155098566495
Zo_SA_chr01A_337-Zo_SB_chr01B_397	437.180527646332	-0.410519553140877	0.165941480962035	-2.47388145966226	0.0133654035397102	0.0282225352872728
Zo_SA_chr02A_3777-Zo_SB_chr02B_3782	148.003928623735	-0.58072520462327	0.234787421340027	-2.47340850420707	0.0133831068236506	0.0282472052256268
Zo_SA_chr02A_544-Zo_SB_chr02B_528	2236.0220527892	-0.184102168829111	0.0744512942442242	-2.47278668152089	0.0134064139195562	0.0282836754094234
Zo_SA_chr01A_919-Zo_SB_chr01B_954	730.303768116435	-0.293361170341477	0.118657750190883	-2.47233046193403	0.0134235367038271	0.0283070715570143
Zo_SA_chr02A_1988-Zo_SB_chr02B_1944	198.62594639674	-0.515038282957789	0.208341169550267	-2.4720907733674	0.0134325404112842	0.0283133331580168
Zo_SA_chr01A_1724-Zo_SB_chr01B_1755	189.791950907217	-0.610476339335534	0.247470990300481	-2.46686021094549	0.0136303557464646	0.0286916236708892
Zo_SA_chr01A_1306-Zo_SB_chr01B_1335	162.74462678144	-0.812522232895204	0.329579283192262	-2.46533163439528	0.0136886490260755	0.0287832024495655
Zo_SA_chr02A_2994-Zo_SB_chr02B_2985	240.907955582964	-0.458052685225111	0.185804725777957	-2.46523700248883	0.0136922651038854	0.0287832024495655
Zo_SA_chr01A_1650-Zo_SB_chr01B_1668	94.3894853631018	-0.865210952732715	0.351485212554127	-2.46158564238169	0.0138324369021056	0.0290518325625243
Zo_SA_chr01A_3056-Zo_SB_chr01B_3060	87.0434294598056	-0.731046295268467	0.299354771324048	-2.44207330330846	0.0146031811323585	0.0305067345828255
Zo_SA_chr01A_3732-Zo_SB_chr01B_3721	497.549730822394	-0.307259457325271	0.1258621687797	-2.44123758794493	0.0146370215614624	0.0305638207238012
Zo_SA_chr01A_2452-Zo_SB_chr01B_2466	2055.69771970792	-0.173099578225643	0.0711193426877514	-2.4339310753424	0.0149358388524236	0.0311462026202539
Zo_SA_chr02A_3727-Zo_SB_chr02B_3747	1324.34211296676	-0.239085839455924	0.0985046025848621	-2.42715399262639	0.015217794997403	0.0316497757658755
Zo_SA_chr01A_1351-Zo_SB_chr01B_1372	483.934306210035	-0.324677799894483	0.133987984638908	-2.42318593543649	0.0153850499070541	0.0319551368587418
Zo_SA_chr02A_2910-Zo_SB_chr02B_2882	741.435972110998	-0.348621207852581	0.144404660195105	-2.41419637968442	0.0157699601726941	0.0326366675067374
Zo_SA_chr01A_786-Zo_SB_chr01B_830	327.147564230578	-0.414567481333359	0.171969115628855	-2.41070892187456	0.0159215495685108	0.0329237155466958
Zo_SA_chr01A_2288-Zo_SB_chr01B_2304	341.783658610276	-0.395899967012277	0.164264616139018	-2.41013540418969	0.0159466009752721	0.0329609919717959
Zo_SA_chr02A_3181-Zo_SB_chr02B_3187	802.510869333937	-0.277966488656473	0.115356624659294	-2.40962744426207	0.0159688177366599	0.032992379049057
Zo_SA_chr02A_3608-Zo_SB_chr02B_3627	202.103305475917	-0.488644053509424	0.202914947072811	-2.40812251910691	0.016034798828059	0.0330995495386067
Zo_SA_chr02A_1278-Zo_SB_chr02B_1271	939.863567204388	-0.248917690040404	0.103719774869962	-2.399905807282	0.0163992911294321	0.0338221863645255
Zo_SA_chr01A_2110-Zo_SB_chr01B_2134	2259.61078183251	-0.185509243576906	0.0774988241197601	-2.39370397788534	0.0166792041729664	0.0343240464822623
Zo_SA_chr01A_1741-Zo_SB_chr01B_1767	170.047823642874	-0.625716356985967	0.262179004575507	-2.38659978894596	0.017004991704624	0.0349638129176581
Zo_SA_chr01A_2286-Zo_SB_chr01B_2302	762.77351540775	-0.336175679547897	0.141361850230338	-2.37812167144194	0.0174010831224943	0.0357312393920101
Zo_SA_chr02A_3221-Zo_SB_chr02B_3225	141.383891244047	-0.566566028792828	0.238684232822573	-2.37370530132164	0.0176105998063539	0.0360982674929717
Zo_SA_chr01A_3275-Zo_SB_chr01B_3286	383.332402500806	-0.41472454365786	0.174767269722448	-2.37301037154436	0.0176437684788609	0.0361504636256836
Zo_SA_chr01A_346-Zo_SB_chr01B_405	139.707113826106	-0.59046528824801	0.250920127994831	-2.35320017157083	0.0186126114805001	0.0379532260176038
Zo_SA_chr02A_91-Zo_SB_chr02B_89	118.016894229211	-0.637378354927337	0.271502702923497	-2.34759487866658	0.0188950601686242	0.0384790027392295
Zo_SA_chr02A_1653-Zo_SB_chr02B_1635	331.837677294666	-0.409523577467199	0.174570583976369	-2.34589108966168	0.0189816530622078	0.0386218196738417
Zo_SA_chr02A_2383-Zo_SB_chr02B_2346	1766.67083816425	-0.20357005869817	0.0868744310301318	-2.34326782097212	0.0191156557604986	0.0388439397264007
Zo_SA_chr02A_772-Zo_SB_chr02B_732	356.992694949591	-0.512664968753776	0.21968528885898	-2.33363358746732	0.0196149163109666	0.0398412066368205
Zo_SA_chr01A_1915-Zo_SB_chr01B_1946	359.181244851177	-0.380375700918522	0.163761906119425	-2.32273615966053	0.0201933304851692	0.0408921478793327
Zo_SA_chr02A_3081-Zo_SB_chr02B_3081	73.1621593510109	-0.773777218942283	0.333789030878554	-2.31816251392579	0.020440490466868	0.0413569561321882
Zo_SA_chr02A_1615-Zo_SB_chr02B_1597	85.5514891728224	-0.773280758630013	0.335092659455762	-2.30766248322458	0.0210179162817777	0.042397275663844
Zo_SA_chr01A_1677-Zo_SB_chr01B_1703	745.892144532587	-0.287103274919558	0.124524705701652	-2.30559288056	0.021133391472201	0.0425752996082298
Zo_SA_chr02A_1144-Zo_SB_chr02B_1117	3341.33684205738	-0.147308795632338	0.0639177135521286	-2.30466309643882	0.0211854492239304	0.0426618574071594
Zo_SA_chr01A_3886-Zo_SB_chr01B_3874	1319.44288554365	-0.193884496810519	0.0842268936606003	-2.30193099120803	0.0213390641649275	0.0429343435085076
Zo_SA_chr01A_3037-Zo_SB_chr01B_3040	453.550964646895	-0.32637537005316	0.141807140877322	-2.30154397045146	0.0213609029885285	0.0429426748743593
Zo_SA_chr02A_3279-Zo_SB_chr02B_3277	198.144879531975	-0.471511167447545	0.204868286225037	-2.30153322476479	0.0213615096242017	0.0429426748743593
Zo_SA_chr02A_3094-Zo_SB_chr02B_3092	51.998594512853	-0.952189241705945	0.414756745446351	-2.29577759050362	0.0216886013845857	0.0435442523305418
Zo_SA_chr01A_741-Zo_SB_chr01B_785	537.731414284088	-0.317171733268783	0.13822468779192	-2.29460987277646	0.0217554919692105	0.0436598666892796
Zo_SA_chr02A_3328-Zo_SB_chr02B_3328	147.735555246914	-0.606267856150016	0.26430206208482	-2.29384459344647	0.0217994269291548	0.0437106457912797
Zo_SA_chr02A_3403-Zo_SB_chr02B_3432	238.439552219372	-0.420872892495508	0.183473491076891	-2.29391663081795	0.0217952879484554	0.0437106457912797
Zo_SA_chr01A_2387-Zo_SB_chr01B_2395	96.1685718915092	-0.68046897134036	0.298071844734166	-2.28290253964521	0.022436109863899	0.0449296745545941
Zo_SA_chr01A_461-Zo_SB_chr01B_517	231.444598755371	-0.502918072062698	0.220797741166945	-2.27773196140825	0.0227425522457207	0.0454851044914414
Zo_SA_chr01A_1954-Zo_SB_chr01B_1992	175.079271874274	-0.518433319239514	0.22905832583529	-2.26332449322233	0.0236156934993772	0.0470708725144765
Zo_SA_chr01A_1679-Zo_SB_chr01B_1705	920.254255567605	-0.309602206019185	0.137185975360444	-2.25680653729896	0.024020166080422	0.0477149107744877
Zo_SA_chr02A_3017-Zo_SB_chr02B_3010	334.077472952862	-0.371882589437368	0.164912846712801	-2.25502498349936	0.0241317606526436	0.047896032564384
Zo_SA_chr01A_1129-Zo_SB_chr01B_1156	1618.89878404573	-0.20673033667464	0.0922167702004918	-2.24178678373988	0.0249751558111926	0.0493403920278381
Zo_SA_chr01A_1665-Zo_SB_chr01B_1688	240.784937090598	-0.446760044972412	0.19934546140315	-2.24113477090356	0.0250173465087554	0.0494029418430472
