baseMean	log2FoldChange	lfcSE	stat	pvalue	padj
Zo_SA_chr01A_3975-Zo_SB_chr01B_3954	10029.9959269491	-2.13129330692067	0.0487723242539305	-43.6988259125034	0	0
Zo_SA_chr01A_4084-Zo_SB_chr01B_4105	5204.71277809599	-2.02492821534491	0.0529266116587472	-38.2591696668767	0	0
Zo_SA_chr01A_336-Zo_SB_chr01B_396	3901.13080089397	-2.15535132941049	0.0601180406584174	-35.8519889504866	1.71238716307102e-281	6.18040043779173e-279
Zo_SA_chr01A_386-Zo_SB_chr01B_444	2485.40265653245	-2.31765850058243	0.0701281307653781	-33.0489131150013	1.61254661933741e-239	4.45062866937124e-237
Zo_SA_chr02A_238-Zo_SB_chr02B_228	4683.48620765185	-1.80940487815803	0.0577193255902353	-31.3483371410725	1.02501439061215e-215	2.67187084486233e-213
Zo_SA_chr02A_433-Zo_SB_chr02B_422	4986.41775234587	-2.80547720133994	0.0903410116149727	-31.0543035902309	9.98007846097908e-212	2.34132640694569e-209
Zo_SA_chr01A_1389-Zo_SB_chr01B_1415	1910.5978378776	-2.45667445149318	0.0800106491474541	-30.704343455153	4.98038573600336e-207	1.11276047015846e-204
Zo_SA_chr01A_3689-Zo_SB_chr01B_3680	3042.98566633547	-2.04767608133147	0.0724762025224125	-28.253081840184	1.30451559730538e-175	2.1106162698472e-173
Zo_SA_chr02A_3626-Zo_SB_chr02B_3644	4981.77326331838	-1.60502950724157	0.0590974841738369	-27.1590158139445	1.98151854841058e-162	2.99912420294917e-160
Zo_SA_chr02A_3248-Zo_SB_chr02B_3245	1258.36858424605	-2.32121834583506	0.0907932114010928	-25.5659901221108	3.64643320607252e-144	4.88830417225493e-142
Zo_SA_chr02A_3583-Zo_SB_chr02B_3604	4268.73809902906	-1.41948101484041	0.057858633989509	-24.5336074663947	6.47131853942875e-133	7.9903754176315e-131
Zo_SA_chr02A_909-Zo_SB_chr02B_874	2770.73767504384	-1.57380063429826	0.0662200928937933	-23.7662100055099	7.47040165887556e-125	8.98746784190876e-123
Zo_SA_chr01A_1576-Zo_SB_chr01B_1594	4551.9382909612	-1.13717076256752	0.0519463002227937	-21.8912753687998	3.14588667331884e-106	3.14053197259829e-104
Zo_SA_chr01A_324-Zo_SB_chr01B_384	789.94391155574	-2.62281589899606	0.121106061097659	-21.6571811123561	5.20101377789904e-104	4.98023605018415e-102
Zo_SA_chr01A_3514-Zo_SB_chr01B_3523	996.061418813489	-2.31414954600022	0.107575958239966	-21.51177255459	1.20799160993129e-102	1.11135228113678e-100
Zo_SA_chr01A_3502-Zo_SB_chr01B_3513	3644.35720269127	-1.27633082304249	0.0594684584762318	-21.4623155828499	3.50410498173809e-102	3.16178087967598e-100
Zo_SA_chr02A_3343-Zo_SB_chr02B_3344	9810.0810514751	-1.24058202297211	0.0580383290540101	-21.3752195005069	2.27252055954836e-101	2.0118238613964e-99
Zo_SA_chr02A_1933-Zo_SB_chr02B_1891	1316.06129934628	-2.52836566693799	0.120478191803295	-20.9860857728182	8.78927526223548e-98	6.98970839498455e-96
Zo_SA_chr01A_2794-Zo_SB_chr01B_2787	1103.13299568594	-2.09629321116834	0.101199180164543	-20.7145276054599	2.56206397130001e-95	1.90812764338724e-93
Zo_SA_chr02A_404-Zo_SB_chr02B_396	6439.79117087363	-1.11399661344456	0.0547574320855859	-20.3442084665947	5.22487129560759e-92	3.55291248101316e-90
Zo_SA_chr01A_2309-Zo_SB_chr01B_2330	3680.60378899598	-1.24161307723076	0.0612711931483135	-20.2642222785722	2.66132034619014e-91	1.78384500918916e-89
Zo_SA_chr02A_3750-Zo_SB_chr02B_3760	1556.00582164482	-1.54732670347015	0.078179405281997	-19.7919989016144	3.48925059800442e-87	2.18287517411156e-85
Zo_SA_chr02A_230-Zo_SB_chr02B_215	1447.67107247845	-1.74785795088288	0.0891334534574901	-19.6094494612674	1.28414357816897e-85	7.82493723216726e-84
Zo_SA_chr02A_3198-Zo_SB_chr02B_3204	4337.42272545471	-1.03907653588363	0.0542190701603829	-19.1644108393963	7.33828700001864e-82	4.25077069186265e-80
Zo_SA_chr02A_3372-Zo_SB_chr02B_3393	1321.67927435025	-1.94140014888213	0.103998228578984	-18.6676270875871	9.07982760951548e-78	4.78680349930861e-76
Zo_SA_chr01A_2081-Zo_SB_chr01B_2103	1015.32615642978	-2.20444957069491	0.118650712646401	-18.5793201029019	4.72452802118877e-77	2.43598741488107e-75
Zo_SA_chr01A_1004-Zo_SB_chr01B_1039	2020.37787897905	-1.62769189955959	0.0906913246585745	-17.9476030997161	5.01066941761506e-72	2.35100609074499e-70
Zo_SA_chr02A_3459-Zo_SB_chr02B_3488	2352.2625223514	-1.32680145198777	0.0745396108427416	-17.7999514216269	7.07302007097719e-71	3.25358923264951e-69
Zo_SA_chr01A_2480-Zo_SB_chr01B_2490	632.354881064097	-2.4095363753255	0.136203401201142	-17.6907210398304	4.9438742568735e-70	2.20920552507147e-68
Zo_SA_chr01A_3182-Zo_SB_chr01B_3186	1810.97631016098	-1.56875947564698	0.0894975770785213	-17.5285133615474	8.68096082306069e-69	3.73679524603677e-67
Zo_SA_chr01A_1230-Zo_SB_chr01B_1259	2830.99274013682	-1.14296714742108	0.0670213238981693	-17.0537834966924	3.27622708550905e-65	1.32517736941452e-63
Zo_SA_chr02A_1331-Zo_SB_chr02B_1312	823.95820338669	-2.03023149967247	0.120787720009655	-16.8082608025897	2.1230943177638e-63	8.37105759575439e-62
Zo_SA_chr02A_1761-Zo_SB_chr02B_1733	817.329015602608	-2.10567200738064	0.125898437361338	-16.7251639616241	8.59393621270702e-63	3.36022905916844e-61
Zo_SA_chr01A_3352-Zo_SB_chr01B_3370	421.41270768955	-2.5378880392451	0.153678248909154	-16.5142956616155	2.89521273693991e-61	1.10441773672537e-59
Zo_SA_chr01A_94-Zo_SB_chr01B_159	537.080842396943	-2.57017457809041	0.156018245347246	-16.4735513617015	5.68337010974275e-61	2.15051391571879e-59
Zo_SA_chr02A_2226-Zo_SB_chr02B_2195	1886.45849333309	-1.3910620163414	0.084505582124771	-16.4611849461911	6.97220986739997e-61	2.61708869582725e-59
Zo_SA_chr02A_3046-Zo_SB_chr02B_3047	1168.50362989517	-1.49027705946901	0.0942066404162534	-15.8192358084759	2.29258394150704e-56	8.21130065156566e-55
Zo_SA_chr01A_2653-Zo_SB_chr01B_2653	1216.77133377707	-1.64881157243393	0.106139032704547	-15.5344507145041	2.02802450965271e-54	7.10111268603769e-53
Zo_SA_chr01A_4144-Zo_SB_chr01B_4169	2272.29105010274	-1.02924060948159	0.0674508138988735	-15.259128096285	1.43148283439174e-52	4.86704163693191e-51
Zo_SA_chr02A_1492-Zo_SB_chr02B_1479	1418.84797817058	-2.01064204759562	0.131932283300266	-15.2399549018611	1.92002841800368e-52	6.4811318973189e-51
Zo_SA_chr01A_3146-Zo_SB_chr01B_3151	995.83090715039	-1.47037075151245	0.096682567393942	-15.2082303061036	3.11860069830877e-52	1.04517674831891e-50
Zo_SA_chr02A_1827-Zo_SB_chr02B_1802	383.787189760283	-2.48156691698649	0.163239876772797	-15.2019651450756	3.43169856307468e-52	1.14195245801038e-50
Zo_SA_chr01A_2703-Zo_SB_chr01B_2695	717.651878051444	-1.64674266556653	0.11144128091232	-14.7767743881386	2.06837328109824e-49	6.60190981966867e-48
Zo_SA_chr02A_1622-Zo_SB_chr02B_1604	1381.41984228883	-1.30859021904642	0.0885669595344099	-14.7751512067884	2.11881163048301e-49	6.71720552042316e-48
Zo_SA_chr02A_3223-Zo_SB_chr02B_3227	2540.24040043252	-1.10342347271051	0.0752143140746358	-14.67039201628	9.97669935325653e-49	3.12071155769864e-47
Zo_SA_chr02A_774-Zo_SB_chr02B_735	531.465856562233	-1.96553075089032	0.134057216681162	-14.6618794537938	1.13098480363464e-48	3.51429185341306e-47
Zo_SA_chr02A_3074-Zo_SB_chr02B_3073	564.304786412378	-1.96415007239157	0.136247208302946	-14.4160757262951	4.10000898067167e-47	1.23315654726356e-45
Zo_SA_chr01A_1611-Zo_SB_chr01B_1629	2262.55674772635	-1.06239935312319	0.0740536403478137	-14.3463487835754	1.12295626081834e-46	3.35599412468768e-45
Zo_SA_chr01A_795-Zo_SB_chr01B_837	7350.57586330325	-1.07289530356862	0.0763234577770976	-14.0572156295906	6.95699939504257e-45	2.00259148230305e-43
Zo_SA_chr02A_1160-Zo_SB_chr02B_1134	2011.66600868289	-1.11758939595651	0.0795399803082875	-14.0506622157168	7.63170466326196e-45	2.18341209024543e-43
Zo_SA_chr01A_996-Zo_SB_chr01B_1026	518.402711315169	-1.91016553583054	0.136477733061055	-13.996169873191	1.64500298543099e-44	4.62176886685163e-43
Zo_SA_chr02A_451-Zo_SB_chr02B_432	1536.81792529376	-1.5417749407676	0.111133340885336	-13.8731988841976	9.20770235199628e-44	2.54132584915097e-42
Zo_SA_chr01A_392-Zo_SB_chr01B_449	799.790593820309	-1.48072790823029	0.107107773963247	-13.8246539297735	1.80980742544916e-43	4.90844880936848e-42
Zo_SA_chr01A_1654-Zo_SB_chr01B_1672	1792.84159268934	-1.2499974095543	0.0911892331197468	-13.7077302526807	9.12684863540218e-43	2.46110194237397e-41
Zo_SA_chr01A_1258-Zo_SB_chr01B_1285	631.664165845706	-2.16711943880073	0.159145224025125	-13.6172445769318	3.16277118741436e-42	8.38402396121367e-41
Zo_SA_chr02A_3716-Zo_SB_chr02B_3736	723.180156880189	-1.85612820831103	0.136937436947052	-13.5545709755669	7.44461406541027e-42	1.95140386563715e-40
Zo_SA_chr02A_1509-Zo_SB_chr02B_1495	502.104741979931	-2.04380793137098	0.151523198291577	-13.4884159944807	1.82989823330935e-41	4.71751786301511e-40
Zo_SA_chr01A_3333-Zo_SB_chr01B_3350	263.020758743894	-2.9165263669906	0.216868403211852	-13.4483692589442	3.14736938064971e-41	8.06964870710844e-40
Zo_SA_chr01A_1796-Zo_SB_chr01B_1831	951.935433079731	-1.44607582920316	0.10821138049644	-13.3634357363248	9.88921175339035e-41	2.50811792145446e-39
Zo_SA_chr02A_1719-Zo_SB_chr02B_1694	309.138364436262	-2.27665387380117	0.172344730609458	-13.2098838516867	7.69430617803826e-40	1.92030237166785e-38
Zo_SA_chr01A_2259-Zo_SB_chr01B_2271	531.631582297317	-2.01612521780219	0.153172017166971	-13.1624904802581	1.44251388007981e-39	3.58109794991242e-38
Zo_SA_chr02A_2908-Zo_SB_chr02B_2879	1109.71851075108	-1.2789852672373	0.0974346934639752	-13.1265899421153	2.31864713925464e-39	5.72583809335936e-38
Zo_SA_chr02A_1800-Zo_SB_chr02B_1776	415.897478194653	-2.2417224955783	0.170848317323742	-13.12112715357	2.49200672584033e-39	6.12172542284966e-38
Zo_SA_chr02A_1096-Zo_SB_chr02B_1071	718.020389551747	-1.621291961906	0.124886324685835	-12.9821416875269	1.54499114445453e-38	3.73664868545394e-37
Zo_SA_chr01A_3048-Zo_SB_chr01B_3051	356.254072624157	-2.43372936194522	0.187513140039973	-12.9789803606639	1.61009745693595e-38	3.87414218868895e-37
Zo_SA_chr01A_379-Zo_SB_chr01B_436	936.830789687842	-1.55125370207445	0.120645149914907	-12.8579864434548	7.7571082534509e-38	1.82896240830109e-36
Zo_SA_chr01A_906-Zo_SB_chr01B_942	1975.73672101295	-1.03428499844852	0.0809209781033316	-12.7814198825896	2.08232930587486e-37	4.81295029712553e-36
Zo_SA_chr02A_1052-Zo_SB_chr02B_1034	641.922358605844	-1.46691424124279	0.115447513988088	-12.7063302670523	5.45341277516315e-37	1.25428493828752e-35
Zo_SA_chr01A_3338-Zo_SB_chr01B_3356	1286.45158316392	-1.25338639677664	0.0989370395116099	-12.6685253870929	8.83598058411477e-37	2.00282226573268e-35
Zo_SA_chr01A_1687-Zo_SB_chr01B_1718	416.666137690001	-1.93836683194014	0.15365750878445	-12.614852650379	1.74884434783245e-36	3.92611372250232e-35
Zo_SA_chr02A_2237-Zo_SB_chr02B_2207	422.132923905382	-1.98704182977995	0.160136021004321	-12.408462613957	2.35124135059158e-35	5.08388221980446e-34
Zo_SA_chr02A_1705-Zo_SB_chr02B_1685	861.803125486835	-1.37229070672876	0.111748871962687	-12.2801302834356	1.15811612661887e-34	2.41505816270921e-33
Zo_SA_chr02A_353-Zo_SB_chr02B_353	464.740670329958	-1.74418438174735	0.142639141927922	-12.227950604391	2.20429957884396e-34	4.53621650172625e-33
Zo_SA_chr01A_4141-Zo_SB_chr01B_4165	343.462747915144	-1.97740262781725	0.162008367903573	-12.2055585980237	2.90309256506471e-34	5.92230883273201e-33
Zo_SA_chr01A_462-Zo_SB_chr01B_518	940.029057115431	-1.27104040909271	0.104462728235741	-12.1674058351641	4.63582638086522e-34	9.41614605152364e-33
Zo_SA_chr01A_3787-Zo_SB_chr01B_3770	1085.43997332479	-1.38953899447189	0.114590410376689	-12.1261368198622	7.6787189639325e-34	1.54628967290864e-32
Zo_SA_chr02A_281-Zo_SB_chr02B_280	677.077112331618	-1.3746103716358	0.113919309982088	-12.0665264901266	1.58692275719373e-33	3.1550176172682e-32
Zo_SA_chr02A_170-Zo_SB_chr02B_162	357.071300911072	-1.98282589674994	0.164416080358369	-12.0598051749445	1.72189749470124e-33	3.40892111609207e-32
Zo_SA_chr02A_2407-Zo_SB_chr02B_2372	736.510695844692	-1.50349506667008	0.12477801417158	-12.0493588285726	1.95464436642368e-33	3.85344175094954e-32
Zo_SA_chr01A_4080-Zo_SB_chr01B_4103	541.915951095273	-1.76409482900031	0.146589033277151	-12.0342892613596	2.3464606484943e-33	4.6065244195545e-32
Zo_SA_chr02A_1416-Zo_SB_chr02B_1401	212.876206091174	-2.83251807493377	0.236420514693033	-11.9808472568952	4.47724366172933e-33	8.7166918094747e-32
Zo_SA_chr01A_3259-Zo_SB_chr01B_3269	620.144575473114	-1.8082716258014	0.15267677245037	-11.8437899673915	2.31738990477356e-32	4.34927737327901e-31
Zo_SA_chr01A_2306-Zo_SB_chr01B_2327	499.387912735067	-2.40219713818747	0.203714103711233	-11.7920020971774	4.29214548875266e-32	8.02340503315836e-31
Zo_SA_chr02A_736-Zo_SB_chr02B_709	1399.01023414618	-1.02725743750134	0.0888669373510525	-11.5595008461173	6.60918438346862e-31	1.17463231542556e-29
Zo_SA_chr02A_3346-Zo_SB_chr02B_3347	1290.44553019205	-1.21640365846921	0.106867798941318	-11.3823216209136	5.12178108496177e-30	8.7705827922046e-29
Zo_SA_chr01A_1678-Zo_SB_chr01B_1704	781.230005058138	-1.21691674526536	0.10843541475576	-11.2225027958472	3.16193019864541e-29	5.26091364966108e-28
Zo_SA_chr02A_3541-Zo_SB_chr02B_3575	461.26790527786	-2.23829371331857	0.199978484961011	-11.1926726205319	4.42879612499279e-29	7.34272488285024e-28
Zo_SA_chr02A_1685-Zo_SB_chr02B_1666	398.676406544575	-1.72099272708209	0.155196477157584	-11.0891223731491	1.41670816642089e-28	2.30805372112736e-27
Zo_SA_chr02A_1255-Zo_SB_chr02B_1243	503.535156289706	-1.58842617103252	0.144547286136304	-10.9889726295842	4.31813245446292e-28	6.91490698851195e-27
Zo_SA_chr02A_3368-Zo_SB_chr02B_3368	1131.85222977751	-1.14893256717426	0.105365938344022	-10.904212359624	1.10042118769153e-27	1.72681478683902e-26
Zo_SA_chr02A_2236-Zo_SB_chr02B_2206	442.37197323217	-1.68006844261309	0.155719513848034	-10.7890681205996	3.87700772508481e-27	5.98385534411116e-26
Zo_SA_chr01A_953-Zo_SB_chr01B_983	213.808971630781	-2.24638515972157	0.209110340261338	-10.7425828723445	6.42220872828619e-27	9.81531053847517e-26
Zo_SA_chr02A_94-Zo_SB_chr02B_92	256.360433162406	-2.16671091610191	0.204737830694994	-10.5828556879151	3.57881138931548e-26	5.31385539198361e-25
Zo_SA_chr01A_3772-Zo_SB_chr01B_3757	190.521454804476	-2.6815075165299	0.25593885983961	-10.4771409789445	1.10019494603764e-25	1.5883429805565e-24
Zo_SA_chr02A_2298-Zo_SB_chr02B_2267	393.172580121219	-1.73161117442474	0.165501472851187	-10.4628142855366	1.27996407290718e-25	1.83810377846257e-24
Zo_SA_chr02A_564-Zo_SB_chr02B_549	151.32840978881	-2.82020898202916	0.270530678923546	-10.4247288819549	1.91203856546805e-25	2.72683433105656e-24
Zo_SA_chr01A_1867-Zo_SB_chr01B_1902	242.615994462546	-2.025184273563	0.196885952719588	-10.2860780344616	8.14257153106104e-25	1.14044613802204e-23
Zo_SA_chr02A_19-Zo_SB_chr02B_21	239.867577504593	-2.00376316347471	0.196008883671835	-10.2228180985383	1.56717338407305e-24	2.18195178577767e-23
Zo_SA_chr02A_1091-Zo_SB_chr02B_1075	246.436459132225	-2.44288422882498	0.241228826776538	-10.1268337680386	4.2003044698845e-24	5.70694699224164e-23
Zo_SA_chr02A_2123-Zo_SB_chr02B_2084	481.437183666757	-1.34107753014511	0.132430594747149	-10.1266443204128	4.20844769675108e-24	5.70694699224164e-23
Zo_SA_chr01A_179-Zo_SB_chr01B_244	889.857914496053	-1.08805466089754	0.107666482814188	-10.1057881009759	5.20751667539962e-24	7.02116903476294e-23
Zo_SA_chr01A_2795-Zo_SB_chr01B_2788	1607.59490500835	-1.12975110424082	0.111923153291987	-10.0939892328937	5.87330032462055e-24	7.85114675872354e-23
Zo_SA_chr02A_1353-Zo_SB_chr02B_1340	1141.29083138438	-1.05423497786844	0.104472424146781	-10.0910358544687	6.05273882918375e-24	8.04517013782724e-23
Zo_SA_chr01A_1875-Zo_SB_chr01B_1909	682.161947817763	-1.16631330468236	0.116888305716828	-9.97801531581664	1.90233709848455e-23	2.46568112322914e-22
Zo_SA_chr02A_1592-Zo_SB_chr02B_1576	449.237621998619	-1.53354343646856	0.155007717880668	-9.89333600568942	4.4494817083182e-23	5.59704240628123e-22
Zo_SA_chr02A_2398-Zo_SB_chr02B_2365	312.65742063466	-1.77870472416889	0.18273016150753	-9.73405107013813	2.15822577788214e-22	2.66484088153237e-21
Zo_SA_chr02A_2427-Zo_SB_chr02B_2394	851.01802892286	-1.11145162606282	0.114260607442321	-9.72733867727677	2.30545647197054e-22	2.83916056863144e-21
Zo_SA_chr02A_2764-Zo_SB_chr02B_2728	699.851417613212	-1.15513527932926	0.118817666849224	-9.72191518282459	2.43164174447365e-22	2.97891986033168e-21
Zo_SA_chr01A_1927-Zo_SB_chr01B_1958	362.555625965533	-2.00733945590789	0.207237624236997	-9.68617288148557	3.45222994042899e-22	4.18549428436506e-21
Zo_SA_chr02A_711-Zo_SB_chr02B_682	727.618670156982	-1.65597895995255	0.171347571736215	-9.66444369869381	4.26933108504589e-22	5.14953764808106e-21
Zo_SA_chr02A_1220-Zo_SB_chr02B_1200	339.635423611406	-1.59594995271836	0.16522030942914	-9.65952647245727	4.47929599810806e-22	5.38893764695462e-21
Zo_SA_chr01A_2271-Zo_SB_chr01B_2289	761.256892090313	-1.089987083502	0.112849721165396	-9.65874857505831	4.5134354453915e-22	5.41612253446979e-21
Zo_SA_chr02A_740-Zo_SB_chr02B_713	743.940628452386	-1.07739672187185	0.11281440393778	-9.55016987428363	1.29483796258922e-21	1.54197454834228e-20
Zo_SA_chr02A_2350-Zo_SB_chr02B_2317	345.585942881465	-1.81954564294457	0.190923942266218	-9.53021198571031	1.56962381041766e-21	1.85976639355546e-20
Zo_SA_chr01A_707-Zo_SB_chr01B_752	618.279111318838	-1.36601410137442	0.144311345175552	-9.46574297199359	2.91481437191839e-21	3.41055088105762e-20
Zo_SA_chr02A_1225-Zo_SB_chr02B_1205	627.8623225737	-1.28898960336236	0.136333122058432	-9.45470611910368	3.239306224446e-21	3.78080219032354e-20
Zo_SA_chr01A_2613-Zo_SB_chr01B_2607	794.193704979145	-1.38700229329681	0.15024282051688	-9.23173758669541	2.66276730573525e-20	3.01053113217104e-19
Zo_SA_chr01A_3694-Zo_SB_chr01B_3685	538.596274248317	-1.27852685261931	0.139320096118762	-9.17690188448795	4.43672230194317e-20	4.90969364167862e-19
Zo_SA_chr02A_69-Zo_SB_chr02B_67	361.275789125947	-1.43725770559334	0.156741726138366	-9.16959217563154	4.74811927008284e-20	5.24192367417146e-19
Zo_SA_chr02A_1643-Zo_SB_chr02B_1626	377.849062374407	-1.61609189303925	0.176385563746277	-9.16226849133715	5.08176178503211e-20	5.59709537450016e-19
Zo_SA_chr02A_591-Zo_SB_chr02B_575	826.204651911959	-1.20278673474255	0.131625098567774	-9.13797404773246	6.36332012532219e-20	6.97586402523638e-19
Zo_SA_chr01A_1546-Zo_SB_chr01B_1570	647.262408539746	-1.08156518462196	0.119065038401906	-9.08381838311863	1.04831132721274e-19	1.13073028673153e-18
Zo_SA_chr01A_4231-Zo_SB_chr01B_4248	465.128288998456	-1.31978841178265	0.145924384178374	-9.04433086501415	1.50584588938498e-19	1.6057792984078e-18
Zo_SA_chr01A_640-Zo_SB_chr01B_688	1316.7151219578	-1.06450260904633	0.117921572108576	-9.02720842346124	1.76106789821419e-19	1.85683833222944e-18
Zo_SA_chr02A_3354-Zo_SB_chr02B_3355	181.104483496895	-2.06962522603232	0.231563423969106	-8.93761713554746	3.97652088795044e-19	4.14618577916965e-18
Zo_SA_chr01A_2731-Zo_SB_chr01B_2719	344.720234434448	-1.5229012200501	0.171872553646473	-8.86064230582493	7.9554738772876e-19	8.20375460049086e-18
Zo_SA_chr02A_3240-Zo_SB_chr02B_3235	172.146961831534	-2.42357530673732	0.274931919213843	-8.81518345948133	1.19489235446248e-18	1.22144551789498e-17
Zo_SA_chr01A_2291-Zo_SB_chr01B_2308	577.351101724214	-1.14005306418783	0.129785316443322	-8.78414519785604	1.57558065867924e-18	1.60360617148004e-17
Zo_SA_chr01A_7-Zo_SB_chr01B_53	722.156630380954	-1.00699933788805	0.114646786268425	-8.78349381316578	1.58473606194338e-18	1.60943324732432e-17
Zo_SA_chr02A_1522-Zo_SB_chr02B_1507	268.881806126994	-1.74439705047135	0.19866332767489	-8.78066964289471	1.625042068059e-18	1.64680289056865e-17
Zo_SA_chr02A_3125-Zo_SB_chr02B_3117	347.897329303388	-1.5094961511859	0.174157864359178	-8.66740159418097	4.42093446111723e-18	4.40403917018302e-17
Zo_SA_chr01A_3571-Zo_SB_chr01B_3569	293.696902181813	-1.62244801158324	0.187506716438405	-8.65274611171707	5.02747852130196e-18	4.98708863043315e-17
Zo_SA_chr01A_276-Zo_SB_chr01B_330	737.381061405714	-1.0410726702448	0.12072391150775	-8.62358299397852	6.48911073370876e-18	6.38299948900661e-17
Zo_SA_chr02A_3102-Zo_SB_chr02B_3100	216.196331151284	-1.98663083972117	0.230807970585517	-8.60728871139697	7.48088652863542e-18	7.29736374061484e-17
Zo_SA_chr01A_1905-Zo_SB_chr01B_1936	186.032144135008	-1.94852953968436	0.226946258901339	-8.58586323086935	9.01568746538647e-18	8.7762667194177e-17
Zo_SA_chr02A_340-Zo_SB_chr02B_340	429.242074016993	-1.19965781216791	0.14083965474644	-8.51789799064554	1.62475212629178e-17	1.56215921650841e-16
Zo_SA_chr02A_3421-Zo_SB_chr02B_3455	675.112801892954	-1.26208037718623	0.14849136314856	-8.49935208638073	1.90651818685829e-17	1.81816734405266e-16
Zo_SA_chr02A_2046-Zo_SB_chr02B_1995	840.519073004852	-1.02232856003025	0.12138058152179	-8.42250504333532	3.68518587855131e-17	3.44440082513202e-16
Zo_SA_chr01A_3654-Zo_SB_chr01B_3649	152.361896857733	-2.18349453455343	0.259875143694058	-8.40209072524451	4.38598762984617e-17	4.07506018994817e-16
Zo_SA_chr02A_2308-Zo_SB_chr02B_2278	506.613332905039	-1.08218842265711	0.129458564981733	-8.359342024298	6.30690174118178e-17	5.81374910994596e-16
Zo_SA_chr01A_1426-Zo_SB_chr01B_1457	195.370142669165	-1.89692048338114	0.229119424821063	-8.27917792156903	1.24028508528638e-16	1.12127507132249e-15
Zo_SA_chr02A_506-Zo_SB_chr02B_491	887.942513314689	-1.07438854237393	0.13011376518607	-8.25730114594329	1.49003152853511e-16	1.34188635928728e-15
Zo_SA_chr02A_483-Zo_SB_chr02B_468	331.528562824444	-1.64879186081707	0.200410752219125	-8.22706288240619	1.91859750838005e-16	1.71467800177509e-15
Zo_SA_chr01A_3974-Zo_SB_chr01B_3953	161.569456235171	-2.0091614335767	0.245352486680906	-8.18887740147393	2.63673957721768e-16	2.32986480156409e-15
Zo_SA_chr01A_760-Zo_SB_chr01B_805	342.499038697119	-1.30320387240898	0.159953292757702	-8.14740259447537	3.71824172559414e-16	3.25484891352382e-15
Zo_SA_chr02A_904-Zo_SB_chr02B_867	574.887014148488	-1.01455251854636	0.125350964149937	-8.09369537303932	5.78813372459247e-16	5.00145919627769e-15
Zo_SA_chr01A_2221-Zo_SB_chr01B_2238	430.684598464728	-1.20673730467879	0.149637809315432	-8.06438767180171	7.36038459406732e-16	6.29051448367283e-15
Zo_SA_chr02A_3435-Zo_SB_chr02B_3467	240.812423678803	-1.66300174674549	0.207488939187676	-8.01489348423191	1.10232504525105e-15	9.33593702584465e-15
Zo_SA_chr01A_2634-Zo_SB_chr01B_2632	620.548306305086	-1.13444767393086	0.14194694169412	-7.99205435771537	1.32708497309889e-15	1.11589295587455e-14
Zo_SA_chr01A_4150-Zo_SB_chr01B_4174	211.121549023827	-2.10880816157692	0.263978457412732	-7.98856157523408	1.36522273733805e-15	1.14386162206966e-14
Zo_SA_chr02A_1729-Zo_SB_chr02B_1699	92.156462300117	-2.54494374222842	0.318634820207268	-7.98702332837623	1.38235940493525e-15	1.15615513867312e-14
Zo_SA_chr01A_2191-Zo_SB_chr01B_2209	290.720063819983	-1.85210006574857	0.232441465116344	-7.96802784228509	1.61226545981203e-15	1.33889372344036e-14
Zo_SA_chr01A_2686-Zo_SB_chr01B_2681	354.717168360095	-1.27368226065001	0.162013923259341	-7.86156050681633	3.79377095317836e-15	3.05848338699534e-14
Zo_SA_chr01A_3789-Zo_SB_chr01B_3772	377.208337550893	-1.20029877985495	0.156325091121319	-7.67822216667342	1.6131155993766e-14	1.25726551366695e-13
Zo_SA_chr02A_1341-Zo_SB_chr02B_1322	295.383359800426	-1.65611944529416	0.216084049264819	-7.66423736934198	1.79896916017114e-14	1.39516748752446e-13
Zo_SA_chr01A_3491-Zo_SB_chr01B_3498	83.686951441098	-2.61238968871552	0.343760168851934	-7.59945428651664	2.9738210614443e-14	2.27250300004831e-13
Zo_SA_chr01A_1637-Zo_SB_chr01B_1653	383.548337853441	-1.15033380527018	0.153399622961796	-7.49893502382771	6.43384082642048e-14	4.81460624522566e-13
Zo_SA_chr02A_988-Zo_SB_chr02B_959	317.605695011478	-1.35583468643658	0.180915792764682	-7.49428596430005	6.6660248254936e-14	4.98041217853758e-13
Zo_SA_chr02A_2871-Zo_SB_chr02B_2832	131.7641402452	-2.13955071085904	0.286007343978048	-7.48075444882021	7.38971402800647e-14	5.4948555022831e-13
Zo_SA_chr01A_3798-Zo_SB_chr01B_3782	84.2013534277187	-2.70249375208669	0.361706193528824	-7.4715163866038	7.92758940319175e-14	5.87618475193929e-13
Zo_SA_chr01A_2213-Zo_SB_chr01B_2231	380.075047328999	-1.27749254065248	0.171197492955321	-7.46209841394047	8.51552403285756e-14	6.29210059246735e-13
Zo_SA_chr01A_4037-Zo_SB_chr01B_4012	480.002574262776	-1.17860759180535	0.159416138057331	-7.39327652876326	1.43254117555243e-13	1.05023174932687e-12
Zo_SA_chr01A_1813-Zo_SB_chr01B_1841	283.447400249033	-1.37246971797741	0.186435398491821	-7.36163694813367	1.81668505250867e-13	1.31948703813787e-12
Zo_SA_chr02A_3729-Zo_SB_chr02B_3748	451.110143733785	-1.10806379325799	0.150635767281511	-7.35591429084179	1.89624663404086e-13	1.37514516335699e-12
Zo_SA_chr01A_3542-Zo_SB_chr01B_3542	290.333668381007	-1.64826392773132	0.22638960295328	-7.28065205393496	3.32210506407534e-13	2.38703169381952e-12
Zo_SA_chr02A_1662-Zo_SB_chr02B_1642	455.737715249538	-1.09062887202335	0.150335557929752	-7.25463015564806	4.02760819380328e-13	2.88512025119465e-12
Zo_SA_chr02A_2653-Zo_SB_chr02B_2600	310.359730690491	-1.27425992479495	0.175911521313622	-7.24375478808546	4.36430186041621e-13	3.11678909118309e-12
Zo_SA_chr01A_3805-Zo_SB_chr01B_3789	439.536783465899	-1.16212198476819	0.16056913995418	-7.23751765189634	4.56971287290093e-13	3.25852474158833e-12
Zo_SA_chr02A_1425-Zo_SB_chr02B_1417	70.7036501822399	-2.71544528776657	0.37601554021998	-7.22163048414954	5.13678985868544e-13	3.64626596323027e-12
Zo_SA_chr02A_3534-Zo_SB_chr02B_3567	416.503127197716	-1.09745363993439	0.152361293538855	-7.20296877536364	5.8915468463102e-13	4.16312316308546e-12
Zo_SA_chr01A_538-Zo_SB_chr01B_593	404.246673900393	-1.17118110466406	0.162877790529323	-7.19055127686797	6.45302360268102e-13	4.54618419576267e-12
Zo_SA_chr01A_3303-Zo_SB_chr01B_3311	73.6105636508644	-2.61799496990174	0.36468838253128	-7.17871776372581	7.03682402939247e-13	4.93524339998647e-12
Zo_SA_chr01A_625-Zo_SB_chr01B_674	226.317905508417	-1.4571804410827	0.204128601249564	-7.13854125371275	9.43265625862136e-13	6.55674417265947e-12
Zo_SA_chr02A_1119-Zo_SB_chr02B_1095	140.456631829986	-1.84597002510189	0.259114134663249	-7.12415796035578	1.04718893559097e-12	7.25762257871909e-12
Zo_SA_chr01A_2676-Zo_SB_chr01B_2670	550.470023233251	-1.05685872355757	0.148830179952474	-7.10110492304089	1.23763367947882e-12	8.55224922550017e-12
Zo_SA_chr01A_3308-Zo_SB_chr01B_3315	136.445106058567	-2.25864036122136	0.320211801201272	-7.05358251241239	1.74369029152793e-12	1.18743031173426e-11
Zo_SA_chr02A_3336-Zo_SB_chr02B_3335	192.253031124187	-1.6544437076431	0.234641512031035	-7.05094206614331	1.77710479917275e-12	1.20843126343747e-11
Zo_SA_chr01A_2466-Zo_SB_chr01B_2479	405.879189911002	-1.27843359704247	0.183455664100698	-6.96862429028491	3.20055154375420e-12	2.13917205744939e-11
Zo_SA_chr01A_1722-Zo_SB_chr01B_1752	116.333178452658	-1.90866566451994	0.275733463225269	-6.92214010658766	4.44870917790264e-12	2.93990752996045e-11
Zo_SA_chr02A_1537-Zo_SB_chr02B_1523	285.169119696866	-1.23256118277548	0.178732277633647	-6.89613090088792	5.34379583898594e-12	3.52150141524186e-11
Zo_SA_chr01A_1531-Zo_SB_chr01B_1560	116.48635126287	-2.24504204369597	0.326837044713142	-6.86899505429807	6.46557476309389e-12	4.23693809894365e-11
Zo_SA_chr01A_204-Zo_SB_chr01B_270	267.101448546019	-1.75423267785818	0.255568215120518	-6.86404871212539	6.69357889943529e-12	4.38023322122042e-11
Zo_SA_chr02A_3426-Zo_SB_chr02B_3459	451.614931386104	-1.25960448885584	0.183540644699785	-6.86280954780429	6.75192194810409e-12	4.41225874380284e-11
Zo_SA_chr01A_636-Zo_SB_chr01B_686	73.6595656768239	-2.84746437876883	0.415104045489879	-6.85964015457483	6.9034220016233e-12	4.5049869306838e-11
Zo_SA_chr01A_97-Zo_SB_chr01B_161	103.091001298588	-2.18749103919667	0.319748672269848	-6.84128263510213	7.84872281088059e-12	5.07947688671058e-11
Zo_SA_chr02A_728-Zo_SB_chr02B_700	303.789909247935	-1.16585071444116	0.170447975460227	-6.83992116241477	7.9236774488657e-12	5.12092211984543e-11
Zo_SA_chr02A_751-Zo_SB_chr02B_720	342.723283693479	-1.18009591058764	0.172872876279918	-6.82637979989881	8.70841943260849e-12	5.58959014744173e-11
Zo_SA_chr02A_1141-Zo_SB_chr02B_1114	227.69457960562	-1.41702900428845	0.208460018080169	-6.79760568639828	1.06372112872535e-11	6.77202108002628e-11
Zo_SA_chr02A_1926-Zo_SB_chr02B_1882	356.376649641738	-1.54559918846933	0.229901611986555	-6.72287234140713	1.78176681817046e-11	1.12215435045044e-10
Zo_SA_chr02A_3317-Zo_SB_chr02B_3314	171.284218855308	-1.52497796282416	0.229182200599539	-6.65399825481572	2.85236056436035e-11	1.76793603275809e-10
Zo_SA_chr02A_712-Zo_SB_chr02B_683	143.881595532971	-1.65451112191414	0.249580774331361	-6.62916094537591	3.37600329533881e-11	2.08149900942571e-10
Zo_SA_chr02A_3327-Zo_SB_chr02B_3326	62.0246594936178	-2.83125066812838	0.42887388890109	-6.60159254596481	4.06764210912788e-11	2.4980859654487e-10
Zo_SA_chr01A_3816-Zo_SB_chr01B_3799	96.6096463200672	-2.22429512398804	0.340000194410197	-6.54204074161358	6.0684964160858e-11	3.67873193595279e-10
Zo_SA_chr02A_1172-Zo_SB_chr02B_1146	50.0834819778871	-2.94621076210752	0.451130803782206	-6.53072398826898	6.54525217434697e-11	3.95751587655103e-10
Zo_SA_chr02A_1111-Zo_SB_chr02B_1087	364.655212423067	-1.00881884477004	0.154855451341021	-6.51458399451779	7.28913854021592e-11	4.40162651617672e-10
Zo_SA_chr01A_826-Zo_SB_chr01B_874	305.137669264407	-1.17640895228212	0.181808631862816	-6.47058910365587	9.76215659066649e-11	5.81269526946792e-10
Zo_SA_chr01A_1327-Zo_SB_chr01B_1354	56.5350728023093	-2.71724974038904	0.420454771586584	-6.46264455540726	1.02888777705932e-10	6.10308653598271e-10
Zo_SA_chr01A_282-Zo_SB_chr01B_337	56.0775081465765	-2.80272787628221	0.436073111896424	-6.42719718281534	1.2997817446159e-10	7.63276088327633e-10
Zo_SA_chr01A_4105-Zo_SB_chr01B_4126	194.749753705747	-1.35859909923939	0.213219167320032	-6.37184318987699	1.86769799806146e-10	1.08725049713454e-09
Zo_SA_chr02A_3038-Zo_SB_chr02B_3034	411.364428607732	-1.00509300052951	0.157975410916477	-6.36233825693871	1.98705239506677e-10	1.15244126547012e-09
Zo_SA_chr01A_4159-Zo_SB_chr01B_4180	163.140934922228	-1.5534604434935	0.24434518842486	-6.35764695637219	2.04867647022267e-10	1.18671481460306e-09
Zo_SA_chr02A_1711-Zo_SB_chr02B_1690	138.571957190305	-1.66723583154429	0.262658331892599	-6.34754595268662	2.18776641630123e-10	1.26416256469032e-09
Zo_SA_chr01A_1269-Zo_SB_chr01B_1300	498.221431197133	-1.09199961784246	0.172558387141157	-6.32829059157337	2.47891976956756e-10	1.42363421772472e-09
Zo_SA_chr01A_4078-Zo_SB_chr01B_4102	95.9466704335338	-2.08699554627959	0.332886716751719	-6.26938667497557	3.62472985388249e-10	2.04659837237264e-09
Zo_SA_chr02A_2506-Zo_SB_chr02B_2459	432.294239322644	-1.0027694513355	0.160666787531646	-6.24129894386534	4.33951973169998e-10	2.42682080824033e-09
Zo_SA_chr01A_4168-Zo_SB_chr01B_4187	300.038764134614	-1.18383556250203	0.192658287618483	-6.1447424719478	8.00933539942817e-10	4.33946901779642e-09
Zo_SA_chr02A_2531-Zo_SB_chr02B_2478	382.831033278906	-1.06145655739549	0.174101228297814	-6.09677810876661	1.08227581611301e-09	5.81676761649739e-09
Zo_SA_chr02A_558-Zo_SB_chr02B_543	157.564701644111	-1.51929972795239	0.249885589876661	-6.07998135747761	1.20196521528129e-09	6.43792327636962e-09
Zo_SA_chr01A_1370-Zo_SB_chr01B_1392	100.942083356619	-1.91594024761096	0.316041541121875	-6.0623051033412	1.3418436010957e-09	7.17076329879389e-09
Zo_SA_chr01A_406-Zo_SB_chr01B_457	69.4992967766237	-2.75997277153633	0.457182447700788	-6.03691761443705	1.57085870311838e-09	8.35654085604473e-09
Zo_SA_chr01A_3494-Zo_SB_chr01B_3500	74.9608438664197	-2.53302228024215	0.421216774399423	-6.01358358496944	1.81466295187138e-09	9.58828667813119e-09
Zo_SA_chr02A_3304-Zo_SB_chr02B_3300	313.976853483967	-1.00902152767822	0.168089685136582	-6.00287594600664	1.93852731286395e-09	1.01854089047678e-08
Zo_SA_chr02A_886-Zo_SB_chr02B_853	121.454573194288	-1.75887538594449	0.295089482857319	-5.96048144079381	2.51495867363898e-09	1.30533032043298e-08
Zo_SA_chr01A_1023-Zo_SB_chr01B_1067	239.476955947791	-1.10196303722594	0.187017520609359	-5.89229839875652	3.80860612603228e-09	1.94028012414152e-08
Zo_SA_chr02A_3456-Zo_SB_chr02B_3486	78.427243455197	-1.9863284779549	0.339306581047345	-5.85408179182277	4.79652540915791e-09	2.42775590288769e-08
Zo_SA_chr02A_2563-Zo_SB_chr02B_2510	270.633649768231	-1.18840610131502	0.203983812468647	-5.82598239994008	5.67775998484979e-09	2.8583744473085e-08
Zo_SA_chr01A_1412-Zo_SB_chr01B_1439	76.8057321747874	-2.02691135317529	0.348535890033422	-5.81550253829218	6.04519959490398e-09	3.04009394418966e-08
Zo_SA_chr01A_4016-Zo_SB_chr01B_3991	116.991718380625	-1.63164871873415	0.280638652920283	-5.81405555419919	6.0977162901093e-09	3.05994490194576e-08
Zo_SA_chr02A_1311-Zo_SB_chr02B_1296	46.0738569745593	-2.7989945492198	0.485172213576779	-5.76907430164869	7.97081574043239e-09	3.93674394253777e-08
Zo_SA_chr01A_3258-Zo_SB_chr01B_3268	131.125083434924	-1.48808235565512	0.26065206130862	-5.70907572410556	1.13591347255186e-08	5.5402349409702e-08
Zo_SA_chr02A_3023-Zo_SB_chr02B_3020	85.01336496383	-2.70076033600258	0.477685129308371	-5.65385056033237	1.56892633149033e-08	7.62839621487318e-08
Zo_SA_chr01A_2398-Zo_SB_chr01B_2406	294.232942388311	-1.09199727217078	0.19319529380161	-5.65229747931717	1.58317281742876e-08	7.68969654179683e-08
Zo_SA_chr02A_1505-Zo_SB_chr02B_1491	172.339583634271	-1.30801251826675	0.231506020945038	-5.65001511808322	1.60433726739316e-08	7.78443687550023e-08
Zo_SA_chr01A_1243-Zo_SB_chr01B_1269	98.7654805072057	-1.84035673754716	0.327969948918447	-5.61135781987387	2.00745187319866e-08	9.66047609133138e-08
Zo_SA_chr01A_3902-Zo_SB_chr01B_3889	102.410655688244	-2.13342395376645	0.381239668227583	-5.59601775881542	2.1933124504073e-08	1.05440799357695e-07
Zo_SA_chr01A_513-Zo_SB_chr01B_571	77.0140904461337	-2.35658592701031	0.425416492363331	-5.5394794732068	3.03372000537071e-08	1.43779942072721e-07
Zo_SA_chr02A_665-Zo_SB_chr02B_639	85.9351848134138	-1.84147494915277	0.332460926621213	-5.53892142414331	3.04340144466911e-08	1.44093234897956e-07
Zo_SA_chr01A_1288-Zo_SB_chr01B_1316	182.298907036917	-1.49401841450449	0.270783774036643	-5.51738530057684	3.44080507559246e-08	1.61928359224472e-07
Zo_SA_chr02A_831-Zo_SB_chr02B_792	67.844051279618	-2.29904698159106	0.416879644274052	-5.51489383847126	3.48990555783718e-08	1.63910279052773e-07
Zo_SA_chr01A_2738-Zo_SB_chr01B_2725	217.912837414804	-1.30731097221956	0.23805351124665	-5.49166851340847	3.98154172294709e-08	1.86069659004659e-07
Zo_SA_chr02A_2781-Zo_SB_chr02B_2744	322.848155115256	-1.00652885448657	0.185730739973638	-5.4192906065492	5.98359862161468e-08	2.74706895622467e-07
Zo_SA_chr02A_3116-Zo_SB_chr02B_3112	133.898011813353	-1.50917262915538	0.279005885041584	-5.40910679690663	6.33398522147787e-08	2.89659441122555e-07
Zo_SA_chr02A_3467-Zo_SB_chr02B_3497	177.355259091863	-1.1563318211614	0.215916868863368	-5.35544919324081	8.53441262767163e-08	3.85403888826134e-07
Zo_SA_chr01A_3490-Zo_SB_chr01B_3497	252.874577357842	-1.25938625744834	0.235229218656567	-5.35386830190955	8.60935323841779e-08	3.87942680932353e-07
Zo_SA_chr01A_3703-Zo_SB_chr01B_3694	52.9741838227727	-2.40695123403325	0.462465207824124	-5.20461040811661	1.94404016440321e-07	8.4379615646437e-07
Zo_SA_chr02A_2501-Zo_SB_chr02B_2453	64.5689165132058	-2.0062597636535	0.38648250155914	-5.19107528946301	2.0908305231403e-07	9.05833500884054e-07
Zo_SA_chr01A_3888-Zo_SB_chr01B_3877	63.7645220743334	-2.43010956187179	0.468978908842521	-5.18170330488741	2.19868759939009e-07	9.50805734224728e-07
Zo_SA_chr02A_3660-Zo_SB_chr02B_3681	388.307302409887	-1.00478941523687	0.194364327515897	-5.16961845868909	2.34572407927834e-07	1.01037763523238e-06
Zo_SA_chr01A_725-Zo_SB_chr01B_766	33.6251907605245	-2.99813931835112	0.589875474078112	-5.08266481673401	3.72176123792544e-07	1.57746194474672e-06
Zo_SA_chr01A_472-Zo_SB_chr01B_533	105.202512648374	-1.76378115323285	0.348449868199078	-5.06179314214909	4.15331522893447e-07	1.75245998688494e-06
Zo_SA_chr01A_3186-Zo_SB_chr01B_3191	177.183880815365	-1.24676772962597	0.246866653458649	-5.05036914527951	4.4095709186359e-07	1.8539163754695e-06
Zo_SA_chr01A_2359-Zo_SB_chr01B_2373	81.1547889010345	-1.81199709229414	0.360526446290456	-5.02597551702024	5.00879792299989e-07	2.09272305028633e-06
Zo_SA_chr01A_4226-Zo_SB_chr01B_4245	191.713732541925	-1.15760961361046	0.232766209707071	-4.97327174364042	6.58322771363011e-07	2.71666705649538e-06
Zo_SA_chr02A_1924-Zo_SB_chr02B_1880	141.595649673211	-1.49389303503749	0.302940503430523	-4.93130835302816	8.16806791184136e-07	3.3500502309755e-06
Zo_SA_chr01A_1910-Zo_SB_chr01B_1941	167.95155842484	-1.12131721448491	0.22880373323522	-4.90078198738192	9.54559379217502e-07	3.88110277927948e-06
Zo_SA_chr02A_3132-Zo_SB_chr02B_3130	134.036471035117	-1.25408468626819	0.256075169742828	-4.89733029378697	9.71474705588346e-07	3.94645828451993e-06
Zo_SA_chr02A_811-Zo_SB_chr02B_815	63.2228909453079	-1.91859715898296	0.396999395908036	-4.8327457894354	1.34662696487763e-06	5.40956654041596e-06
Zo_SA_chr02A_2918-Zo_SB_chr02B_2890	92.8543007552012	-1.68957897189954	0.350435377162686	-4.82137102018432	1.42574894249438e-06	5.70299576997751e-06
Zo_SA_chr01A_934-Zo_SB_chr01B_966	58.7345802214567	-1.95845117311296	0.417754468476617	-4.68804362585192	2.75829226421551e-06	1.0608120740737e-05
Zo_SA_chr01A_1364-Zo_SB_chr01B_1386	110.613519305847	-1.30558144678501	0.279128199007997	-4.67735417426458	2.90600091645815e-06	1.11487786590528e-05
Zo_SA_chr01A_743-Zo_SB_chr01B_788	122.516871584601	-1.29451867845463	0.277283511895012	-4.66857430363465	3.03297086252766e-06	1.1626388306356e-05
Zo_SA_chr01A_1161-Zo_SB_chr01B_1181	63.2856953073031	-2.09080874123904	0.449104524798451	-4.65550584727988	3.23186233863643e-06	1.23283724332375e-05
Zo_SA_chr01A_4245-Zo_SB_chr01B_4265	117.668173262755	-1.30422496240366	0.280160616334315	-4.65527588948236	3.23547168865626e-06	1.23321146735785e-05
Zo_SA_chr01A_2414-Zo_SB_chr01B_2425	157.642313298804	-1.12659471022979	0.243306035360527	-4.63036072475729	3.65029245477094e-06	1.37567648174982e-05
Zo_SA_chr01A_1775-Zo_SB_chr01B_1805	146.653494645935	-1.42445917722395	0.313232751763271	-4.54760611463933	5.42595639727097e-06	2.01412875126546e-05
Zo_SA_chr01A_4269-Zo_SB_chr01B_4287	30.333473748468	-2.71382425660321	0.597752550722021	-4.54004630063929	5.62418764606012e-06	2.08276941083773e-05
Zo_SA_chr02A_3363-Zo_SB_chr02B_3363	103.192196182687	-1.35510986253242	0.299000619236373	-4.53213062231534	5.83917225483187e-06	2.15897527341774e-05
Zo_SA_chr02A_1625-Zo_SB_chr02B_1607	48.3138419117934	-2.30343458574296	0.508629313160254	-4.52870986029312	5.93449212434202e-06	2.19249110609549e-05
Zo_SA_chr01A_863-Zo_SB_chr01B_908	79.5604405619737	-1.77309323169425	0.396599334293433	-4.47074182525578	7.79487499261856e-06	2.8395616044539e-05
Zo_SA_chr01A_1248-Zo_SB_chr01B_1277	47.2267042291711	-2.11637097285119	0.473597993213425	-4.46870764483467	7.86935985164569e-06	2.86447140604512e-05
Zo_SA_chr01A_2267-Zo_SB_chr01B_2285	126.213848076096	-1.27023402481462	0.285292076598893	-4.45239853821988	8.49163684383039e-06	3.07428704253489e-05
Zo_SA_chr01A_1278-Zo_SB_chr01B_1303	125.859796901712	-1.32339438981182	0.297968121101923	-4.44139589469417	8.93771850978476e-06	3.22582886522385e-05
Zo_SA_chr02A_2750-Zo_SB_chr02B_2716	114.240156412661	-1.42210468804115	0.320588650759424	-4.43591713141563	9.16811142337003e-06	3.29843248963282e-05
Zo_SA_chr01A_1718-Zo_SB_chr01B_1748	74.5126327889924	-1.46981853251609	0.331572103711328	-4.43287754326805	9.29836830926028e-06	3.33802173734118e-05
Zo_SA_chr02A_202-Zo_SB_chr02B_191	112.005868817466	-1.23715487750896	0.280801290644093	-4.40580196291555	1.05393219678281e-05	3.76049419566915e-05
Zo_SA_chr02A_1920-Zo_SB_chr02B_1875	63.109100020098	-1.72144689762586	0.399242251320772	-4.3117853682344	1.61941593873675e-05	5.64929337141475e-05
Zo_SA_chr02A_71-Zo_SB_chr02B_69	101.511178908945	-1.44904293251319	0.336140452578148	-4.31082579141914	1.62646006402226e-05	5.66965127815188e-05
Zo_SA_chr02A_3397-Zo_SB_chr02B_3420	94.6934054886789	-1.60645138678495	0.375722645997331	-4.27563098444793	1.90596700363361e-05	6.58527038368845e-05
Zo_SA_chr02A_2314-Zo_SB_chr02B_2287	82.4055244726687	-1.51683708551523	0.360104314667446	-4.21221580451215	2.5287777227678e-05	8.61657594424585e-05
Zo_SA_chr02A_418-Zo_SB_chr02B_406	32.4404271065027	-2.36891235195971	0.563790822989316	-4.2017575585912	2.64850691880467e-05	9.01145356274947e-05
Zo_SA_chr01A_1651-Zo_SB_chr01B_1669	99.0771336197422	-1.30380523418738	0.312757240047963	-4.16874517113477	3.06281188000069e-05	0.00010353539871011
Zo_SA_chr02A_778-Zo_SB_chr02B_739	22.9111363797557	-2.66820696428119	0.640150505312552	-4.16809319392546	3.07158356999004e-05	0.000103757164221694
Zo_SA_chr01A_2099-Zo_SB_chr01B_2123	33.6962533925815	-2.25448604739263	0.543370359548224	-4.14907807865537	3.33816947275044e-05	0.000112116615362527
Zo_SA_chr02A_846-Zo_SB_chr02B_777	74.3451474913075	-1.75202613653079	0.423343590537215	-4.13854414166872	3.49516632548367e-05	0.000117221732660253
Zo_SA_chr02A_92-Zo_SB_chr02B_90	115.186229014527	-1.13515364998914	0.274893537215738	-4.12943011133165	3.63663524457609e-05	0.000121705367814201
Zo_SA_chr01A_3695-Zo_SB_chr01B_3686	55.5412995651127	-1.57236471929012	0.381757544332082	-4.11875218351246	3.80929536764586e-05	0.000127030660021282
Zo_SA_chr02A_3778-Zo_SB_chr02B_3783	89.6389459052271	-1.23754133908106	0.301939103726413	-4.09864546793646	4.15575020201596e-05	0.000137606068792229
Zo_SA_chr01A_1568-Zo_SB_chr01B_1585	24.7787192484618	-2.57644464392356	0.629324128938503	-4.09398674776591	4.24018556642625e-05	0.00014020402168902
Zo_SA_chr02A_1024-Zo_SB_chr02B_1002	45.9120125807412	-1.93055015180416	0.471555877210016	-4.09400082812318	4.23992793698721e-05	0.00014020402168902
Zo_SA_chr02A_863-Zo_SB_chr02B_762	53.8538722124796	-1.71432779041077	0.42991731691568	-3.98757557083239	6.67519448717247e-05	0.000214373802421719
Zo_SA_chr02A_3018-Zo_SB_chr02B_3011	89.2389929067617	-1.25428838683773	0.317845431277628	-3.94622122393241	7.93942631240935e-05	0.000252725836213193
Zo_SA_chr02A_152-Zo_SB_chr02B_146	136.87247746814	-1.10532458047107	0.280268046597917	-3.94381233925253	8.01964229521186e-05	0.000254933344506328
Zo_SA_chr01A_3797-Zo_SB_chr01B_3781	222.836248905624	-1.09729827872375	0.280734312360212	-3.90867175978047	9.2804955027724e-05	0.000292242180530256
Zo_SA_chr01A_3224-Zo_SB_chr01B_3232	118.491935419061	-1.16492613380064	0.298350494900862	-3.90455572794585	9.43986386401261e-05	0.000297061309523455
Zo_SA_chr02A_1765-Zo_SB_chr02B_1736	66.5277642191154	-1.35115663996317	0.346861054752003	-3.89538295364182	9.80436996191923e-05	0.000307500694260194
Zo_SA_chr01A_402-Zo_SB_chr01B_452	125.510941656373	-1.35484515960433	0.347967653898933	-3.89359512133803	9.87694473985137e-05	0.000309569971405362
Zo_SA_chr02A_1523-Zo_SB_chr02B_1508	124.571235531826	-1.0508053024308	0.272027733784207	-3.86286092161609	0.000112066816296316	0.000349612700839305
Zo_SA_chr02A_1683-Zo_SB_chr02B_1663	24.3752467553288	-2.47275939017436	0.642000565445435	-3.85164674809703	0.000117326187855005	0.000365534178894877
Zo_SA_chr02A_887-Zo_SB_chr02B_854	63.4342913557623	-1.49790839705119	0.388978339367604	-3.85087868770911	0.000117694790921807	0.00036625680704834
Zo_SA_chr01A_1846-Zo_SB_chr01B_1870	60.7974828234515	-1.86029302500721	0.486114351931367	-3.82686299554031	0.000129786702929228	0.000399841897665093
Zo_SA_chr02A_2330-Zo_SB_chr02B_2298	68.0870663078505	-1.45130833860168	0.382190009593998	-3.7973476599857	0.000146252601848402	0.000447630272584932
Zo_SA_chr01A_332-Zo_SB_chr01B_392	116.507795292472	-1.16754400922307	0.30773447091279	-3.79399813664016	0.000148240786265517	0.000453419666986834
Zo_SA_chr02A_3148-Zo_SB_chr02B_3146	35.6699119837773	-1.86418125702128	0.49337822365358	-3.77840197975619	0.000157837955315705	0.000480581237080654
Zo_SA_chr02A_427-Zo_SB_chr02B_416	256.866327591489	-2.5169564027804	0.66853771059634	-3.76486825333347	0.000166636919007185	0.000506714467907784
Zo_SA_chr01A_2831-Zo_SB_chr01B_2826	22.1063156875572	-2.46142026231821	0.655286350413656	-3.75625138653417	0.000172477446063467	0.000522105920599864
Zo_SA_chr02A_2160-Zo_SB_chr02B_2137	52.0906633931976	-1.63443933662578	0.435495729003957	-3.75305480116645	0.000174692646173511	0.000528470596934953
Zo_SA_chr01A_3991-Zo_SB_chr01B_3965	33.9105606820015	-2.19829176079226	0.594720022929547	-3.69634731644588	0.00021872370018895	0.000655751821908341
Zo_SA_chr02A_722-Zo_SB_chr02B_693	23.0209914902384	-2.59700397764455	0.707489946833878	-3.67072915914427	0.000241859518100891	0.000720511021542464
Zo_SA_chr01A_2036-Zo_SB_chr01B_2063	16.0814262819945	-2.94827139876281	0.80678429622669	-3.65434901565611	0.00025783533700519	0.000764705057666466
Zo_SA_chr01A_2232-Zo_SB_chr01B_2247	93.6785686361515	-1.08210571949601	0.297677875136897	-3.63515669076302	0.00027781172995615	0.000819806689908338
Zo_SA_chr01A_373-Zo_SB_chr01B_427	51.199527924161	-1.62430497148032	0.447501796013184	-3.62971721220191	0.000283731887498513	0.000836224884511948
Zo_SA_chr01A_750-Zo_SB_chr01B_795	27.692555316948	-2.37438755366342	0.654842167389995	-3.62589288213834	0.000287964713740178	0.00084763515487385
Zo_SA_chr02A_412-Zo_SB_chr02B_400	29.6989658511869	-1.99222299577364	0.554166872486101	-3.59498752936301	0.000324407115830842	0.000946590912610889
Zo_SA_chr02A_2682-Zo_SB_chr02B_2642	58.5925918862223	-1.41158323524955	0.393140864054094	-3.59052788533151	0.000330008920295309	0.000961740282003473
Zo_SA_chr01A_3168-Zo_SB_chr01B_3173	46.8639142034093	-1.65210541362017	0.460644189339316	-3.5865109163533	0.000335132041171928	0.000975458769961965
Zo_SA_chr02A_3756-Zo_SB_chr02B_3765	37.0069425918309	-2.15499715101138	0.605088761130025	-3.56145625145449	0.000368803566759777	0.00106684730902397
Zo_SA_chr01A_618-Zo_SB_chr01B_667	97.5528718845252	-1.06092785136829	0.299658038456025	-3.54046184388937	0.000399427386729788	0.00114976275983814
Zo_SA_chr02A_1112-Zo_SB_chr02B_1088	46.5735099907937	-1.71569831019532	0.485039867849021	-3.53723152243924	0.000404345046031371	0.00116249200734019
Zo_SA_chr02A_2352-Zo_SB_chr02B_2322	73.0851379098284	-1.33994733352775	0.379183962659578	-3.53376583790471	0.000409683864632245	0.00117496130370079
Zo_SA_chr01A_425-Zo_SB_chr01B_476	58.7471672172303	-1.49023192090149	0.421927101618428	-3.53196539209085	0.000412483334479099	0.00118226744372384
Zo_SA_chr02A_2825-Zo_SB_chr02B_2785	30.6673943743663	-2.1086156249013	0.597753705820882	-3.52756595963814	0.000419399253432519	0.00120062312208992
Zo_SA_chr01A_3606-Zo_SB_chr01B_3601	47.8152927101407	-1.5884948962952	0.457732710219552	-3.47035477436881	0.000519771333149595	0.0014638457954009
Zo_SA_chr01A_1219-Zo_SB_chr01B_1250	107.425264863185	-1.08650143708959	0.313887856162781	-3.46143189600216	0.000537310048349209	0.00150781025529575
Zo_SA_chr01A_2470-Zo_SB_chr01B_2482	38.0668836899573	-1.71754502689467	0.497962400966656	-3.4491460069285	0.000562362538468303	0.0015743466769053
Zo_SA_chr02A_1948-Zo_SB_chr02B_1907	58.9850682628796	-1.50000017048824	0.440304748082476	-3.40673176253659	0.000657457056682755	0.00182423921345682
Zo_SA_chr01A_1676-Zo_SB_chr01B_1702	20.1397217016383	-2.77123728962215	0.820201238270301	-3.37872848798221	0.000728218899778438	0.00199696264042106
Zo_SA_chr02A_3332-Zo_SB_chr02B_3332	49.9223431407767	-1.5956935771526	0.474515182332212	-3.36278719114923	0.000771598203808747	0.00210852578466549
Zo_SA_chr02A_1346-Zo_SB_chr02B_1329	31.2755277740647	-1.79238625008445	0.535166513947879	-3.34921226080116	0.000810416837418591	0.00220817410056215
Zo_SA_chr02A_1687-Zo_SB_chr02B_1668	16.2824706411193	-2.46651218494734	0.736850860058211	-3.34736962205959	0.000815823531873543	0.00222161579312284
Zo_SA_chr02A_2854-Zo_SB_chr02B_2814	47.2650145812305	-1.49837830096002	0.452146145568478	-3.31392474677878	0.000919962631426927	0.00247503707950409
Zo_SA_chr01A_1851-Zo_SB_chr01B_1878	105.875677847566	-1.06868315793353	0.322718057484673	-3.31150715972651	0.000927948653868631	0.00248938541106439
Zo_SA_chr01A_181-Zo_SB_chr01B_247	51.2312164630822	-1.50658299903292	0.457139004840996	-3.29567808276816	0.000981844525450356	0.00262197752613151
Zo_SA_chr01A_2753-Zo_SB_chr01B_2739	67.8553357959494	-1.42099502861185	0.43126328965212	-3.29495939651646	0.000984359017856275	0.00262719710567784
Zo_SA_chr01A_388-Zo_SB_chr01B_447	30.6695398199909	-1.84182523777143	0.560431485748303	-3.28644140204253	0.00101461881497719	0.00269721896876657
Zo_SA_chr01A_1887-Zo_SB_chr01B_1920	81.2802376669795	-1.27212312730655	0.388374337311157	-3.27550768702659	0.00105472243960813	0.00279117748823539
Zo_SA_chr01A_1573-Zo_SB_chr01B_1592	58.0720032579168	-1.62560436127066	0.499238905558693	-3.25616522104073	0.0011292801686583	0.00297506038817786
Zo_SA_chr01A_1585-Zo_SB_chr01B_1605	66.1193359997921	-1.23098902104331	0.382000057601628	-3.22248386236386	0.00127084324285738	0.00332004259214188
Zo_SA_chr01A_1089-Zo_SB_chr01B_1110	42.7873680895585	-1.42970842770809	0.448254567889161	-3.18950107846221	0.00142518607328236	0.00368631370222759
Zo_SA_chr02A_2013-Zo_SB_chr02B_1959	86.3871340698351	-1.28162114884929	0.40505658430638	-3.16405460003555	0.00155587603952567	0.0039869854601062
Zo_SA_chr01A_4091-Zo_SB_chr01B_4111	30.2872312512459	-2.17769910906079	0.691406057888255	-3.1496673831758	0.00163456443447346	0.00417949663572177
Zo_SA_chr02A_125-Zo_SB_chr02B_119	39.2915194858582	-1.886135245151	0.611838085188084	-3.08273592444181	0.00205107076710571	0.00513259948760534
Zo_SA_chr01A_432-Zo_SB_chr01B_486	42.6421039516486	-1.65517842833944	0.537066736943047	-3.08188594542387	0.00205693634035388	0.00514179291898797
Zo_SA_chr01A_1550-Zo_SB_chr01B_1575	36.2396820484701	-1.66051933669068	0.548203329817903	-3.02902088763718	0.00245347719141161	0.006061987878938
Zo_SA_chr01A_764-Zo_SB_chr01B_810	58.5838736311589	-1.20995497002349	0.402105703022129	-3.00904702651507	0.00262068547914493	0.00645811778789287
Zo_SA_chr02A_2515-Zo_SB_chr02B_2465	61.6990878593539	-1.20330928622061	0.405247061381232	-2.969322669779	0.00298457018254111	0.00725951440978896
Zo_SA_chr02A_1670-Zo_SB_chr02B_1651	37.9008598151551	-2.06278453159576	0.702035914114339	-2.93828918168394	0.00330029027561795	0.00794065641514747
Zo_SA_chr02A_1584-Zo_SB_chr02B_1568	29.8314045557263	-1.79724038774527	0.612947571611381	-2.93212742979061	0.00336648582362349	0.00808783998179284
Zo_SA_chr01A_3052-Zo_SB_chr01B_3055	51.4942810328769	-1.1662265707648	0.39909977058773	-2.92214292443057	0.00347631976671866	0.00833464095321612
Zo_SA_chr02A_2880-Zo_SB_chr02B_2837	35.5171277334114	-1.55152224877996	0.532650456268017	-2.91283379282279	0.00358165181237312	0.00856966359186878
Zo_SA_chr01A_3377-Zo_SB_chr01B_3394	17.6554793598183	-2.09316642141008	0.722019219044365	-2.89904529713282	0.00374300814699877	0.00892841597647087
Zo_SA_chr01A_117-Zo_SB_chr01B_183	50.2301684911005	-1.16504821409321	0.411733782518582	-2.82961530862634	0.00466040028913652	0.0109060339933309
Zo_SA_chr02A_326-Zo_SB_chr02B_325	53.4643180198502	-1.1866472276407	0.42192219092254	-2.81247882470005	0.0049161260289729	0.0114077464529876
Zo_SA_chr01A_822-Zo_SB_chr01B_870	11.2971697363505	-2.55852446560597	0.913583166534605	-2.80053810022676	0.00510174846287558	0.0118092766590095
Zo_SA_chr02A_1323-Zo_SB_chr02B_1306	37.8569332077813	-1.50902169819867	0.543044788434655	-2.77881627876124	0.00545573723684153	0.0125605098700984
Zo_SA_chr01A_523-Zo_SB_chr01B_580	51.1761030632202	-1.120795684866	0.406329162053617	-2.75834419366165	0.00580949921344361	0.0132514196934747
Zo_SA_chr02A_989-Zo_SB_chr02B_962	21.2015159567681	-2.20524584932849	0.800886257075415	-2.75350691792534	0.00589605241049178	0.0134292611213725
Zo_SA_chr01A_3354-Zo_SB_chr01B_3373	23.8008177319031	-2.22652039476943	0.819439637931498	-2.71712557179905	0.00658516181809164	0.0148760612664834
Zo_SA_chr01A_3429-Zo_SB_chr01B_3446	28.7651582894868	-1.49330267721022	0.55181601284482	-2.70616046372356	0.00680661474850881	0.0152953239463618
Zo_SA_chr02A_2150-Zo_SB_chr02B_2108	17.9082088583815	-2.12668819021313	0.786349808766052	-2.704506526873	0.00684059258357456	0.0153643180479329
Zo_SA_chr02A_926-Zo_SB_chr02B_898	28.6011671582935	-1.69715303043306	0.628752762847186	-2.69923749161408	0.00694985607525227	0.0156022606244419
Zo_SA_chr02A_3111-Zo_SB_chr02B_3108	11.0450007536942	-2.55486941098617	0.955609998310506	-2.67354822103485	0.00750534850780338	0.0167288311597338
Zo_SA_chr02A_3460-Zo_SB_chr02B_3489	30.7642519003531	-1.74385691793861	0.652901900124999	-2.67093252080403	0.0075640851178732	0.0168251715637282
Zo_SA_chr02A_2399-Zo_SB_chr02B_2366	24.6591701951554	-1.64542636988628	0.620635584047179	-2.6511956648641	0.00802073607166993	0.0177683161701017
Zo_SA_chr02A_968-Zo_SB_chr02B_941	26.7016063925159	-1.70731751232264	0.650606556665414	-2.624193523461	0.00868544197114901	0.0190697677719378
Zo_SA_chr02A_2125-Zo_SB_chr02B_2085	16.0959616372113	-2.09875165739223	0.805965512567992	-2.60402166676477	0.00921369319163541	0.020108829834962
Zo_SA_chr02A_2863-Zo_SB_chr02B_2823	15.5665257144382	-2.26202847104877	0.86867612181653	-2.60399522242943	0.00921440412301115	0.020108829834962
Zo_SA_chr01A_1416-Zo_SB_chr01B_1450	37.6987712093883	-1.31456107771791	0.505329944649144	-2.60139160886385	0.0092846400079791	0.0202526875487857
Zo_SA_chr02A_1049-Zo_SB_chr02B_1031	50.6147778157818	-1.24404476497784	0.480181670135895	-2.5907793702866	0.00957588617447737	0.0208588941182209
Zo_SA_chr02A_1838-Zo_SB_chr02B_1813	20.4025749513758	-1.91550335394171	0.749291188895331	-2.55642049757145	0.0105755234424545	0.0228770659253095
Zo_SA_chr02A_1270-Zo_SB_chr02B_1265	33.1213652196405	-1.50843684627084	0.598196770057948	-2.52163990475027	0.0116809215178838	0.0250717675031615
Zo_SA_chr02A_400-Zo_SB_chr02B_392	20.507247239074	-1.63448610851004	0.649472038142738	-2.51663814994114	0.0118480441040753	0.0253956249138061
Zo_SA_chr02A_2142-Zo_SB_chr02B_2101	34.1684726590455	-1.22356925903475	0.490224635891187	-2.49593588215003	0.0125625306614294	0.0267559663474474
Zo_SA_chr01A_2126-Zo_SB_chr01B_2148	15.8870582178777	-2.03228822947508	0.815935007365262	-2.49074768349203	0.0127474610935534	0.0270760921009292
Zo_SA_chr02A_3526-Zo_SB_chr02B_3558	12.1212416819049	-2.88081303731501	1.16698185221463	-2.46860140271073	0.0135642215006872	0.028565227684571
Zo_SA_chr01A_3918-Zo_SB_chr01B_3905	26.0198748189674	-2.02648982328133	0.821904068000627	-2.46560383648057	0.0136782523324305	0.0287795336070689
Zo_SA_chr01A_2812-Zo_SB_chr01B_2803	41.4799239846478	-1.11993307141127	0.454573308523077	-2.46370178453717	0.0137510468924015	0.0288938253556418
Zo_SA_chr01A_292-Zo_SB_chr01B_349	39.2720866883255	-1.15695243717801	0.47211430593328	-2.45057695273803	0.0142627472105322	0.0298753615677755
Zo_SA_chr02A_1627-Zo_SB_chr02B_1609	17.1064457236126	-1.87503628520518	0.767045697720242	-2.44449097462905	0.0145056710146439	0.0303215731051379
Zo_SA_chr02A_2771-Zo_SB_chr02B_2733	12.3300723392111	-2.18318403411956	0.893125665719112	-2.44443096634306	0.0145080843182086	0.0303215731051379
Zo_SA_chr01A_2586-Zo_SB_chr01B_2586	28.5800452688131	-1.5194855706764	0.628767958125864	-2.41660782970788	0.0156658853936529	0.0324522447095009
Zo_SA_chr02A_1945-Zo_SB_chr02B_1903	35.4629393302114	-1.32433723849553	0.551396373950449	-2.40178808033755	0.0163151570487874	0.0336634638843054
Zo_SA_chr01A_106-Zo_SB_chr01B_170	40.0471440933799	-1.52902664953842	0.637339623663192	-2.39907671321319	0.0164364708419819	0.0338690914319627
Zo_SA_chr02A_98-Zo_SB_chr02B_96	54.2508158289082	-1.11749823037452	0.468932787853124	-2.3830669539886	0.0171690713433333	0.0352857129841963
Zo_SA_chr02A_3537-Zo_SB_chr02B_3571	10.8104468434928	-2.14075550919509	0.898696306014821	-2.38206777402709	0.017215728677134	0.0353661116257062
Zo_SA_chr01A_2889-Zo_SB_chr01B_2888	21.8565389201714	-1.53466761684784	0.648108643614452	-2.36791721876924	0.0178885379078593	0.0366040208738229
Zo_SA_chr01A_836-Zo_SB_chr01B_886	14.3699713776931	-1.88351375743574	0.797133261452731	-2.36285932166868	0.0181345519937566	0.0370750840761246
Zo_SA_chr01A_3422-Zo_SB_chr01B_3438	11.3856531728794	-2.77453825263043	1.17481616444436	-2.36167864947846	0.0181924041508869	0.0371771603989379
Zo_SA_chr02A_2990-Zo_SB_chr02B_2978	7.14554165518337	-2.85911264360981	1.21875329165218	-2.34593224337791	0.0189795573947328	0.0386218196738417
Zo_SA_chr01A_1896-Zo_SB_chr01B_1928	18.8463885602554	-1.68741487291823	0.725035023588475	-2.32735635937499	0.0199463064295761	0.0404442825270402
Zo_SA_chr02A_1384-Zo_SB_chr02B_1366	6.9474562038591	-2.6121749221918	1.13630807395374	-2.29882633246002	0.0215148029051106	0.0432138078898883
Zo_SA_chr01A_434-Zo_SB_chr01B_488	9.98413880106527	-2.40430323831683	1.0565129842827	-2.27569681971225	0.022864161842361	0.0457088399507277
