baseMean	log2FoldChange	lfcSE	stat	pvalue	padj
Zo_SA_chr01A_295-Zo_SB_chr01B_353	17923.0799932476	1.86741726642938	0.0407886878346623	45.7827247103165	0	0
Zo_SA_chr02A_1484-Zo_SB_chr02B_1473	2594.70479849574	2.30844339445809	0.0742112988358337	31.1063602264219	1.97581696259744e-212	4.87922799395115e-210
Zo_SA_chr01A_163-Zo_SB_chr01B_227	1721.16839154124	2.342448720845	0.0792290117962384	29.5655425675298	4.14599377596336e-192	7.4819241526231e-190
Zo_SA_chr02A_2877-Zo_SB_chr02B_2834	2781.17699596743	1.7545399561803	0.0711308867146826	24.6663585569802	2.4569277492571e-134	3.11564999986873e-132
Zo_SA_chr02A_528-Zo_SB_chr02B_511	3487.47490984021	1.54470093456454	0.0667914872738565	23.1272127274394	2.4654995029636e-118	2.75431515902505e-116
Zo_SA_chr02A_2253-Zo_SB_chr02B_2225	4447.72714706839	1.21923826227322	0.0537830551223181	22.6695612493624	8.94814300673025e-114	9.32993044168407e-112
Zo_SA_chr01A_3043-Zo_SB_chr01B_3045	7157.49307828845	1.10875205669762	0.0499467132830955	22.1986990497907	3.53534625797995e-109	3.60605318313955e-107
Zo_SA_chr02A_2409-Zo_SB_chr02B_2375	1805.76836973266	1.6226790039483	0.0742105674552749	21.8658751656394	5.49024125955218e-106	5.36671083121226e-104
Zo_SA_chr01A_3437-Zo_SB_chr01B_3452	962.883036512253	2.19911776143079	0.10155862840684	21.6536772495706	5.61191678534907e-104	5.26622271137157e-102
Zo_SA_chr01A_184-Zo_SB_chr01B_250	12890.6320145969	1.13807206643035	0.0538024057789779	21.1528099896795	2.59984619990672e-99	2.1400839245548e-97
Zo_SA_chr01A_312-Zo_SB_chr01B_370	3010.74826757436	1.50018002293341	0.0723444400853947	20.7366318843937	1.61870680819755e-95	1.22499720973702e-93
Zo_SA_chr01A_408-Zo_SB_chr01B_459	17148.6342349042	2.56619078304262	0.12466296586958	20.5850291234634	3.73812876819677e-94	2.6983538739045e-92
Zo_SA_chr02A_3163-Zo_SB_chr02B_3166	1941.42870748067	1.48397811809555	0.0722366095866831	20.543296904249	8.83563694449288e-94	6.18758336471053e-92
Zo_SA_chr01A_3645-Zo_SB_chr01B_3638	1814.61026360364	1.63210119258289	0.0812272595702078	20.09302297306	8.49303595096686e-90	5.53462842804674e-88
Zo_SA_chr01A_3385-Zo_SB_chr01B_3401	4375.57584671689	1.31401070584031	0.0655469593485725	20.0468598223226	2.14994443660909e-89	1.38185469816025e-87
Zo_SA_chr02A_1481-Zo_SB_chr02B_1471	1968.0251630358	1.48859831100805	0.074351697426206	20.0210400372564	3.61104331548699e-89	2.28959665354932e-87
Zo_SA_chr02A_1768-Zo_SB_chr02B_1739	1740.31973534615	1.48017216738392	0.0760491092934942	19.4633728275703	2.24511917765075e-84	1.35052553609453e-82
Zo_SA_chr02A_1350-Zo_SB_chr02B_1339	658.084225115344	2.39619240892936	0.127054611522195	18.859546931996	2.45312935191962e-79	1.3383817347915e-77
Zo_SA_chr02A_235-Zo_SB_chr02B_221	959.622800309673	2.08017300858351	0.110514485110712	18.822627698981	4.92789346861417e-79	2.65766392583192e-77
Zo_SA_chr02A_1044-Zo_SB_chr02B_1025	1008.7670075263	1.92131873784913	0.102752282014877	18.6985505350718	5.08687597124391e-78	2.71222977921323e-76
Zo_SA_chr01A_2760-Zo_SB_chr01B_2749	1159.80203138469	1.79238959519408	0.0968647617232657	18.5040417516825	1.91555312371202e-76	9.76932093093131e-75
Zo_SA_chr01A_2069-Zo_SB_chr01B_2093	1810.06832979987	1.80134706643282	0.0982540046149614	18.3335740206412	4.46574071323064e-75	2.25303821790088e-73
Zo_SA_chr01A_1666-Zo_SB_chr01B_1689	864.731796015333	2.67750535467525	0.146119220388373	18.3241147027657	5.31390261138291e-75	2.65242883538389e-73
Zo_SA_chr01A_1645-Zo_SB_chr01B_1662	1608.75894853497	1.7453190213164	0.0955128133708715	18.2731401130382	1.35428787617685e-74	6.61908199481437e-73
Zo_SA_chr01A_369-Zo_SB_chr01B_423	535.422304262848	2.71748420813032	0.149304647783757	18.2009351247133	5.07342761969922e-74	2.40449721127563e-72
Zo_SA_chr01A_3848-Zo_SB_chr01B_3837	786.058511346661	1.96156077392818	0.110985935609542	17.673958084465	6.65587279149526e-70	2.9461655790279e-68
Zo_SA_chr01A_1406-Zo_SB_chr01B_1434	1027.39329807351	2.21398749415382	0.125365875053261	17.6602085153812	8.49253654472476e-70	3.72401695961202e-68
Zo_SA_chr02A_386-Zo_SB_chr02B_378	523.542159823051	2.53763073402324	0.144638567955679	17.5446339789595	6.53726216054612e-69	2.84007722752615e-67
Zo_SA_chr01A_769-Zo_SB_chr01B_815	2462.87326298658	1.21280645348673	0.0693919676177382	17.4776201788622	2.12171111478909e-68	9.05006231871858e-67
Zo_SA_chr01A_167-Zo_SB_chr01B_232	797.333001835373	1.90156806431974	0.109869443146801	17.3075243657965	4.12785448515858e-67	1.74485524724e-65
Zo_SA_chr02A_20-Zo_SB_chr02B_22	3101.92825723562	1.29104726966182	0.0775704676714817	16.6435411364222	3.37081115874091e-62	1.30709470717457e-60
Zo_SA_chr01A_1428-Zo_SB_chr01B_1458	484.954442484951	2.69693096431598	0.165464066890258	16.2991942299151	1.00001781360092e-59	3.72387585826628e-58
Zo_SA_chr01A_2284-Zo_SB_chr01B_2299	574.436862976198	2.22336472849202	0.136519787863319	16.2860253688499	1.24032720789633e-59	4.58237422003905e-58
Zo_SA_chr02A_1377-Zo_SB_chr02B_1359	353.979979802673	2.60942057220542	0.164454111251376	15.8671653286721	1.06963870481374e-56	3.92089437733288e-55
Zo_SA_chr02A_1344-Zo_SB_chr02B_1324	1012.43576828544	1.63678951508022	0.103211438022329	15.8586058526392	1.22584978661642e-56	4.45867224713508e-55
Zo_SA_chr01A_1291-Zo_SB_chr01B_1319	383.299977154913	2.57397533302968	0.167273036682654	15.387867549227	1.97432351353856e-53	6.76169775585614e-52
Zo_SA_chr02A_3628-Zo_SB_chr02B_3646	1348.26604327302	1.31501276558258	0.0873688320274334	15.051280131222	3.38617857947194e-51	1.11886971090721e-49
Zo_SA_chr01A_3863-Zo_SB_chr01B_3852	670.20923174618	1.90505410989682	0.126906356681978	15.0114947722501	6.17405023012928e-51	2.02577927830536e-49
Zo_SA_chr02A_2488-Zo_SB_chr02B_2445	636.219569753592	2.22163551762209	0.149573267052984	14.8531589995632	6.63661530243816e-50	2.13280815061917e-48
Zo_SA_chr01A_1339-Zo_SB_chr01B_1363	774.041781664019	2.0324140295607	0.139234332852069	14.5970752179354	2.93154653177728e-48	9.04922126782828e-47
Zo_SA_chr01A_3305-Zo_SB_chr01B_3313	443.908976308919	2.01708632985793	0.140672167966262	14.3389155013357	1.24993419212175e-46	3.71182989204762e-45
Zo_SA_chr02A_2304-Zo_SB_chr02B_2273	410.071898329526	2.34661117830363	0.164721583269478	14.2459241328725	4.75219562206022e-46	1.40234602884947e-44
Zo_SA_chr02A_3039-Zo_SB_chr02B_3036	1274.89697956271	1.19918896477289	0.0858657268481111	13.9658628511251	2.51836848438599e-44	7.03344340996373e-43
Zo_SA_chr02A_1955-Zo_SB_chr02B_1914	432.835626358043	2.16022164031602	0.155089629348785	13.9288593917382	4.23057685288815e-44	1.17454831915688e-42
Zo_SA_chr02A_2498-Zo_SB_chr02B_2451	2195.29958767026	1.44828661780295	0.105686034626472	13.7036707160189	9.65187679765589e-43	2.5878060534058e-41
Zo_SA_chr01A_3630-Zo_SB_chr01B_3623	368.41470136284	2.22760933306274	0.164094770848957	13.5751390585942	5.62368720395125e-42	1.48237867196288e-40
Zo_SA_chr02A_2338-Zo_SB_chr02B_2304	1605.66079305669	1.15792515208229	0.0856132422430192	13.5250706753453	1.11236696794285e-41	2.8995698964377e-40
Zo_SA_chr01A_4010-Zo_SB_chr01B_3986	1112.73069653095	1.50212166625514	0.111160134652424	13.513132841661	1.30833137093903e-41	3.39154187427951e-40
Zo_SA_chr01A_746-Zo_SB_chr01B_791	302.770580825984	2.57335593254049	0.192869387128129	13.3424799594086	1.31026996773437e-40	3.30526166054284e-39
Zo_SA_chr01A_4048-Zo_SB_chr01B_4024	831.949170250388	1.6085764431885	0.122635615000869	13.1167152639721	2.6413761030141e-39	6.45486285174071e-38
Zo_SA_chr02A_3555-Zo_SB_chr02B_3582	798.015705969691	1.92945226733956	0.14775855894966	13.0581421547087	5.71044046222059e-39	1.38825837558233e-37
Zo_SA_chr01A_3222-Zo_SB_chr01B_3230	360.184154306502	2.5575333268379	0.201433202136834	12.6966820747881	6.16901175635275e-37	1.41195137369791e-35
Zo_SA_chr01A_2156-Zo_SB_chr01B_2174	2035.84231069119	1.09704373272377	0.0869209369793957	12.6211678204046	1.61409741893946e-36	3.64103129310766e-35
Zo_SA_chr01A_2974-Zo_SB_chr01B_2971	511.465301062523	1.77793246022071	0.141043865921617	12.6055284191428	1.96848838241956e-36	4.39816547157742e-35
Zo_SA_chr02A_1410-Zo_SB_chr02B_1394	457.961045774795	2.23355820580392	0.177684408175812	12.5703669147711	3.07294437926932e-36	6.83329622157899e-35
Zo_SA_chr02A_3607-Zo_SB_chr02B_3626	477.701709104487	1.67390045482633	0.133639365088586	12.5255043954807	5.4146023693294e-36	1.1927377613565e-34
Zo_SA_chr02A_224-Zo_SB_chr02B_209	233.535620461797	2.63668773793229	0.210562439249617	12.5221181295614	5.65067747540039e-36	1.238924238999e-34
Zo_SA_chr01A_1880-Zo_SB_chr01B_1917	360.317804405047	2.04497030406127	0.163931769820325	12.4745209931097	1.02822662257856e-35	2.24392526192492e-34
Zo_SA_chr01A_2361-Zo_SB_chr01B_2376	280.423090429987	2.57792098570932	0.207576509339071	12.4191364134482	2.05770646523197e-35	4.46979571058721e-34
Zo_SA_chr01A_1588-Zo_SB_chr01B_1609	739.38693514398	1.58722843769867	0.128028978011822	12.3974155097302	2.69888695030579e-35	5.79359238014316e-34
Zo_SA_chr01A_724-Zo_SB_chr01B_765	323.042549689277	2.27488974220346	0.18455887220501	12.3260925634422	6.55489876437555e-35	1.37917421535651e-33
Zo_SA_chr01A_3235-Zo_SB_chr01B_3245	396.046725650085	2.01450498678759	0.164837539876551	12.2211541636467	2.39657831056984e-34	4.91036918480075e-33
Zo_SA_chr02A_3395-Zo_SB_chr02B_3418	407.13168847966	1.84116176757168	0.15150440944825	12.1525292516358	5.56179356392616e-34	1.12482480180783e-32
Zo_SA_chr01A_3563-Zo_SB_chr01B_3560	280.709962549814	2.21321237450421	0.183004301952365	12.0937723916474	1.13932579566458e-33	2.27477303542903e-32
Zo_SA_chr01A_2022-Zo_SB_chr01B_2048	259.053157968671	2.37596198101969	0.198329072239216	11.9798976226435	4.52882612765815e-33	8.78068272354217e-32
Zo_SA_chr01A_918-Zo_SB_chr01B_953	924.203480488108	1.1818037012086	0.0987234410727014	11.9708519918618	5.05072986151641e-33	9.75227346100205e-32
Zo_SA_chr02A_2212-Zo_SB_chr02B_2183	660.262960784597	1.5452119534477	0.129420533436756	11.9394651869736	7.36955153300682e-33	1.41712851610115e-31
Zo_SA_chr01A_4024-Zo_SB_chr01B_3998	1046.48643282307	1.27061391205376	0.106506376248753	11.9299328059585	8.26401728332369e-33	1.57621012574613e-31
Zo_SA_chr01A_2188-Zo_SB_chr01B_2207	901.571643687749	1.4181354617935	0.119111963519175	11.905902815255	1.10263419036521e-32	2.09455855109051e-31
Zo_SA_chr02A_2564-Zo_SB_chr02B_2511	962.338526190581	1.44072587405282	0.121531798938653	11.8547235096888	2.03394476330879e-32	3.8326380841144e-31
Zo_SA_chr02A_3415-Zo_SB_chr02B_3451	2556.24464046371	1.02700716094048	0.0874156467587222	11.7485507345744	7.18403660154665e-32	1.33759919581178e-30
Zo_SA_chr02A_1126-Zo_SB_chr02B_1101	552.135142772472	1.4675571555318	0.125436461887815	11.6996057880229	1.28046950836303e-31	2.35606389538797e-30
Zo_SA_chr01A_1262-Zo_SB_chr01B_1288	998.831332999086	1.23426738267177	0.105913964423181	11.6534905420047	2.202487015367e-31	4.00545313027209e-30
Zo_SA_chr02A_605-Zo_SB_chr02B_589	749.865096432072	1.37769279277835	0.118553807743534	11.6208228061193	3.2301027003121e-31	5.8067593371128e-30
Zo_SA_chr01A_2345-Zo_SB_chr01B_2362	589.780915967801	1.63987172797563	0.141465046052516	11.5920630129853	4.52109966661157e-31	8.09656474646622e-30
Zo_SA_chr02A_1458-Zo_SB_chr02B_1449	711.672189729357	1.46262076241008	0.127332814111323	11.4865973285673	1.54061371589758e-30	2.67724427962647e-29
Zo_SA_chr02A_2112-Zo_SB_chr02B_2072	481.59955854317	1.68355843684784	0.14713307604449	11.442419897065	2.56626180083353e-30	4.44313666771621e-29
Zo_SA_chr01A_3811-Zo_SB_chr01B_3794	349.401744165241	1.88511017815414	0.165365248924379	11.3996755087049	4.19680401710532e-30	7.21296866236563e-29
Zo_SA_chr01A_317-Zo_SB_chr01B_376	1270.44496333904	1.04019196854253	0.0914637887823595	11.3727190004964	5.71782044594073e-30	9.75564128449233e-29
Zo_SA_chr01A_2134-Zo_SB_chr01B_2156	1186.04811508725	1.04309959207682	0.0918128068363698	11.3611556820809	6.52753455104496e-30	1.10968087367764e-28
Zo_SA_chr02A_1678-Zo_SB_chr02B_1658	989.857466867206	1.1641482442159	0.10372639567319	11.2232593898642	3.13498727100205e-29	5.23464778489026e-28
Zo_SA_chr02A_3767-Zo_SB_chr02B_3770	465.000847705962	1.69741786724097	0.153292678937575	11.0730524054068	1.69526014630979e-28	2.75230470812648e-27
Zo_SA_chr01A_446-Zo_SB_chr01B_502	695.940253668478	1.35214415067539	0.122122370725554	11.0720430879456	1.71446597735162e-28	2.773887712322e-27
Zo_SA_chr01A_1276-Zo_SB_chr01B_1294	595.370456169564	1.65754484905563	0.151319144421236	10.9539665677822	6.3600145207624e-28	1.01156569937007e-26
Zo_SA_chr01A_537-Zo_SB_chr01B_592	494.021613483818	1.55405944086649	0.142398072254954	10.9134865118402	9.93706136769565e-28	1.56985494738141e-26
Zo_SA_chr02A_1033-Zo_SB_chr02B_1011	181.479947790684	2.58027909316468	0.236959790617934	10.8891010007898	1.29916357069122e-27	2.03189182456107e-26
Zo_SA_chr02A_1411-Zo_SB_chr02B_1395	494.758408267007	1.41120846774323	0.131518413001079	10.7301208670427	7.34999757638034e-27	1.11605788441348e-25
Zo_SA_chr01A_2439-Zo_SB_chr01B_2450	393.65980357308	1.73580767934022	0.163812500290943	10.5963078291174	3.09977513216207e-26	4.61718886352521e-25
Zo_SA_chr02A_2704-Zo_SB_chr02B_2670	612.868457166577	1.74119909019592	0.164728255252062	10.5701301062869	4.09925537172951e-26	6.04833528432543e-25
Zo_SA_chr01A_3017-Zo_SB_chr01B_3015	533.139959782199	1.34788317076406	0.128053756039636	10.5259167122506	6.56195594168176e-26	9.59149447924325e-25
Zo_SA_chr02A_3151-Zo_SB_chr02B_3151	977.416176532173	1.13184836549193	0.107630254033194	10.5160800339918	7.28413850114257e-26	1.06140303873792e-24
Zo_SA_chr01A_3511-Zo_SB_chr01B_3520	267.908738531226	2.22962576285226	0.212448515085506	10.4948992557321	9.11749233559748e-26	1.32034796415504e-24
Zo_SA_chr02A_1121-Zo_SB_chr02B_1096	445.23922560578	1.60733038192238	0.154180052455077	10.4250216310616	1.90615957550676e-25	2.72673802691394e-24
Zo_SA_chr01A_116-Zo_SB_chr01B_182	540.016947042968	1.36308255381364	0.131018329308209	10.4037546579236	2.38352166459492e-25	3.38893443947859e-24
Zo_SA_chr02A_452-Zo_SB_chr02B_433	409.843144154876	2.22598256408158	0.215327045835339	10.3376821775737	4.759087457702e-25	6.74611430560054e-24
Zo_SA_chr01A_3768-Zo_SB_chr01B_3753	339.210277868641	2.06370150919158	0.199824248932935	10.3275829645891	5.28761502827413e-25	7.4727378652597e-24
Zo_SA_chr02A_1222-Zo_SB_chr02B_1202	776.336201666379	1.35180442511104	0.131227137073188	10.3012567008691	6.95467391747111e-25	9.76985928765702e-24
Zo_SA_chr02A_1939-Zo_SB_chr02B_1896	1113.31302780026	1.03467497961879	0.102316813910703	10.1124628501607	4.86457464978138e-24	6.57768998754301e-23
Zo_SA_chr02A_3672-Zo_SB_chr02B_3696	385.269581340768	1.71124827293051	0.170113773119889	10.0594339984716	8.34768808235655e-24	1.09712471939543e-22
Zo_SA_chr01A_1715-Zo_SB_chr01B_1744	405.711856583694	1.62285708562415	0.161686230474854	10.0370766320546	1.04732052365407e-23	1.36122656426174e-22
Zo_SA_chr02A_2011-Zo_SB_chr02B_1958	123.511290014229	2.87756983709846	0.288412984808791	9.97725480011311	1.91697053332043e-23	2.47780323480426e-22
Zo_SA_chr01A_3997-Zo_SB_chr01B_3973	303.152544494784	1.77180599818843	0.178150431396018	9.94556108735884	2.63683841933822e-23	3.37112966308853e-22
Zo_SA_chr01A_1075-Zo_SB_chr01B_1101	346.850898469891	1.83441365838434	0.18814498333855	9.75000037648348	1.84467586389331e-22	2.28974051676915e-21
Zo_SA_chr02A_834-Zo_SB_chr02B_789	706.819953504128	1.37189901377927	0.141041347648756	9.72692785945151	2.31478348793151e-22	2.84318432601431e-21
Zo_SA_chr02A_557-Zo_SB_chr02B_541	303.979986134235	1.69762542261929	0.1748744483238	9.70768136163577	2.79625492017607e-22	3.41667398059014e-21
Zo_SA_chr02A_2649-Zo_SB_chr02B_2599	493.925261965582	1.73658052256689	0.183214798932077	9.47838565819507	2.5824725314586e-21	3.02924027940094e-20
Zo_SA_chr01A_90-Zo_SB_chr01B_156	466.455583929796	1.48652990696254	0.158389972867932	9.38525261445702	6.27658013301646e-21	7.27153431706499e-20
Zo_SA_chr01A_1202-Zo_SB_chr01B_1235	584.268549458819	1.26990972129432	0.136224635940645	9.32217372082124	1.13980794905215e-20	1.31077914140997e-19
Zo_SA_chr02A_1571-Zo_SB_chr02B_1559	225.139615528314	2.03120181610555	0.21799772936235	9.31753657272892	1.19072699293961e-20	1.36265635387138e-19
Zo_SA_chr01A_2090-Zo_SB_chr01B_2112	1059.80485199555	1.03118059584429	0.110964995223797	9.29284585435773	1.50217086819985e-20	1.71488703493764e-19
Zo_SA_chr02A_1839-Zo_SB_chr02B_1815	569.997368565805	1.40389064070243	0.151966410685938	9.2381641072236	2.50762694961122e-20	2.84197720955939e-19
Zo_SA_chr02A_458-Zo_SB_chr02B_439	636.946306492256	1.22353055604891	0.13269013911904	9.22096068458596	2.94450135513531e-20	3.3051675498313e-19
Zo_SA_chr02A_456-Zo_SB_chr02B_437	249.759784071163	1.98198267166844	0.215277706682866	9.20663222499008	3.36517327535393e-20	3.75937928760967e-19
Zo_SA_chr02A_3621-Zo_SB_chr02B_3639	218.779816215433	2.04738575219722	0.222828354595013	9.18817426048994	3.99565212353911e-20	4.43205668171289e-19
Zo_SA_chr01A_1811-Zo_SB_chr01B_1839	232.340560482845	1.96311244433996	0.215197906176555	9.12235848024172	7.35069273249076e-20	8.03949890462625e-19
Zo_SA_chr02A_2224-Zo_SB_chr02B_2193	807.566912648909	1.04750320456366	0.115230525980582	9.09050093844212	9.85837837924417e-20	1.068256613289e-18
Zo_SA_chr01A_1162-Zo_SB_chr01B_1182	360.735736164172	1.72203254700847	0.18977684345926	9.07398666570266	1.14740161694738e-19	1.2347725657608e-18
Zo_SA_chr01A_2988-Zo_SB_chr01B_2986	165.42388868036	2.27008990723577	0.250410478937657	9.06547488294585	1.2406264334204e-19	1.33204101272506e-18
Zo_SA_chr01A_4042-Zo_SB_chr01B_4020	1023.37260460173	2.48325836059207	0.274863907743189	9.03450140464507	1.64751757705844e-19	1.74495541118695e-18
Zo_SA_chr01A_2237-Zo_SB_chr01B_2252	427.894028380764	1.59108386045077	0.176129749298627	9.03358953718314	1.66130944026594e-19	1.75559997606482e-18
Zo_SA_chr02A_1132-Zo_SB_chr02B_1108	583.489144561838	1.39549239743486	0.156006324919926	8.94510141272245	3.71608381357354e-19	3.88326620340469e-18
Zo_SA_chr02A_3072-Zo_SB_chr02B_3072	173.085397554267	2.17280800539828	0.246002859079193	8.83245021432379	1.02407308409467e-18	1.0491159193389e-17
Zo_SA_chr01A_17-Zo_SB_chr01B_64	187.299173326936	2.22581921274997	0.254979681352897	8.72939836201847	2.56030921466125e-18	2.58900233517038e-17
Zo_SA_chr02A_2613-Zo_SB_chr02B_2559	784.991518945092	1.17470644558714	0.134654707836217	8.72384237033851	2.68917383552623e-18	2.71346314758905e-17
Zo_SA_chr02A_1281-Zo_SB_chr02B_1274	906.150118942323	1.11685442426433	0.128765741497821	8.6735370081586	4.18900917771531e-18	4.19079553557361e-17
Zo_SA_chr02A_1510-Zo_SB_chr02B_1496	142.090386064323	2.46569264859893	0.285543957798932	8.63507204846957	5.8690035100188e-18	5.79733988821225e-17
Zo_SA_chr01A_1233-Zo_SB_chr01B_1261	1342.0068266492	2.21942173818177	0.257358208212349	8.62386225641772	6.47329759268895e-18	6.38082191279339e-17
Zo_SA_chr01A_481-Zo_SB_chr01B_541	362.131131110136	1.40335126045612	0.162745736292085	8.62296790336483	6.52407463239971e-18	6.4039661454434e-17
Zo_SA_chr01A_3597-Zo_SB_chr01B_3589	309.885134023818	1.73292391730817	0.203041556429684	8.53482384483346	1.40369128472859e-17	1.35238593592331e-16
Zo_SA_chr01A_4169-Zo_SB_chr01B_4188	121.561955120027	2.49966276291435	0.2939342251185	8.50415688035854	1.82920045574843e-17	1.75513467042365e-16
Zo_SA_chr01A_1208-Zo_SB_chr01B_1243	262.28109692382	1.60399134277029	0.189208764911682	8.47736278770693	2.30355785603026e-17	2.18349362838262e-16
Zo_SA_chr01A_4030-Zo_SB_chr01B_4005	377.249640931966	1.42257967322202	0.169282152036613	8.40360106548233	4.32991839732628e-17	4.03094784132042e-16
Zo_SA_chr02A_1274-Zo_SB_chr02B_1267	196.459834003884	1.80954247556281	0.216008216225038	8.37719280861808	5.42050095199451e-17	5.01636892835468e-16
Zo_SA_chr01A_3598-Zo_SB_chr01B_3590	273.731400438919	1.66874643709548	0.20024513190154	8.33351812974911	7.84748293767622e-17	7.17746392662316e-16
Zo_SA_chr02A_3451-Zo_SB_chr02B_3482	224.696781263947	2.0292354131128	0.244178258572208	8.31046721759102	9.5325997698495e-17	8.70174282492876e-16
Zo_SA_chr01A_1641-Zo_SB_chr01B_1655	193.143951650252	1.94567184173895	0.234607687023438	8.2932996204194	1.10149420513627e-16	1.00353607970861e-15
Zo_SA_chr01A_4241-Zo_SB_chr01B_4260	467.372553616165	1.12093486734646	0.135179904668688	8.29217086736194	1.1120003294463e-16	1.0111444856128e-15
Zo_SA_chr02A_1016-Zo_SB_chr02B_991	761.956735154814	1.04396979297158	0.125932779404217	8.28989718094493	1.13346406126358e-16	1.02866796430342e-15
Zo_SA_chr01A_2-Zo_SB_chr01B_48	603.020676246897	1.12672580128617	0.136319253508083	8.26534603359868	1.39290111290997e-16	1.25682538880261e-15
Zo_SA_chr01A_422-Zo_SB_chr01B_473	482.93782167152	1.36821788945182	0.166328062696473	8.2260195139087	1.93537498880166e-16	1.72638392537213e-15
Zo_SA_chr02A_3514-Zo_SB_chr02B_3545	449.130105487562	1.2557244902507	0.153391526636181	8.18640062973671	2.69154705731537e-16	2.37382308137664e-15
Zo_SA_chr02A_556-Zo_SB_chr02B_540	228.028060098741	2.01188469629724	0.246776616647459	8.15265531892507	3.56019254826898e-16	3.12232213765945e-15
Zo_SA_chr01A_2937-Zo_SB_chr01B_2936	267.70072114254	1.53653356331982	0.188644038053099	8.14514775647094	3.78819045219666e-16	3.30990495376289e-15
Zo_SA_chr01A_1451-Zo_SB_chr01B_1490	202.35131751884	1.85514365431433	0.228821464535659	8.10738475989971	5.17208823402891e-16	4.49396999890067e-15
Zo_SA_chr02A_3712-Zo_SB_chr02B_3726	303.214100195345	1.36446501929952	0.168465391346677	8.09937880054934	5.52405292834204e-16	4.78207681545772e-15
Zo_SA_chr02A_581-Zo_SB_chr02B_567	183.50631182001	1.9053936254026	0.236006235375404	8.07348849225013	6.83176184073242e-16	5.8815828544434e-15
Zo_SA_chr01A_756-Zo_SB_chr01B_801	558.396734333496	1.07210155900774	0.133237533489715	8.04654312435543	8.51653861101819e-16	7.23905781936546e-15
Zo_SA_chr02A_5-Zo_SB_chr02B_6	302.606745006786	1.41940785625073	0.177526179743575	7.99548471273912	1.29065091670004e-15	1.08720540415738e-14
Zo_SA_chr01A_2838-Zo_SB_chr01B_2835	273.034768427055	1.77553072204759	0.224333979470456	7.9146758161147	2.47898177427454e-15	2.02637325520839e-14
Zo_SA_chr01A_1647-Zo_SB_chr01B_1665	134.47647201023	2.10887946842613	0.268201228229218	7.86304925726803	3.74893507036191e-15	3.02753930294975e-14
Zo_SA_chr02A_901-Zo_SB_chr02B_866	419.568529839558	1.12976665514486	0.144666323612723	7.80946544386708	5.7431041297881e-15	4.59056977461086e-14
Zo_SA_chr02A_3137-Zo_SB_chr02B_3137	122.048371431341	2.5657327881166	0.328655917447596	7.80674453709084	5.86840489480804e-15	4.68274757932642e-14
Zo_SA_chr01A_3445-Zo_SB_chr01B_3460	268.847844339742	1.7832491774909	0.228497509325308	7.80423901668055	5.98616461029365e-15	4.76860515305565e-14
Zo_SA_chr01A_4028-Zo_SB_chr01B_4003	101.213020397527	2.42561014953282	0.311964064129947	7.77528705525021	7.52765087984248e-15	5.97626699293078e-14
Zo_SA_chr02A_3590-Zo_SB_chr02B_3612	218.550744022453	1.65891029443851	0.213541999562276	7.76854341459283	7.939379451631e-15	6.29249465997511e-14
Zo_SA_chr01A_1914-Zo_SB_chr01B_1945	141.841420489735	2.26360140240028	0.291628460054561	7.7619358617358	8.36427057751579e-15	6.61807041310356e-14
Zo_SA_chr01A_778-Zo_SB_chr01B_819	132.366304490809	2.32171344065303	0.300252923725505	7.73252567150876	1.05433549491591e-14	8.31418847419405e-14
Zo_SA_chr01A_4012-Zo_SB_chr01B_3988	377.149770772501	1.68527757268414	0.217974208689552	7.73154577697946	1.06248456437842e-14	8.36439190614687e-14
Zo_SA_chr01A_3644-Zo_SB_chr01B_3636	407.751958465123	1.50319601579491	0.194533095606624	7.7271993801744	1.09938388499478e-14	8.64038390015999e-14
Zo_SA_chr02A_1908-Zo_SB_chr02B_1864	866.302145389085	1.02328268895261	0.133008730002569	7.69334981946556	1.43331924967693e-14	1.12085565324736e-13
Zo_SA_chr02A_3154-Zo_SB_chr02B_3153	172.934052725796	2.2460704644286	0.293622684741882	7.64951272890605	2.01742306878211e-14	1.55943147260719e-13
Zo_SA_chr02A_2505-Zo_SB_chr02B_2458	437.176965820278	1.16841115737882	0.153396170809909	7.61695126553542	2.59737342668004e-14	1.99457874271403e-13
Zo_SA_chr01A_39-Zo_SB_chr01B_89	260.938608195212	1.48923148831326	0.195649517294817	7.61173096107975	2.70449078886437e-14	2.07344293812935e-13
Zo_SA_chr01A_3051-Zo_SB_chr01B_3054	493.60099337167	1.15460297030679	0.151866284538578	7.60276037446278	2.89879953564863e-14	2.21878750754704e-13
Zo_SA_chr02A_2954-Zo_SB_chr02B_2934	535.377234638196	1.00556753617854	0.132729740954825	7.57605287966915	3.56226660906806e-14	2.70893921065597e-13
Zo_SA_chr02A_342-Zo_SB_chr02B_341	279.295667342012	1.36966757294492	0.18224744549651	7.51542809949095	5.67250052392778e-14	4.26528404779954e-13
Zo_SA_chr02A_2097-Zo_SB_chr02B_2054	384.579737281638	1.27519279474127	0.172717336001448	7.38311986661596	1.54622700056864e-13	1.13180921788893e-12
Zo_SA_chr01A_2335-Zo_SB_chr01B_2352	383.415339070021	1.14050601691307	0.154693115973628	7.37270052215833	1.67205819114655e-13	1.2182138249782e-12
Zo_SA_chr02A_838-Zo_SB_chr02B_787	587.8882950906	1.02858997083109	0.140203016538886	7.3364325263701	2.19362322347541e-13	1.58589833043861e-12
Zo_SA_chr01A_2744-Zo_SB_chr01B_2730	360.303742714039	1.24979544587872	0.172358225819428	7.25115056120427	4.13245993479705e-13	2.95571677043716e-12
Zo_SA_chr01A_3450-Zo_SB_chr01B_3467	723.296014880311	1.1129699449378	0.155130538887667	7.17440906811855	7.26201705037306e-13	5.08557970154484e-12
Zo_SA_chr02A_164-Zo_SB_chr02B_157	415.98681902107	1.13262397627195	0.158330328726514	7.15355033607206	8.45617554368502e-13	5.89544957666718e-12
Zo_SA_chr02A_38-Zo_SB_chr02B_43	372.267257085507	1.18290050181779	0.16552723864994	7.14625889651561	8.91748028467156e-13	6.20783642369124e-12
Zo_SA_chr01A_1740-Zo_SB_chr01B_1766	121.074629212258	1.88155552656974	0.265198707238514	7.09488951195192	1.29454867601864e-12	8.91926929204031e-12
Zo_SA_chr01A_4133-Zo_SB_chr01B_4155	147.202782717791	1.75830662318086	0.247851702331712	7.09418820463709	1.30112963762356e-12	8.95146665649521e-12
Zo_SA_chr01A_1440-Zo_SB_chr01B_1464	224.367679322518	1.78344625666246	0.25148998744588	7.09151992401389	1.32646976763597e-12	9.09911717799408e-12
Zo_SA_chr01A_88-Zo_SB_chr01B_152	228.546793347439	1.70101413930304	0.240076579360916	7.08529813208409	1.38745281263198e-12	9.50354539688941e-12
Zo_SA_chr01A_3710-Zo_SB_chr01B_3700	238.400021235092	1.97082066455859	0.280153559973231	7.03478715297031	1.99565406869461e-12	1.34922318304252e-11
Zo_SA_chr01A_2589-Zo_SB_chr01B_2588	104.379675769491	2.75918194398403	0.392561972029051	7.02865315690804	2.08536637616122e-12	1.40784734344582e-11
Zo_SA_chr02A_1746-Zo_SB_chr02B_1717	277.318350272704	1.32685026629068	0.192518377048862	6.89207070322389	5.49860303508395e-12	3.61843554566815e-11
Zo_SA_chr01A_1824-Zo_SB_chr01B_1852	233.786395115475	1.59777921345868	0.232575006320668	6.86995235960869	6.42233484440898e-12	4.22039146918304e-11
Zo_SA_chr01A_4134-Zo_SB_chr01B_4156	243.335438248039	1.25407562929013	0.183280465115532	6.84238567650743	7.78850572947774e-12	5.05444936137062e-11
Zo_SA_chr01A_547-Zo_SB_chr01B_599	62.4965011794088	2.69503036349835	0.395897898111335	6.80738740052731	9.93870416348098e-12	6.35318800205078e-11
Zo_SA_chr02A_3392-Zo_SB_chr02B_3415	134.251105004923	1.86807216034642	0.277561611154078	6.73029729355992	1.69316778955013e-11	1.07066620870205e-10
Zo_SA_chr02A_1459-Zo_SB_chr02B_1450	85.2061233350633	2.58953932911552	0.384831414258414	6.72902271792356	1.70806388399314e-11	1.07863199780563e-10
Zo_SA_chr01A_3353-Zo_SB_chr01B_3372	253.488269585338	1.26912665516771	0.188853749666022	6.72015598002209	1.81530133310505e-11	1.14174180360977e-10
Zo_SA_chr01A_1990-Zo_SB_chr01B_2021	364.384591242893	1.12661652645497	0.168573669528062	6.68322953168811	2.33733042249672e-11	1.46028686316307e-10
Zo_SA_chr01A_4069-Zo_SB_chr01B_4067	118.186809001821	2.31804720276847	0.347985007191821	6.6613421695225	2.71338088373867e-11	1.68401892943146e-10
Zo_SA_chr01A_3402-Zo_SB_chr01B_3417	367.636010773444	1.18227640367817	0.178017094666222	6.6413644481442	3.10792498521902e-11	1.9212627181354e-10
Zo_SA_chr02A_2756-Zo_SB_chr02B_2723	284.696675213213	1.33803853418662	0.202125087160688	6.61985383893929	3.59554200957513e-11	2.21104627902051e-10
Zo_SA_chr01A_3721-Zo_SB_chr01B_3712	343.882433809169	1.14337490831889	0.174375283441597	6.55697806336087	5.49090869699741e-11	3.35023974074276e-10
Zo_SA_chr02A_1442-Zo_SB_chr02B_1436	95.76992043021	1.99229327455398	0.304425303049733	6.54444047388699	5.97185445213541e-11	3.62483067133497e-10
Zo_SA_chr01A_1460-Zo_SB_chr01B_1494	97.143655114864	2.04914552994291	0.315584173010151	6.49318218463697	8.40419532903832e-11	5.05544672869844e-10
Zo_SA_chr01A_321-Zo_SB_chr01B_381	51.8086822653832	2.96036990258809	0.45622781606061	6.48879747874645	8.65241786708767e-11	5.19809790427341e-10
Zo_SA_chr02A_1553-Zo_SB_chr02B_1541	87.9354058236926	2.54271526181734	0.39292167053271	6.47130319478183	9.71612495885338e-11	5.79263765018298e-10
Zo_SA_chr01A_2216-Zo_SB_chr01B_2234	60.703011668078	2.53447254170187	0.391905746763884	6.4670461268557	9.99371511388637e-11	5.94303058483585e-10
Zo_SA_chr02A_2807-Zo_SB_chr02B_2770	137.595380902998	1.88465053078178	0.291813972824394	6.45839715124235	1.05817740221173e-10	6.26099416289713e-10
Zo_SA_chr02A_2507-Zo_SB_chr02B_2460	117.821310157838	2.12046836079704	0.328443828245591	6.45610658030534	1.07430962599493e-10	6.34045379266441e-10
Zo_SA_chr01A_3806-Zo_SB_chr01B_3790	72.6330488262478	2.54820794044238	0.395744932567161	6.43901596897879	1.20250549981178e-10	7.07037068310383e-10
Zo_SA_chr02A_3001-Zo_SB_chr02B_2992	322.364439124602	1.3425676704493	0.21074096824827	6.37070087325235	1.88166316854427e-10	1.09402274929488e-09
Zo_SA_chr01A_2025-Zo_SB_chr01B_2051	336.72811929676	1.09587736669004	0.174188719002398	6.29132226797621	3.14773075761086e-10	1.79237290227065e-09
Zo_SA_chr02A_2794-Zo_SB_chr02B_2756	83.4835197292926	2.10132927860487	0.334346703974106	6.28488109387078	3.28104721272989e-10	1.8615082856262e-09
Zo_SA_chr02A_3041-Zo_SB_chr02B_3041	84.9046387166684	2.22600860262998	0.355248542775174	6.26605977111285	3.70298245995779e-10	2.08576154887418e-09
Zo_SA_chr02A_1798-Zo_SB_chr02B_1772	210.356124974712	1.38670729786462	0.22267702356705	6.2274377286486	4.74125088696234e-10	2.64203671753293e-09
Zo_SA_chr02A_1802-Zo_SB_chr02B_1778	108.03813847511	2.03446576215647	0.329454211722798	6.17526105226504	6.60542367814999e-10	3.62063643666819e-09
Zo_SA_chr02A_809-Zo_SB_chr02B_820	50.9475386106642	2.99996026440108	0.485824041188054	6.17499343397016	6.61662204406484e-10	3.62254266403176e-09
Zo_SA_chr01A_405-Zo_SB_chr01B_456	328.314768853015	1.03729566718499	0.16824512095024	6.1653833485714	7.03125883847219e-10	3.84058981025745e-09
Zo_SA_chr01A_2928-Zo_SB_chr01B_2927	155.901648757442	1.43127550755695	0.232869984004041	6.14624299339546	7.93397098228765e-10	4.30858701954788e-09
Zo_SA_chr01A_593-Zo_SB_chr01B_642	370.597099258694	1.00417919066754	0.163395253382142	6.14570600970278	7.9608614316125e-10	4.31819211989894e-09
Zo_SA_chr02A_1414-Zo_SB_chr02B_1400	144.760994569714	2.30966162030599	0.376677107903144	6.13167503903602	8.69585876048926e-10	4.69516332614679e-09
Zo_SA_chr01A_2130-Zo_SB_chr01B_2152	209.218146303733	1.45663276689534	0.239415293615638	6.08412580874573	1.17128608142546e-09	6.28795685817876e-09
Zo_SA_chr01A_2752-Zo_SB_chr01B_2736	270.531723440714	1.30972745635458	0.217755863910002	6.01465987109255	1.80264787289776e-09	9.53553981920664e-09
Zo_SA_chr01A_2755-Zo_SB_chr01B_2741	342.031612053054	1.07525913987491	0.179063572870558	6.00490162592812	1.91447946258342e-09	1.00703336753828e-08
Zo_SA_chr01A_557-Zo_SB_chr01B_610	217.197043440293	1.25226679663205	0.208625607055969	6.00245968988889	1.94350522090358e-09	1.02001414949436e-08
Zo_SA_chr02A_393-Zo_SB_chr02B_384	240.24825841624	1.42183537182568	0.236940964587505	6.00080013306681	1.96347556340101e-09	1.02934383726006e-08
Zo_SA_chr01A_1340-Zo_SB_chr01B_1365	56.7489218737394	2.88683680760419	0.481389256581696	5.99688665281683	2.01136346284413e-09	1.05209781133385e-08
Zo_SA_chr01A_448-Zo_SB_chr01B_504	210.265414151103	1.2114317263844	0.20298921673868	5.96796098752356	2.40236788388442e-09	1.2538275985746e-08
Zo_SA_chr01A_2962-Zo_SB_chr01B_2959	174.620484454	1.46343156402508	0.245357369671532	5.96448994372666	2.45399381322981e-09	1.27651208111688e-08
Zo_SA_chr01A_2481-Zo_SB_chr01B_2491	128.707488269139	1.7300436288751	0.290747553984493	5.95032909190826	2.67603875691241e-09	1.38740042513072e-08
Zo_SA_chr01A_1933-Zo_SB_chr01B_1965	100.946397625798	2.31003207981708	0.389978017484034	5.92349305922521	3.15174038093356e-09	1.62148748545398e-08
Zo_SA_chr01A_4017-Zo_SB_chr01B_3992	94.209598123199	2.10088389535076	0.354841417985624	5.92062760676905	3.20715331922835e-09	1.64638548947696e-08
Zo_SA_chr01A_410-Zo_SB_chr01B_461	290.645486473352	1.06553770162535	0.180651379575013	5.89830924143536	3.67245211424131e-09	1.8749886093602e-08
Zo_SA_chr02A_22-Zo_SB_chr02B_24	71.3571501416486	2.06239385961111	0.350153874978593	5.8899644041843	3.86278812594744e-09	1.9657485777598e-08
Zo_SA_chr02A_2467-Zo_SB_chr02B_2431	155.265839657404	1.43761847152144	0.245876164372536	5.84692084810326	5.00755627556543e-09	2.53183772036131e-08
Zo_SA_chr01A_2063-Zo_SB_chr01B_2091	39.4581753825329	2.92212696835458	0.503500997302357	5.80361704149678	6.48994129888666e-09	3.2394472951464e-08
Zo_SA_chr01A_2495-Zo_SB_chr01B_2501	189.051541021269	1.59848047317342	0.275548963013907	5.80107598914368	6.58907297603731e-09	3.28543362418354e-08
Zo_SA_chr02A_1472-Zo_SB_chr02B_1462	142.142376836835	1.4061168474844	0.242520690845185	5.79792529282379	6.71403471752888e-09	3.34418799306215e-08
Zo_SA_chr01A_539-Zo_SB_chr01B_594	58.8226082722134	2.5732408176278	0.448551110751606	5.73678396050786	9.64912098203459e-09	4.73079160373106e-08
Zo_SA_chr02A_1789-Zo_SB_chr02B_1763	295.590527523949	1.02696986957477	0.17920101533271	5.73082617678292	9.99426435314553e-09	4.89489439926501e-08
Zo_SA_chr02A_181-Zo_SB_chr02B_171	204.202256698566	1.15671420244404	0.204830536558326	5.6471765483789	1.63104311689793e-08	7.90584122364163e-08
Zo_SA_chr01A_3893-Zo_SB_chr01B_3881	184.360885271466	1.39414883523717	0.247530200331348	5.63223733253939	1.77886652141726e-08	8.59571752676599e-08
Zo_SA_chr01A_3301-Zo_SB_chr01B_3309	228.555960529366	1.10091513956384	0.197910565790592	5.56269007248815	2.65647438147404e-08	1.26797332633532e-07
Zo_SA_chr02A_2576-Zo_SB_chr02B_2525	108.701885203531	2.28563014852036	0.412173863672942	5.54530587687626	2.9344073421862e-08	1.39495838394505e-07
Zo_SA_chr01A_2508-Zo_SB_chr01B_2516	44.1276712292485	2.69780318219392	0.486979237676253	5.53987310643301	3.02690894930546e-08	1.43602192013562e-07
Zo_SA_chr01A_1494-Zo_SB_chr01B_1519	139.495679319862	1.34462472660384	0.243069344288831	5.53185647716263	3.16859126257612e-08	1.49567708289811e-07
Zo_SA_chr02A_691-Zo_SB_chr02B_665	188.894618164339	1.18424456400472	0.215564658241405	5.49368608781183	3.93629915674377e-08	1.84506649784633e-07
Zo_SA_chr02A_209-Zo_SB_chr02B_195	221.542352127573	1.08015297103277	0.19680287626272	5.48850195456918	4.05356786135985e-08	1.89247168213935e-07
Zo_SA_chr02A_2071-Zo_SB_chr02B_2026	124.614576312438	1.55296813615644	0.285303808946637	5.44320856384679	5.23293167446254e-08	2.41900644498308e-07
Zo_SA_chr01A_905-Zo_SB_chr01B_941	257.722473216463	1.25037375480582	0.231619732237732	5.39839046840123	6.72413990709211e-08	3.06903350623309e-07
Zo_SA_chr02A_2634-Zo_SB_chr02B_2580	40.8205962770963	2.88403219485163	0.539345405813412	5.3472823978209	8.92846540373062e-08	4.01267812972261e-07
Zo_SA_chr01A_3006-Zo_SB_chr01B_3004	194.363005865329	1.19553637706242	0.224162398835142	5.33334931850753	9.64175753745316e-08	4.31259545907819e-07
Zo_SA_chr02A_2165-Zo_SB_chr02B_2141	61.8946669236503	2.15164434862674	0.403527275002069	5.33209148902193	9.70879994400386e-08	4.33844660354915e-07
Zo_SA_chr01A_3683-Zo_SB_chr01B_3676	85.1203212035702	1.7783255118408	0.335352745853126	5.3028506068045	1.14008218998967e-07	5.05601666864983e-07
Zo_SA_chr02A_2478-Zo_SB_chr02B_2438	175.047780996722	1.1838334370751	0.223851367876022	5.28847979937634	1.23337106993477e-07	5.46456757330871e-07
Zo_SA_chr01A_3736-Zo_SB_chr01B_3726	156.308126699974	1.47054152736675	0.278136412328833	5.2871233760942	1.24254838646869e-07	5.50003493331237e-07
Zo_SA_chr02A_3311-Zo_SB_chr02B_3308	66.6961536234579	1.92719947286204	0.365335777784437	5.27514574277246	1.32650624062402e-07	5.85509621919842e-07
Zo_SA_chr01A_1299-Zo_SB_chr01B_1326	193.540674130802	1.15517376697745	0.219997761233242	5.25084328359477	1.51404455099439e-07	6.62676962058365e-07
Zo_SA_chr02A_707-Zo_SB_chr02B_681	103.765264218871	1.73635710149859	0.336122730921012	5.16584253835135	2.39358237476947e-07	1.0293939965553e-06
Zo_SA_chr01A_872-Zo_SB_chr01B_916	51.9620630492908	2.20779966531538	0.42751486825838	5.16426405076755	2.41386746935468e-07	1.03716723133811e-06
Zo_SA_chr02A_3544-Zo_SB_chr02B_3578	184.707010700444	1.31355101102017	0.256777548865975	5.11552126274785	3.12875697846037e-07	1.33334493577984e-06
Zo_SA_chr02A_972-Zo_SB_chr02B_944	42.5067013881203	2.68977363329133	0.529823473297403	5.07673549560061	3.83974812830081e-07	1.62600164422269e-06
Zo_SA_chr02A_508-Zo_SB_chr02B_493	72.5226592565483	1.71537335797015	0.338544689641164	5.06690375143185	4.04338595920499e-07	1.70761178403149e-06
Zo_SA_chr01A_2886-Zo_SB_chr01B_2885	117.932561129955	1.65100041069095	0.326224602810419	5.06093162952031	4.17212816826161e-07	1.75881629519169e-06
Zo_SA_chr01A_4203-Zo_SB_chr01B_4224	220.176797541102	1.01786520242158	0.201426357864673	5.05328703359381	4.34270498333032e-07	1.82908184755708e-06
Zo_SA_chr02A_2718-Zo_SB_chr02B_2684	77.7042976480672	1.78557687261484	0.353486323739534	5.05133226577258	4.38739111633469e-07	1.84624566079304e-06
Zo_SA_chr02A_1089-Zo_SB_chr02B_1077	185.022620482844	1.10276472374896	0.218386719485904	5.04959608507758	4.42745201970891e-07	1.85976767023046e-06
Zo_SA_chr01A_3070-Zo_SB_chr01B_3077	82.598511047828	1.6132260524994	0.320849366155841	5.02798578606458	4.95658606073261e-07	2.07460319330575e-06
Zo_SA_chr02A_3572-Zo_SB_chr02B_3594	32.3624449311853	2.70478322580172	0.553853171768712	4.88357449893097	1.04179762266658e-06	4.21752756302985e-06
Zo_SA_chr01A_1577-Zo_SB_chr01B_1595	92.0490717639576	1.46671927143429	0.306078893880689	4.79196475404808	1.65155921788264e-06	6.55039378724034e-06
Zo_SA_chr02A_2897-Zo_SB_chr02B_2868	72.8027041915104	1.68164538613732	0.351449761485244	4.78488128439924	1.71088425311004e-06	6.76852353759892e-06
Zo_SA_chr01A_3369-Zo_SB_chr01B_3386	38.3806648751159	2.42434917394157	0.507495230301203	4.7770876043558	1.77852303736221e-06	7.02426775362247e-06
Zo_SA_chr02A_3737-Zo_SB_chr02B_3750	189.00708485179	1.07984115068376	0.227045841431342	4.75604901581207	1.97418555264261e-06	7.7513628560662e-06
Zo_SA_chr01A_1195-Zo_SB_chr01B_1218	155.066062182781	1.08155963396474	0.227480944929547	4.75450651174195	1.98931730222969e-06	7.80424480105493e-06
Zo_SA_chr02A_3088-Zo_SB_chr02B_3086	113.454620672311	1.30682908792316	0.275760677968324	4.73899722596877	2.14778444440677e-06	8.41888438860196e-06
Zo_SA_chr01A_3572-Zo_SB_chr01B_3570	162.444470905925	1.24657612223026	0.264034088990842	4.72126961709668	2.3437700516447e-06	9.14889274735186e-06
Zo_SA_chr01A_2195-Zo_SB_chr01B_2212	149.889429292134	1.49741894461398	0.317326285357792	4.7188619843629	2.37167649927038e-06	9.250129787678e-06
Zo_SA_chr02A_3665-Zo_SB_chr02B_3687	199.363138564284	1.0679290421634	0.22715585046941	4.70130546915944	2.58503460983261e-06	1.00239523878798e-05
Zo_SA_chr01A_834-Zo_SB_chr01B_883	49.591273536566	2.29658835337184	0.489732885835828	4.68947138285853	2.73911736279204e-06	1.05430177737656e-05
Zo_SA_chr01A_564-Zo_SB_chr01B_616	64.2742626458596	2.04834971186991	0.439629158740931	4.65926718267789	3.17337087160409e-06	1.21348460713663e-05
Zo_SA_chr01A_858-Zo_SB_chr01B_902	208.797580768457	1.01470580494188	0.217825308825163	4.65834668347165	3.18759073440252e-06	1.21792961936618e-05
Zo_SA_chr02A_2313-Zo_SB_chr02B_2284	83.6172899774988	1.65546356081891	0.355667375884857	4.65452744070304	3.2472459089818e-06	1.23569163057118e-05
Zo_SA_chr01A_976-Zo_SB_chr01B_1009	131.996363657556	1.26148010045268	0.272004223522795	4.63772247399299	3.52269349243506e-06	1.33186767659189e-05
Zo_SA_chr02A_3130-Zo_SB_chr02B_3127	55.1077771888235	1.86082132828935	0.401826170304657	4.63091123925181	3.64059927355275e-06	1.3731263497998e-05
Zo_SA_chr01A_1069-Zo_SB_chr01B_1095	177.271311248254	1.19278287441412	0.25827601505316	4.61824871414642	3.86992245292678e-06	1.45261409193059e-05
Zo_SA_chr02A_3713-Zo_SB_chr02B_3727	26.7896611953548	2.994441124371	0.651317694583729	4.59751231890731	4.27565355205412e-06	1.59724255304442e-05
Zo_SA_chr02A_2121-Zo_SB_chr02B_2081	25.974174750536	2.9654652966723	0.649093674544613	4.56862454984296	4.90935301440579e-06	1.82740545748404e-05
Zo_SA_chr01A_2287-Zo_SB_chr01B_2303	61.4736801583222	2.55651869382059	0.566801324939271	4.5104317533035	6.46958133192026e-06	2.38642103847247e-05
Zo_SA_chr01A_497-Zo_SB_chr01B_556	35.1439138739854	2.47647141957485	0.549132408801276	4.50978922366073	6.48920681545733e-06	2.39177991972708e-05
Zo_SA_chr01A_87-Zo_SB_chr01B_148	101.945075868744	1.29186192284005	0.286958069778638	4.50191877801731	6.73427183786085e-06	2.47046156866639e-05
Zo_SA_chr02A_786-Zo_SB_chr02B_745	47.9577279091761	2.11157171578718	0.469905359862061	4.4936106206727	7.00256189829362e-06	2.56487278897687e-05
Zo_SA_chr02A_1022-Zo_SB_chr02B_999	112.69378099859	1.31291486616729	0.292420295023843	4.48982128979879	7.12829532688172e-06	2.60888936612551e-05
Zo_SA_chr02A_2668-Zo_SB_chr02B_2614	131.069195126754	1.21813061015158	0.272016943242718	4.47814241138888	7.52953667564094e-06	2.75144751418281e-05
Zo_SA_chr01A_3317-Zo_SB_chr01B_3324	39.4003425629119	2.11584455811334	0.473629640073784	4.46729760786028	7.9213894610809e-06	2.88117514351873e-05
Zo_SA_chr01A_3865-Zo_SB_chr01B_3854	66.9805127869031	2.04249233369792	0.460363363317672	4.43669608932043	9.1350120869333e-06	3.28944564174145e-05
Zo_SA_chr01A_2694-Zo_SB_chr01B_2688	132.793382212155	1.31922943005319	0.297406539533491	4.43577815108747	9.17402898331378e-06	3.29843248963282e-05
Zo_SA_chr02A_2889-Zo_SB_chr02B_2861	88.7287532823734	1.44235938400163	0.327319931058828	4.40657365207132	1.05018609560288e-05	3.75283561353293e-05
Zo_SA_chr02A_3441-Zo_SB_chr02B_3472	41.233398966579	2.13959225622682	0.487244508331463	4.39120856087987	1.12722351428409e-05	4.00676721895527e-05
Zo_SA_chr01A_2583-Zo_SB_chr01B_2584	161.06023386074	1.01240755734697	0.232554280361152	4.35342473926828	1.34027120693647e-05	4.72823496462099e-05
Zo_SA_chr02A_626-Zo_SB_chr02B_605	116.898506159308	1.15312821009368	0.264928118684058	4.35260785386412	1.34527653378053e-05	4.74232719496487e-05
Zo_SA_chr02A_1692-Zo_SB_chr02B_1673	139.290031617188	1.14804415804099	0.265730353915363	4.32033503559269	1.55792484507863e-05	5.45913620097755e-05
Zo_SA_chr01A_2488-Zo_SB_chr01B_2494	67.1069401198621	1.80096472991775	0.419088830614702	4.29733411715165	1.72864534774725e-05	6.0124566135138e-05
Zo_SA_chr02A_1383-Zo_SB_chr02B_1365	183.774083041667	1.08350153150139	0.252629027731984	4.28890354061327	1.7955732700379e-05	6.23138297560489e-05
Zo_SA_chr02A_3264-Zo_SB_chr02B_3258	122.808404642108	1.1174887814592	0.261020565928035	4.28122886595569	1.85864082421584e-05	6.43597250717396e-05
Zo_SA_chr01A_10-Zo_SB_chr01B_55	127.030534489349	1.12467687877505	0.262904693355189	4.27788817469146	1.88674756267021e-05	6.52848050446065e-05
Zo_SA_chr01A_712-Zo_SB_chr01B_758	58.4626425675082	1.63048696364857	0.383885207066895	4.24732949755068	2.16333685182367e-05	7.4525525027582e-05
Zo_SA_chr02A_1757-Zo_SB_chr02B_1730	39.3679240298306	2.24313353094169	0.528932630391867	4.24086812205146	2.2265693621705e-05	7.64792346069105e-05
Zo_SA_chr01A_1368-Zo_SB_chr01B_1390	108.855348200058	1.3120807932608	0.311488560307992	4.21229207250322	2.52792379566423e-05	8.61657594424585e-05
Zo_SA_chr01A_736-Zo_SB_chr01B_781	29.5679983448442	2.33543643598736	0.559559989654815	4.17370162121145	2.99690199949139e-05	0.000101526817195766
Zo_SA_chr02A_1199-Zo_SB_chr02B_1171	48.6273421269494	1.85244360447076	0.444521735259808	4.16727340315107	3.08264690410596e-05	0.000104055966000469
Zo_SA_chr01A_2860-Zo_SB_chr01B_2857	66.6956372651783	1.71489838359802	0.412843543134712	4.15386993963096	3.26899027069479e-05	0.000110108416009332
Zo_SA_chr01A_3448-Zo_SB_chr01B_3464	120.658780647986	1.31109381289624	0.315721630174214	4.15268922871322	3.28590840586868e-05	0.000110535571219809
Zo_SA_chr01A_534-Zo_SB_chr01B_590	116.806847658578	1.27091216186317	0.306178905674147	4.15088086837616	3.3119813283686e-05	0.000111316736337432
Zo_SA_chr02A_2987-Zo_SB_chr02B_2976	104.14788461698	1.28627629651601	0.311133743648302	4.1341587750443	3.56257128229923e-05	0.000119311809111692
Zo_SA_chr02A_1357-Zo_SB_chr02B_1342	67.8421781817771	1.54326309627425	0.37726242749865	4.09068855996738	4.30094368296156e-05	0.000142112871552504
Zo_SA_chr01A_2866-Zo_SB_chr01B_2867	38.3108818917029	2.15374307984145	0.526705079180851	4.08908735642158	4.33073746155605e-05	0.000142996623290788
Zo_SA_chr02A_80-Zo_SB_chr02B_78	222.005752458231	1.11533257070674	0.272989869372262	4.08561890326346	4.39594811813729e-05	0.000144742375931931
Zo_SA_chr02A_3316-Zo_SB_chr02B_3313	102.797918731925	1.26091362034505	0.310115022033777	4.06595466442032	4.78362351265005e-05	0.000156737161461969
Zo_SA_chr01A_1290-Zo_SB_chr01B_1318	114.650556165835	1.17568292696035	0.292267239987536	4.02262986098096	5.7551903539567e-05	0.000186358544794788
Zo_SA_chr02A_3569-Zo_SB_chr02B_3591	26.8143625655184	2.43376230046701	0.606619385457689	4.01200877982289	6.02042604257293e-05	0.000194410454175858
Zo_SA_chr02A_1392-Zo_SB_chr02B_1374	36.161812448831	1.93152097342302	0.482736737828705	4.00118909969599	6.30249645021067e-05	0.000202960283763819
Zo_SA_chr01A_3998-Zo_SB_chr01B_3974	28.2640963690231	2.33643815249024	0.584411631999852	3.99793232125611	6.3898214073303e-05	0.000205631289733839
Zo_SA_chr02A_1604-Zo_SB_chr02B_1586	23.8552882598963	2.72362090392341	0.681792725115294	3.99479314400551	6.47507612530963e-05	0.000208232057436277
Zo_SA_chr02A_1290-Zo_SB_chr02B_1285	43.4010528223471	1.76672587038521	0.445012769309082	3.9700565741702	7.18555680928721e-05	0.000230134010574577
Zo_SA_chr01A_1238-Zo_SB_chr01B_1265	77.1463246890523	1.3339250512736	0.336988610446273	3.95836835407313	7.54635152675962e-05	0.000240867220160246
Zo_SA_chr01A_378-Zo_SB_chr01B_435	30.1359301454128	2.95433527624643	0.753869195217469	3.91889640137662	8.89553366233986e-05	0.00028125231767991
Zo_SA_chr01A_968-Zo_SB_chr01B_1001	174.84604776112	1.02449082179973	0.262016822070508	3.91001926404571	9.22887606945444e-05	0.000290811863786973
Zo_SA_chr01A_2443-Zo_SB_chr01B_2454	32.1323106915882	2.30728415473556	0.591006199752806	3.90399314880387	9.46184602800972e-05	0.000297553495733389
Zo_SA_chr01A_75-Zo_SB_chr01B_133	96.0087361195227	1.43496212029276	0.370187176389763	3.87631504226369	0.000106050355565432	0.000331504509202536
Zo_SA_chr01A_2117-Zo_SB_chr01B_2140	108.512899446151	1.11524532130603	0.28778538773109	3.87526736537483	0.000106507690648243	0.000332712439761354
Zo_SA_chr01A_2187-Zo_SB_chr01B_2206	139.321354640829	1.01396276676268	0.263634002165295	3.84610011771904	0.00012001274066062	0.000372666961733706
Zo_SA_chr02A_195-Zo_SB_chr02B_186	33.4152679672961	1.99565093512694	0.521051683928764	3.83004411401111	0.000128120288567126	0.000395487101287469
Zo_SA_chr02A_1286-Zo_SB_chr02B_1279	165.866691333858	1.17140387532143	0.30679393870041	3.81821062138171	0.000134423140524608	0.00041331151726177
Zo_SA_chr02A_2802-Zo_SB_chr02B_2765	19.1972684182968	2.64782738325814	0.694551101578477	3.81228591710608	0.000137687471552276	0.000423071130663575
Zo_SA_chr01A_2400-Zo_SB_chr01B_2411	106.260541042883	1.12307620375753	0.295522015269314	3.80031316020248	0.000144513344291223	0.000443174255826416
Zo_SA_chr02A_264-Zo_SB_chr02B_264	18.9899561955728	2.64611025968521	0.699344291978904	3.78370180472572	0.00015451293236351	0.000471068667088751
Zo_SA_chr02A_1690-Zo_SB_chr02B_1671	56.0975622873301	1.64606755077277	0.437926959602024	3.75877190175427	0.00017074941291365	0.000517542794180134
Zo_SA_chr02A_2608-Zo_SB_chr02B_2553	151.890349804737	1.1525503798383	0.308825857336635	3.73203976434512	0.000189935509088495	0.000573104442857375
Zo_SA_chr01A_3824-Zo_SB_chr01B_3811	87.078383611534	1.34948296267944	0.36445924020663	3.70269927005927	0.000213317689762711	0.000641182959876131
Zo_SA_chr02A_2154-Zo_SB_chr02B_2116	28.3126236080352	2.6743384516443	0.723335778634252	3.69722960019175	0.000217965190482214	0.000653895571446642
Zo_SA_chr01A_1700-Zo_SB_chr01B_1735	59.5004649486272	1.56120490876701	0.423581885199024	3.68572161208798	0.000228055534595384	0.000682856776210301
Zo_SA_chr02A_3448-Zo_SB_chr02B_3480	124.360001595194	1.01385802250834	0.275822935687638	3.67575676758261	0.000237145387254261	0.000708229771783958
Zo_SA_chr01A_2258-Zo_SB_chr01B_2270	69.8033614933924	1.68786251664595	0.459636109845756	3.672171268729	0.000240498410607198	0.000717367159929416
Zo_SA_chr02A_244-Zo_SB_chr02B_232	111.493398659568	1.12460136798473	0.307164404456884	3.66123597548097	0.000251001439444659	0.000745378958148317
Zo_SA_chr01A_914-Zo_SB_chr01B_948	34.6762154569813	1.8657417140673	0.510651128728324	3.65365238438534	0.000258536233249923	0.000766299435507669
Zo_SA_chr01A_1305-Zo_SB_chr01B_1333	24.4152424054579	2.36294162062559	0.649110519620085	3.64027626914533	0.000272345666044865	0.000804182419812778
Zo_SA_chr01A_2850-Zo_SB_chr01B_2846	75.6032300471994	1.79600782766007	0.507835256821348	3.53659538902769	0.000405320101179587	0.00116458169916388
Zo_SA_chr01A_322-Zo_SB_chr01B_382	66.649199910484	1.24352649818801	0.351687348169922	3.53588636230151	0.000406409474226453	0.00116658480557322
Zo_SA_chr02A_3162-Zo_SB_chr02B_3165	66.5339679971904	1.2576569011398	0.357663651856749	3.51631174879217	0.000437586849344494	0.00125116239922265
Zo_SA_chr01A_3466-Zo_SB_chr01B_3480	98.1411603563372	1.15974243322986	0.330362911773829	3.51051038690396	0.000447247334467893	0.00127722732399474
Zo_SA_chr01A_854-Zo_SB_chr01B_900	22.8888077778658	2.17562718230854	0.622181204087856	3.49677420020765	0.000470920250806888	0.00134075110241864
Zo_SA_chr02A_51-Zo_SB_chr02B_55	55.0065977255988	1.62105931589456	0.463751928456741	3.49553115884405	0.000473119209569968	0.00134614875498373
Zo_SA_chr01A_190-Zo_SB_chr01B_255	35.7218310150735	1.98133178078401	0.567381092836738	3.49206522000572	0.000479301199324034	0.00136048471096695
Zo_SA_chr01A_2745-Zo_SB_chr01B_2731	20.827013598418	2.24262723698046	0.642512397236649	3.49040305934278	0.000482292551941455	0.00136732124091197
Zo_SA_chr01A_2394-Zo_SB_chr01B_2401	33.004228482373	2.31277804277449	0.665516829256828	3.47516086912052	0.000510547082289061	0.00144132786407959
Zo_SA_chr02A_2322-Zo_SB_chr02B_2294	24.5135237727463	2.15761899657523	0.621414447132895	3.47210948591577	0.000516385691057224	0.00145518418164594
Zo_SA_chr01A_2340-Zo_SB_chr01B_2357	59.162572690011	1.75888663776829	0.507440010845581	3.46619620088165	0.00052787791696434	0.0014848939966407
Zo_SA_chr02A_2225-Zo_SB_chr02B_2194	62.9051575426763	1.23246540226178	0.355715723210916	3.46474817344807	0.000530728200249969	0.00149112378178015
Zo_SA_chr01A_831-Zo_SB_chr01B_880	40.9991732443761	2.17720479393884	0.632596109056498	3.44169804835836	0.000578075132456611	0.00161544283590615
Zo_SA_chr02A_3573-Zo_SB_chr02B_3595	64.7623393474053	1.36018994067971	0.400481501977422	3.39638643473825	0.000682818851759612	0.00188902479508025
Zo_SA_chr01A_1928-Zo_SB_chr01B_1959	88.213079726834	1.39734150080756	0.411553638371557	3.39528404204271	0.000685574351917836	0.00189441393356801
Zo_SA_chr01A_4000-Zo_SB_chr01B_3976	45.4835535776925	1.76523944950413	0.519885286883201	3.39544029046684	0.000685183171445338	0.00189441393356801
Zo_SA_chr01A_2758-Zo_SB_chr01B_2747	183.803784000664	1.01790794352395	0.302008519598216	3.37046102168954	0.000750425215034697	0.00205425618958156
Zo_SA_chr02A_2736-Zo_SB_chr02B_2701	144.11477065769	1.0356304420379	0.308919232015457	3.35243110401777	0.000801051761769787	0.0021864658907643
Zo_SA_chr01A_3853-Zo_SB_chr01B_3842	75.8534009741063	1.13120583355094	0.338795255588967	3.33890695011192	0.000841087329576238	0.00228510813571031
Zo_SA_chr01A_3111-Zo_SB_chr01B_3120	33.1455466795274	1.77356275168077	0.53293113563984	3.32793982763161	0.000874907615176458	0.00236330830766145
Zo_SA_chr01A_2548-Zo_SB_chr01B_2560	45.7966814440319	1.43847031412207	0.435351352890691	3.30415951293311	0.000952616131907479	0.00254827530838648
Zo_SA_chr02A_773-Zo_SB_chr02B_734	22.7157140215869	2.476186121794	0.752182152469123	3.29200329157724	0.000994764474364113	0.00265195165552069
Zo_SA_chr01A_4013-Zo_SB_chr01B_3989	26.3824321233718	2.15454202318066	0.667323089498752	3.22863401114894	0.00124382966037447	0.00325490728749414
Zo_SA_chr02A_1157-Zo_SB_chr02B_1130	38.4943245421247	1.588135352477	0.493698217124924	3.21681403211375	0.00129622589563377	0.0033788288346187
Zo_SA_chr02A_2203-Zo_SB_chr02B_2172	76.5669750060879	1.03221351955661	0.322704817539822	3.19863064774121	0.00138081951331771	0.00358267735600672
Zo_SA_chr02A_1085-Zo_SB_chr02B_1060	25.1200138374903	2.14893166906561	0.674207424643406	3.1873450076617	0.00143585390084606	0.00370742649291002
Zo_SA_chr01A_617-Zo_SB_chr01B_666	141.031007568112	1.00534455698291	0.317487583494447	3.16656338467639	0.00154251725464253	0.00395924013062515
Zo_SA_chr01A_2441-Zo_SB_chr01B_2453	39.3463186482179	1.65392245690645	0.53004341000132	3.12035283469015	0.00180634531836708	0.00456401304996142
Zo_SA_chr02A_3275-Zo_SB_chr02B_3272	71.4349663517837	1.26457705577536	0.41094872044341	3.07721375652634	0.00208945407678685	0.00521474389802336
Zo_SA_chr02A_279-Zo_SB_chr02B_278	38.8884827481961	1.38024652702878	0.452793888399058	3.04828877419019	0.00230148646750743	0.00570749181054168
Zo_SA_chr01A_2719-Zo_SB_chr01B_2710	35.2772911841569	1.76232268028528	0.586830323306482	3.00312136284217	0.00267225842782068	0.00657140280048985
Zo_SA_chr02A_758-Zo_SB_chr02B_725	11.5827194846634	2.75440266692473	0.918674988890768	2.99823408738978	0.00271549010385917	0.00666723158938106
Zo_SA_chr01A_1603-Zo_SB_chr01B_1623	37.3705454732429	1.53071922419927	0.511020777381414	2.99541484798919	0.00274071812323409	0.00672565346977739
Zo_SA_chr01A_3566-Zo_SB_chr01B_3564	30.0449105087939	1.78333996324771	0.597124965333206	2.98654396781515	0.00282150262136703	0.00689504703096567
Zo_SA_chr01A_816-Zo_SB_chr01B_863	15.8262088078918	2.51515694449904	0.845321128285375	2.97538634767206	0.00292619757121642	0.00712635489112716
Zo_SA_chr01A_2830-Zo_SB_chr01B_2825	51.6102738996937	1.34574220791064	0.454894921357454	2.95835839163648	0.00309282307844184	0.00748402572668855
Zo_SA_chr01A_957-Zo_SB_chr01B_987	82.5756362552984	1.03853759643897	0.351403557791653	2.95539863900503	0.00312265285684455	0.00753677325324827
Zo_SA_chr01A_239-Zo_SB_chr01B_299	16.8040395614647	2.26536815743804	0.771020152966834	2.93814389769327	0.00330183731158412	0.00794065641514747
Zo_SA_chr02A_888-Zo_SB_chr02B_855	53.1842670295214	1.22140173747176	0.421479029061068	2.89789444611915	0.00375677002377738	0.00895214065594895
Zo_SA_chr02A_424-Zo_SB_chr02B_412	78.0018892476975	1.01002256544956	0.351742138968556	2.87148582314118	0.00408547106920902	0.00964722207183125
Zo_SA_chr02A_1698-Zo_SB_chr02B_1681	51.3367173220233	1.33698183296325	0.466246998212813	2.86753981921188	0.00413676744527327	0.00976343704890451
Zo_SA_chr02A_1361-Zo_SB_chr02B_1345	14.6960776509898	2.99519320382574	1.05121022717058	2.8492808825572	0.00438181769793405	0.0102951871000033
Zo_SA_chr02A_276-Zo_SB_chr02B_275	68.6415023923034	1.16557870848313	0.412493304994161	2.8256912157632	0.00471787195943913	0.0110240314908807
Zo_SA_chr01A_1934-Zo_SB_chr01B_1966	37.7438142577899	1.37119135548661	0.486040947846165	2.82114369491477	0.004785276277767	0.0111426879877334
Zo_SA_chr01A_2538-Zo_SB_chr01B_2552	62.2832445642574	1.30999243353218	0.465486206942389	2.81424543626555	0.00488918837916935	0.0113508519916193
Zo_SA_chr02A_566-Zo_SB_chr02B_551	27.8991725575402	1.6703602479233	0.599147025229806	2.78789708967114	0.00530513933423322	0.0122498591319991
Zo_SA_chr02A_2294-Zo_SB_chr02B_2264	32.970710707079	1.45181308508803	0.521560516144767	2.78359469351598	0.005376016701853	0.0123952188526262
Zo_SA_chr01A_602-Zo_SB_chr01B_652	46.2133973278064	1.53247387189895	0.554885236911049	2.76178526649938	0.00574862730294568	0.0131445220786653
Zo_SA_chr01A_4034-Zo_SB_chr01B_4009	41.7954978482019	1.39157371257488	0.504119268481554	2.76040572058753	0.00577296179293061	0.0131937344044961
Zo_SA_chr01A_1820-Zo_SB_chr01B_1851	12.6622707484233	2.58272974714878	0.943501975075722	2.73738668850322	0.0061929450540211	0.014071330844294
Zo_SA_chr01A_659-Zo_SB_chr01B_710	48.9955417487477	1.17998235590339	0.432482109089223	2.72839576737255	0.00636431999389389	0.0144467292749638
Zo_SA_chr02A_3634-Zo_SB_chr02B_3652	12.4590419155345	2.65291522799645	0.974686055907871	2.72181510335181	0.00649244563580594	0.0146949131322728
Zo_SA_chr02A_2521-Zo_SB_chr02B_2470	13.4370422005668	2.2539912684484	0.830706557849601	2.71334233147644	0.00666082569743531	0.0150108521481107
Zo_SA_chr01A_2542-Zo_SB_chr01B_2554	18.7137344832846	2.21692414668156	0.817232406010069	2.71272177948148	0.00667331093159424	0.0150317690307442
Zo_SA_chr01A_1320-Zo_SB_chr01B_1345	15.3268624969586	2.20809838845892	0.820098139872449	2.69248066920668	0.00709226468798878	0.0158991428170298
Zo_SA_chr01A_2086-Zo_SB_chr01B_2108	29.1485168481867	1.61636747142118	0.605131000694295	2.67110339673004	0.00756023548455775	0.0168251715637282
Zo_SA_chr01A_3737-Zo_SB_chr01B_3727	79.2689822003957	1.01464575876174	0.37989848222748	2.67083393650986	0.00756630690525715	0.0168251715637282
Zo_SA_chr02A_3138-Zo_SB_chr02B_3138	22.3211412420045	1.59526764661316	0.599713205757587	2.66005088982148	0.00781288457200341	0.0173570333389394
Zo_SA_chr01A_237-Zo_SB_chr01B_297	37.7130071715854	1.26295675456457	0.474851911890984	2.65968552076614	0.00782136420525001	0.0173676482967501
Zo_SA_chr01A_2269-Zo_SB_chr01B_2287	54.3896902332912	1.00703907503951	0.378828943969963	2.65829496681584	0.00785371220056048	0.0174312287819441
Zo_SA_chr02A_1589-Zo_SB_chr02B_1573	34.1738106005656	1.34415707892356	0.512715676541489	2.62164224817649	0.00875072354037909	0.0191951355079283
Zo_SA_chr02A_2622-Zo_SB_chr02B_2568	19.6064547553313	1.70274454567595	0.650777492631827	2.61647731360504	0.00888422678824569	0.0194334695060367
Zo_SA_chr01A_1655-Zo_SB_chr01B_1673	8.5953864389799	2.93735001247917	1.14111386983256	2.57410771188872	0.0100498980767807	0.0218407233794604
Zo_SA_chr02A_1268-Zo_SB_chr02B_1262	26.0817365524477	1.61930756390126	0.630083882904488	2.56998727921236	0.0101702249418662	0.0220715520014969
Zo_SA_chr01A_2627-Zo_SB_chr01B_2626	39.4567456091145	1.14720056740982	0.447594867389432	2.56303333883337	0.0103762084401507	0.0224769944603819
Zo_SA_chr01A_1074-Zo_SB_chr01B_1100	33.0912173248212	1.45640391540581	0.569576864305123	2.55699275493327	0.0105581416515245	0.0228599681549314
Zo_SA_chr01A_1008-Zo_SB_chr01B_1043	27.1840346793512	1.56118628630203	0.614314799959404	2.54134571787168	0.0110426669715517	0.0238436232998253
Zo_SA_chr02A_2372-Zo_SB_chr02B_2338	31.3913452595541	1.65537542610689	0.651880390971605	2.53938521396481	0.0111047478474539	0.0239556215633351
Zo_SA_chr02A_2828-Zo_SB_chr02B_2788	12.2029278813588	2.48502658456028	0.984703863051406	2.52362834940006	0.0116150651523587	0.024941824116644
Zo_SA_chr01A_2503-Zo_SB_chr01B_2511	64.9921261084337	1.13219057486718	0.450607718257652	2.51258584572181	0.0119849941842521	0.0256306256665957
Zo_SA_chr02A_2776-Zo_SB_chr02B_2739	18.0934065579273	2.15228006452879	0.860519427895025	2.5011405841163	0.0123794026116224	0.0264138958861903
Zo_SA_chr01A_1642-Zo_SB_chr01B_1656	19.6119825200816	2.14668592140831	0.861462332506811	2.49190921112193	0.0127058510502407	0.0270244121159245
Zo_SA_chr01A_3435-Zo_SB_chr01B_3451	34.565864053206	1.43286750600765	0.584406024343326	2.45183561825481	0.0142129574089303	0.0298109951554318
Zo_SA_chr01A_4099-Zo_SB_chr01B_4121	190.206586064337	2.68583983579326	1.10403304334652	2.43275312453693	0.0149845137597088	0.0312338243272117
Zo_SA_chr02A_3121-Zo_SB_chr02B_3115	17.48056305241	2.18085321676219	0.897404105363438	2.43017967460597	0.0150913394282671	0.0314006938347802
Zo_SA_chr02A_1666-Zo_SB_chr02B_1646	22.3796135856973	1.49401426631094	0.616884918768018	2.42186868386187	0.0154409291183936	0.0320428303509521
Zo_SA_chr02A_2778-Zo_SB_chr02B_2741	15.3813477317101	2.36769381528284	0.989345941267008	2.39319101289347	0.016702543057729	0.0343570065878407
Zo_SA_chr02A_624-Zo_SB_chr02B_603	50.5433218419546	1.0846040948153	0.456868918572573	2.37399405108144	0.0175968339967793	0.0360907846597774
Zo_SA_chr02A_1511-Zo_SB_chr02B_1497	16.1785180257737	1.8717681031016	0.796585810258161	2.34973819392412	0.0187866196987696	0.0382879132992276
Zo_SA_chr02A_915-Zo_SB_chr02B_890	11.6300696842721	2.37807428537258	1.02702503143626	2.31549788231248	0.0205857003189214	0.0416148668230846
Zo_SA_chr01A_3265-Zo_SB_chr01B_3275	9.54277527079387	2.68783927811139	1.16090821723168	2.31529007910793	0.0205970623309424	0.0416199037281575
Zo_SA_chr02A_918-Zo_SB_chr02B_892	10.4095231475699	2.34522853451263	1.01429627085159	2.31217308187834	0.0207681470534985	0.0419294948257379
Zo_SA_chr01A_100-Zo_SB_chr01B_164	13.188446897006	2.15112597622242	0.946927244081785	2.27169087135973	0.0231051879377886	0.04613171991664
Zo_SA_chr02A_188-Zo_SB_chr02B_181	30.1282366974201	1.35307887775954	0.59924840042382	2.25795993247971	0.023948157553413	0.0476525679561551
Zo_SA_chr02A_461-Zo_SB_chr02B_443	7.58974211148372	2.65657860794462	1.18018519153797	2.25098452937091	0.0243865172518381	0.0483199066493346
Zo_SA_chr01A_2072-Zo_SB_chr01B_2096	50.3738868440782	1.01125767729107	0.451417115432123	2.24018461578054	0.0250789399952708	0.0495037385182207
Zo_SA_chr01A_1610-Zo_SB_chr01B_1628	20.8545035632873	1.87391475913287	0.83742976758302	2.23769781260742	0.0252407680044355	0.0497394722708154
