baseMean	log2FoldChange	lfcSE	stat	pvalue	padj
Zo_SA_chr02A_3652-Zo_SB_chr02B_3673	2225.38551753776	2.93308802823169	0.222750611044341	13.1675869012446	1.34838824659732e-39	2.54395915858027e-37
Zo_SA_chr01A_3975-Zo_SB_chr01B_3954	10369.0996881637	-2.62462853187099	0.207503683097213	-12.6485876910502	1.13903955680229e-36	1.81320859448464e-34
Zo_SA_chr02A_2488-Zo_SB_chr02B_2445	269.74601917693	2.92190124565617	0.276686397643829	10.5603357105305	4.55031536562623e-26	4.06654499517544e-24
Zo_SA_chr02A_1524-Zo_SB_chr02B_1509	2734.55664650715	-2.55148054760535	0.242874166099538	-10.5053599918884	8.16108211498615e-26	7.04619530402364e-24
Zo_SA_chr02A_230-Zo_SB_chr02B_215	756.57384847125	-2.3268477310198	0.244973527133198	-9.49836399977471	2.1321355908871e-21	1.39244855127934e-19
Zo_SA_chr01A_3514-Zo_SB_chr01B_3523	600.570534213821	-2.86247928130473	0.321228583687785	-8.9110354017776	5.05581685666486e-19	2.96026793883343e-17
Zo_SA_chr02A_591-Zo_SB_chr02B_575	921.084113871335	-2.24103225400434	0.253409389286423	-8.84352493928847	9.2745290347928e-19	5.36868760264028e-17
Zo_SA_chr02A_3368-Zo_SB_chr02B_3368	595.966458070567	-2.90457476972762	0.330888813178655	-8.77809902917259	1.66260851490609e-18	9.20579105970831e-17
Zo_SA_chr02A_1571-Zo_SB_chr02B_1559	498.417442943262	2.64399680364591	0.306636903013731	8.62256557400569	6.5470449645464e-18	3.43821103602055e-16
Zo_SA_chr02A_1044-Zo_SB_chr02B_1025	819.760014330094	2.95472627532567	0.345560228749464	8.55053918102332	1.22514834347645e-17	6.30394511279702e-16
Zo_SA_chr02A_834-Zo_SB_chr02B_789	353.807437487292	2.35838255616393	0.27722433278477	8.50712681846336	1.78296481587316e-17	8.90433605103711e-16
Zo_SA_chr02A_3346-Zo_SB_chr02B_3347	1757.71032348511	-2.6368489177256	0.310441441444625	-8.49386894177253	1.99869679294127e-17	9.78977063773351e-16
Zo_SA_chr02A_2237-Zo_SB_chr02B_2207	258.08799382675	-2.41675862580521	0.288784182826615	-8.36873613419547	5.82394996804561e-17	2.8254477273547e-15
Zo_SA_chr01A_1075-Zo_SB_chr01B_1101	207.125350630712	2.86034090763254	0.343678626164746	8.32271980236969	8.59675025032037e-17	4.09269586683476e-15
Zo_SA_chr01A_3689-Zo_SB_chr01B_3680	2293.60123074433	-2.34703795267787	0.292011088855337	-8.03749597961532	9.16929059997205e-16	3.92507279968552e-14
Zo_SA_chr01A_1966-Zo_SB_chr01B_2001	545.542537482019	-1.86472571607365	0.233042319255461	-8.00166133786857	1.2275161272765e-15	5.21080596028875e-14
Zo_SA_chr02A_185-Zo_SB_chr02B_176	568.939415569986	-2.17885414080063	0.272740466983304	-7.98874536257949	1.36318932144201e-15	5.69187410116854e-14
Zo_SA_chr01A_3437-Zo_SB_chr01B_3452	1618.2218584952	2.53737875842157	0.317936600369378	7.98076961090246	1.45423680892583e-15	5.97678044747349e-14
Zo_SA_chr01A_2188-Zo_SB_chr01B_2207	954.396044735437	2.09650975371606	0.267570460481452	7.83535577860021	4.67517000016729e-15	1.86057156100408e-13
Zo_SA_chr02A_669-Zo_SB_chr02B_642	478.079875053454	1.83025724055368	0.235223107895475	7.78094149392404	7.19867832949907e-15	2.82077441618986e-13
Zo_SA_chr02A_2704-Zo_SB_chr02B_2670	454.093780271505	2.34604336438966	0.301578913732704	7.77920225042331	7.29833028062665e-15	2.83799194271085e-13
Zo_SA_chr02A_3169-Zo_SB_chr02B_3173	477.085705801781	1.76757433100394	0.227743717907467	7.7612429762919	8.41010156635753e-15	3.19709383425562e-13
Zo_SA_chr02A_812-Zo_SB_chr02B_814	170.603102802639	-2.26663084398247	0.292626988329159	-7.74580245289225	9.49800799476826e-15	3.58391501669256e-13
Zo_SA_chr01A_2642-Zo_SB_chr01B_2641	177.453485445586	2.43990929889835	0.320442742733166	7.61418179762016	2.65367072682964e-14	9.86700633756948e-13
Zo_SA_chr01A_2838-Zo_SB_chr01B_2835	171.700726130354	2.53492340815668	0.337349023007745	7.51424558919943	5.72400436183146e-14	2.08271987279782e-12
Zo_SA_chr02A_2073-Zo_SB_chr02B_2027	462.545669610365	-1.92112182590913	0.259398735996551	-7.40605700536131	1.30109922877094e-13	4.50870712337357e-12
Zo_SA_chr02A_3125-Zo_SB_chr02B_3117	538.03323874909	-2.13436702008486	0.289018103329029	-7.38489041170899	1.525790074599e-13	5.25160448649142e-12
Zo_SA_chr02A_2927-Zo_SB_chr02B_2900	98.8324592037234	2.85568291658738	0.393197734936494	7.26271456535377	3.79398001498959e-13	1.26317216969654e-11
Zo_SA_chr01A_1984-Zo_SB_chr01B_2013	378.318583499544	2.52753328430061	0.350606997951528	7.20902120912614	5.63554846095571e-13	1.8285021566948e-11
Zo_SA_chr02A_1481-Zo_SB_chr02B_1471	145.021756354455	2.38229588918783	0.330535212789614	7.20738909806915	5.70348568125572e-13	1.83883266204536e-11
Zo_SA_chr02A_1502-Zo_SB_chr02B_1489	117.789400987865	2.83204330566212	0.403432524261031	7.01986859103535	2.22077012940515e-12	7.02646151502475e-11
Zo_SA_chr02A_1705-Zo_SB_chr02B_1685	425.940355225478	-2.04916502061907	0.292394162852363	-7.00822821026608	2.41354914300397e-12	7.58927119411248e-11
Zo_SA_chr02A_2926-Zo_SB_chr02B_2899	460.021735897277	-1.99234866528345	0.288928981816341	-6.89563453537481	5.36248957150024e-12	1.62598344507275e-10
Zo_SA_chr01A_901-Zo_SB_chr01B_938	692.477151407198	1.76292417049412	0.257066799681835	6.85784462511709	6.99072303536208e-12	2.09474959659614e-10
Zo_SA_chr02A_1377-Zo_SB_chr02B_1359	197.868563226612	2.37365232870046	0.350409017273549	6.77394762032466	1.25315058220344e-11	3.68991275476551e-10
Zo_SA_chr01A_1720-Zo_SB_chr01B_1750	535.218876960968	1.52748518098357	0.226169690856909	6.75371299839624	1.44108683600274e-11	4.21890594402181e-10
Zo_SA_chr01A_1460-Zo_SB_chr01B_1494	109.848739694694	2.60799475312653	0.387045880532959	6.73820568645594	1.60354467484037e-11	4.64116850774821e-10
Zo_SA_chr01A_3775-Zo_SB_chr01B_3760	187.881088251453	-2.17262354227968	0.327038809835138	-6.64332023277273	3.06694486336433e-11	8.67945396332104e-10
Zo_SA_chr01A_3111-Zo_SB_chr01B_3120	189.445168983514	2.7721602776202	0.422017038693236	6.5688349603232	5.07104510357172e-11	1.41933537129639e-09
Zo_SA_chr02A_2304-Zo_SB_chr02B_2273	676.099752860765	1.93809533928796	0.295453202090747	6.55973712781992	5.39027144591891e-11	1.50043949429022e-09
Zo_SA_chr02A_2676-Zo_SB_chr02B_2623	118.414652824625	-2.05753022298682	0.317581009126155	-6.47875711664323	9.24812323792366e-11	2.53279246096683e-09
Zo_SA_chr01A_3693-Zo_SB_chr01B_3684	541.306942530679	1.56666863482957	0.245990507250778	6.36881744884735	1.90491168109125e-10	5.10716847551518e-09
Zo_SA_chr01A_4228-Zo_SB_chr01B_4246	1349.55840364884	-1.37299210763144	0.215637379641511	-6.36713407440764	1.92592816275067e-10	5.1364806602366e-09
Zo_SA_chr01A_2113-Zo_SB_chr01B_2137	5690.29345442439	1.76283812087987	0.27766671605642	6.34875560858246	2.17063543250185e-10	5.72912792391938e-09
Zo_SA_chr01A_118-Zo_SB_chr01B_184	620.672603335453	-2.22559894156824	0.350736103060114	-6.34550855229977	2.21691880814943e-10	5.82112598387278e-09
Zo_SA_chr02A_1601-Zo_SB_chr02B_1583	1288.67766475124	-1.44432172872145	0.229228824210852	-6.30078583569806	2.9614034395735e-10	7.69662710264663e-09
Zo_SA_chr01A_363-Zo_SB_chr01B_417	192.184640408354	-1.9121210779833	0.304012842433781	-6.28960626358999	3.18272181505345e-10	8.14712810345843e-09
Zo_SA_chr01A_361-Zo_SB_chr01B_414	238.934959384046	2.32593423587179	0.370797621259448	6.27278629234875	3.5464352974319e-10	9.03277070255905e-09
Zo_SA_chr01A_2731-Zo_SB_chr01B_2719	1590.07275178641	-2.13001189085041	0.346051236588671	-6.15519225374771	7.49864735465071e-10	1.8724563541466e-08
Zo_SA_chr02A_3372-Zo_SB_chr02B_3393	1333.65075565753	-2.11618648190439	0.344253376379533	-6.14717712912518	7.88740337878126e-10	1.94098709234356e-08
Zo_SA_chr02A_2409-Zo_SB_chr02B_2375	312.607564554519	1.53233113680637	0.250822086810467	6.10923526030733	1.00109666774758e-09	2.42837448833627e-08
Zo_SA_chr02A_3795-Zo_SB_chr02B_3798	377.50324483934	-1.66328668472949	0.273378889019213	-6.08418115494131	1.17088159401325e-09	2.82676343123389e-08
Zo_SA_chr02A_1091-Zo_SB_chr02B_1075	274.773726104382	-1.69044414595332	0.278337425593744	-6.07336272636459	1.25259079988378e-09	2.98346671650844e-08
Zo_SA_chr02A_387-Zo_SB_chr02B_379	799.924945126561	1.36151965769503	0.224666566100892	6.06017923060084	1.35969952509994e-09	3.22153924691122e-08
Zo_SA_chr01A_2480-Zo_SB_chr01B_2490	126.098170006155	-2.51711029457196	0.415716985143236	-6.05486517156541	1.40535323310403e-09	3.314291374737e-08
Zo_SA_chr01A_3924-Zo_SB_chr01B_3913	1187.34652816442	-1.36380908726221	0.22545190578602	-6.04922403519898	1.45545144471761e-09	3.41662196285322e-08
Zo_SA_chr02A_1839-Zo_SB_chr02B_1815	267.51959925031	2.12000786452336	0.351972552540903	6.02321928008006	1.70981541355567e-09	3.95899987120573e-08
Zo_SA_chr01A_2575-Zo_SB_chr01B_2577	1290.31361727429	-2.09164594917071	0.351429095384223	-5.95182919298095	2.65162031363044e-09	5.97910474085089e-08
Zo_SA_chr01A_3770-Zo_SB_chr01B_3755	499.958801273405	2.51258519520958	0.424049992212761	5.92520986051317	3.11898813935473e-09	6.96847613240044e-08
Zo_SA_chr02A_1376-Zo_SB_chr02B_1358	1005.70152833693	-1.63506623954457	0.276240676665235	-5.91899158112055	3.23921544279943e-09	7.20548622952852e-08
Zo_SA_chr02A_2746-Zo_SB_chr02B_2712	650.934790832127	-2.24727333180569	0.381077242129571	-5.89715963946645	3.69812040347412e-09	8.11992471349015e-08
Zo_SA_chr02A_1225-Zo_SB_chr02B_1205	467.656839191414	-2.22198986539505	0.377129485166351	-5.89184869598552	3.81898778824735e-09	8.34932351645151e-08
Zo_SA_chr02A_1791-Zo_SB_chr02B_1765	783.860059712857	-2.14180394268623	0.363690736588692	-5.8890802740144	3.88350788759704e-09	8.45409793992278e-08
Zo_SA_chr02A_1729-Zo_SB_chr02B_1699	550.623728885808	-1.99196176223207	0.338423996196188	-5.88599444667426	3.95667598943886e-09	8.57672659157512e-08
Zo_SA_chr01A_3171-Zo_SB_chr01B_3176	218.697113135385	2.94016446420771	0.499988687395886	5.88046197509208	4.0912298967946e-09	8.83081571791173e-08
Zo_SA_chr02A_1761-Zo_SB_chr02B_1733	684.042771861167	-2.10529492152396	0.358808411426898	-5.86746256352155	4.42514877765745e-09	9.47130582915422e-08
Zo_SA_chr02A_210-Zo_SB_chr02B_196	123.267521526808	2.184086837496	0.375500087442419	5.81647491049099	6.01015586423886e-09	1.27036240549514e-07
Zo_SA_chr02A_3137-Zo_SB_chr02B_3137	216.025174342735	2.48131535724128	0.426933916769063	5.81194245708867	6.17520688411988e-09	1.29985553172342e-07
Zo_SA_chr02A_1472-Zo_SB_chr02B_1462	3317.68332369695	1.54792987949881	0.266579370384319	5.80663791525658	6.3739772161374e-09	1.33617448308658e-07
Zo_SA_chr01A_2616-Zo_SB_chr01B_2613	961.990502666193	-1.91119856795848	0.329895205096608	-5.79335055021122	6.89958833465252e-09	1.44043044986557e-07
Zo_SA_chr01A_2956-Zo_SB_chr01B_2953	127.924743464838	-1.9821869234752	0.344795215266589	-5.74888175853197	8.98356129272768e-09	1.85272312652449e-07
Zo_SA_chr02A_712-Zo_SB_chr02B_683	135.66576490265	-1.84651279103621	0.321319145025191	-5.74666284167863	9.10219694166289e-09	1.86962061374318e-07
Zo_SA_chr02A_1919-Zo_SB_chr02B_1874	2499.38500248707	1.25357244283979	0.219721737943014	5.70527274440601	1.16156939494777e-08	2.37631907544737e-07
Zo_SA_chr01A_2652-Zo_SB_chr01B_2652	144.831602526348	2.30646827931067	0.404695937299413	5.69926225279657	1.20327001762484e-08	2.45178298791237e-07
Zo_SA_chr01A_136-Zo_SB_chr01B_206	405.735857395467	2.21934205999633	0.392615809550339	5.65270680907663	1.57940586924854e-08	3.19265614998098e-07
Zo_SA_chr01A_3542-Zo_SB_chr01B_3542	118.868478027898	-2.17150119028859	0.384427088051112	-5.64866851942514	1.61695296821439e-08	3.23010134120945e-07
Zo_SA_chr02A_2900-Zo_SB_chr02B_2872	206.214440665122	-2.71586620551789	0.480784993020332	-5.64881650830362	1.61556182582548e-08	3.23010134120945e-07
Zo_SA_chr01A_1233-Zo_SB_chr01B_1261	458.756434897244	2.88116343210917	0.511585725340102	5.63182921140689	1.78308215105673e-08	3.5342492130284e-07
Zo_SA_chr02A_3435-Zo_SB_chr02B_3467	463.165013482783	-1.56163017446342	0.278568566793741	-5.6059094981082	2.07164196908736e-08	4.09028844594226e-07
Zo_SA_chr01A_3488-Zo_SB_chr01B_3495	246.490481738182	-2.02683610187935	0.362651998815412	-5.58892852789982	2.28474958841109e-08	4.49363490477455e-07
Zo_SA_chr02A_3794-Zo_SB_chr02B_3797	666.788094059061	-1.98441866182869	0.356025905370759	-5.57380413024201	2.49235949719165e-08	4.86439819107061e-07
Zo_SA_chr02A_3039-Zo_SB_chr02B_3036	1768.87586391098	1.32423554495034	0.238937084774528	5.54219344477206	2.98706047235989e-08	5.78558404798528e-07
Zo_SA_chr02A_3465-Zo_SB_chr02B_3495	2020.32350750611	-1.70608785841825	0.307923482350635	-5.54062277223637	3.01397845133653e-08	5.81560842087435e-07
Zo_SA_chr02A_1812-Zo_SB_chr02B_1788	886.36806991469	1.4911928499787	0.269939620035357	5.52417184918385	3.31043326719293e-08	6.36352719361539e-07
Zo_SA_chr02A_181-Zo_SB_chr02B_171	215.159608922257	1.71004251968823	0.309630435644967	5.52285022021875	3.3354406102487e-08	6.38749416113041e-07
Zo_SA_chr02A_677-Zo_SB_chr02B_651	99.5043142489936	-2.13975494079326	0.387589713513019	-5.5206700957026	3.37709303578535e-08	6.41899698667558e-07
Zo_SA_chr01A_537-Zo_SB_chr01B_592	140.452432717722	1.87649687717769	0.341579919669091	5.49358076726398	3.93864850639126e-08	7.43091684872484e-07
Zo_SA_chr02A_1185-Zo_SB_chr02B_1159	233.006342875306	-2.3168378257793	0.422698946856345	-5.48105890258269	4.22787681581058e-08	7.91794283078643e-07
Zo_SA_chr02A_2268-Zo_SB_chr02B_2239	129.575722688182	-1.69520249732076	0.309335016531864	-5.4801506674759	4.24963791595391e-08	7.92954415526346e-07
Zo_SA_chr02A_1331-Zo_SB_chr02B_1312	12056.8031125497	-1.09720742700201	0.201271015452462	-5.45139311060492	4.99767572957284e-08	9.25751278779784e-07
Zo_SA_chr01A_1880-Zo_SB_chr01B_1917	432.777239602414	1.90279464541681	0.349622617903033	5.44242433979069	5.25602870698625e-08	9.70080080919854e-07
Zo_SA_chr01A_884-Zo_SB_chr01B_924	1225.54784884967	-1.1719601181016	0.215508426878736	-5.43811736309064	5.38465023770731e-08	9.86669363700756e-07
Zo_SA_chr02A_30-Zo_SB_chr02B_32	575.448215103707	1.38455175771372	0.25524266243866	5.42445273249119	5.81323702468717e-08	1.06138456644288e-06
Zo_SA_chr01A_1389-Zo_SB_chr01B_1415	342.709118108592	-1.3733079388238	0.255742668880139	-5.36988193967525	7.87882039850374e-08	1.43338253964207e-06
Zo_SA_chr01A_2191-Zo_SB_chr01B_2209	185.392998011319	-2.99856934141145	0.561553023630947	-5.33977953145545	9.30596804383692e-08	1.68101422749309e-06
Zo_SA_chr02A_657-Zo_SB_chr02B_633	4629.78437134005	1.79842320258236	0.339044615086596	5.30438509434229	1.1305342800016e-07	2.02068127099234e-06
Zo_SA_chr02A_2979-Zo_SB_chr02B_2970	261.120637495647	-1.93133571900118	0.364951411712035	-5.2920352052922	1.20962598568117e-07	2.14698075646686e-06
Zo_SA_chr02A_974-Zo_SB_chr02B_946	540.523596334166	1.63733813429321	0.309437466734798	5.29133770247829	1.21424916832352e-07	2.14770321647223e-06
Zo_SA_chr02A_433-Zo_SB_chr02B_422	260.942001858319	-1.86066856302423	0.353852416350269	-5.25831809265476	1.45378893865626e-07	2.56249164481488e-06
Zo_SA_chr01A_2640-Zo_SB_chr01B_2638	76.9057530533355	2.05994824456229	0.391977190736498	5.25527579982852	1.47802808522173e-07	2.59623278142052e-06
Zo_SA_chr02A_1554-Zo_SB_chr02B_1542	3269.18498061609	-1.63341268997817	0.310897474059809	-5.25386285275494	1.48941807358397e-07	2.607249370047e-06
Zo_SA_chr02A_35-Zo_SB_chr02B_39	454.772456030665	-1.52083675137147	0.289959784780097	-5.24499199957974	1.56289108871934e-07	2.72649561847134e-06
Zo_SA_chr01A_779-Zo_SB_chr01B_820	1323.40995351766	1.32903806436874	0.253450023704873	5.24378749286021	1.57313377704659e-07	2.73499776801206e-06
Zo_SA_chr01A_1446-Zo_SB_chr01B_1475	348.333524679742	-1.63126579566022	0.311682498836322	-5.23374203476489	1.66112243872745e-07	2.87814887852981e-06
Zo_SA_chr01A_1511-Zo_SB_chr01B_1540	192.191978616051	-2.14827864271592	0.411690535477761	-5.21818807474618	1.80681947798544e-07	3.09896916527199e-06
Zo_SA_chr01A_708-Zo_SB_chr01B_753	604.592965833619	-1.4394536495755	0.277262713336182	-5.19165967993017	2.08427721110838e-07	3.51566493820732e-06
Zo_SA_chr02A_152-Zo_SB_chr02B_146	100.858584725818	-2.26133188582423	0.437114207553108	-5.17332048867226	2.29970058303714e-07	3.86622929702679e-06
Zo_SA_chr01A_2608-Zo_SB_chr01B_2604	1506.12093365793	-1.43486725244527	0.277598894204261	-5.16885074977812	2.3553789940966e-07	3.94680940655529e-06
Zo_SA_chr02A_1114-Zo_SB_chr02B_1091	568.896447778018	-1.84172126456844	0.358180304593268	-5.14188312687882	2.71998308170174e-07	4.54281764530775e-06
Zo_SA_chr02A_1208-Zo_SB_chr02B_1184	152.70039238429	1.87016883214172	0.364460525809084	5.13133439620117	2.87695277402298e-07	4.78928020616767e-06
Zo_SA_chr01A_2212-Zo_SB_chr01B_2230	109.244750862198	1.66356042181868	0.324549665921141	5.12574991287434	2.96355770713054e-07	4.91738207170129e-06
Zo_SA_chr02A_3481-Zo_SB_chr02B_3510	1219.73806765437	1.20296054769245	0.23509605527344	5.11688954667182	3.10615393112456e-07	5.13725588478847e-06
Zo_SA_chr02A_1198-Zo_SB_chr02B_1170	561.567197880293	1.08914276508254	0.214073866367535	5.08769605353243	3.62439628429679e-07	5.93655134154594e-06
Zo_SA_chr01A_2252-Zo_SB_chr01B_2266	293.101269303336	-1.84512146668239	0.362990144997878	-5.08311724742052	3.71290348438619e-07	6.0620289581613e-06
Zo_SA_chr01A_4030-Zo_SB_chr01B_4005	273.468705617562	1.54994566000909	0.305472714380734	5.07392505792603	3.89692582844908e-07	6.3381573652728e-06
Zo_SA_chr02A_2788-Zo_SB_chr02B_2752	352.993084876081	-2.26443013907966	0.446356523367224	-5.07314225408257	3.91299752773841e-07	6.3381573652728e-06
Zo_SA_chr02A_3364-Zo_SB_chr02B_3367	73.5822003419954	-2.6666603369896	0.525674727211108	-5.07283344424259	3.91935526121109e-07	6.3381573652728e-06
Zo_SA_chr02A_3315-Zo_SB_chr02B_3312	151.619501301689	2.01081236094283	0.396492985897433	5.0714954172304	3.9470177219647e-07	6.36269249230638e-06
Zo_SA_chr01A_4194-Zo_SB_chr01B_4218	1232.66456765232	-1.57676155731106	0.311354071405059	-5.06420728720697	4.10103230034594e-07	6.59011310345811e-06
Zo_SA_chr02A_831-Zo_SB_chr02B_792	144.21561394545	-1.95292466270495	0.38569098245274	-5.06344392675617	4.11749529412851e-07	6.59576132965115e-06
Zo_SA_chr02A_3541-Zo_SB_chr02B_3575	990.198001867194	-1.64635168098282	0.325302678943036	-5.06098408513604	4.17098034285358e-07	6.66049337507716e-06
Zo_SA_chr01A_3759-Zo_SB_chr01B_3743	967.516164023666	-1.52771782299464	0.302837532626154	-5.04467794908557	4.54285873274042e-07	7.23166324518115e-06
Zo_SA_chr02A_2942-Zo_SB_chr02B_2915	585.937106272889	-1.16961724582367	0.231967679468233	-5.04215608185124	4.60315575804152e-07	7.30482100668645e-06
Zo_SA_chr01A_693-Zo_SB_chr01B_737	103.920449583203	2.43098310730716	0.483898257233723	5.02374842431597	5.06726053345923e-07	8.01634321659668e-06
Zo_SA_chr02A_2227-Zo_SB_chr02B_2196	68.9674087321858	-2.31724386289445	0.462168467736651	-5.01385106223829	5.33512894432331e-07	8.41397735058296e-06
Zo_SA_chr02A_3414-Zo_SB_chr02B_3443	48.286596634246	2.32620443573088	0.464924425816705	5.00340336312633	5.63269086442256e-07	8.85584174795325e-06
Zo_SA_chr02A_1414-Zo_SB_chr02B_1400	381.813584543842	2.63483792241126	0.526802238070932	5.00156934044097	5.68655067436444e-07	8.91301204160383e-06
Zo_SA_chr02A_1915-Zo_SB_chr02B_1870	628.174027209811	1.86161934210478	0.372605767666598	4.99621719159894	5.8465811261605e-07	9.1357313670741e-06
Zo_SA_chr02A_137-Zo_SB_chr02B_128	293.991172908244	1.90917689712411	0.383507509031018	4.97819951934682	6.4178481016521e-07	9.99771199688557e-06
Zo_SA_chr02A_171-Zo_SB_chr02B_189	57.357910480411	-2.46906410578597	0.499475261921825	-4.94331610395634	7.6804797747896e-07	1.18558678705389e-05
Zo_SA_chr01A_580-Zo_SB_chr01B_631	132.598448605673	-2.0021808863073	0.405499495555227	-4.93756689774875	7.91032754446348e-07	1.21737790064946e-05
Zo_SA_chr01A_3402-Zo_SB_chr01B_3417	205.197487794981	1.81181369573408	0.367201929198788	4.93410723545857	8.0518195412802e-07	1.23171077307151e-05
Zo_SA_chr02A_1024-Zo_SB_chr02B_1002	142.9752346512	2.06130768816888	0.418388403998873	4.92678016041388	8.35957186220828e-07	1.27495985227811e-05
Zo_SA_chr02A_244-Zo_SB_chr02B_232	270.585484735759	1.36036689613386	0.276207775527131	4.92515785820171	8.42922778745159e-07	1.28174586117249e-05
Zo_SA_chr01A_2906-Zo_SB_chr01B_2906	814.299248462655	1.73785735309579	0.352976948518692	4.92343015709358	8.50402369252948e-07	1.28927073481385e-05
Zo_SA_chr02A_853-Zo_SB_chr02B_772	470.103866722524	1.57185181534826	0.320031093313053	4.91155968339202	9.03547754434675e-07	1.35997696588533e-05
Zo_SA_chr02A_1581-Zo_SB_chr02B_1566	123.474145655574	-1.890773060147	0.384989396174226	-4.91123412472206	9.05049453151013e-07	1.35997696588533e-05
Zo_SA_chr01A_1501-Zo_SB_chr01B_1523	127.414535496973	-2.95858420631424	0.607316740567061	-4.87156702374409	1.10716590997497e-06	1.64909448696272e-05
Zo_SA_chr02A_1251-Zo_SB_chr02B_1252	56.461414593177	2.97158907225635	0.610151583807946	4.87024724857832	1.11458691193587e-06	1.65530779282837e-05
Zo_SA_chr01A_3303-Zo_SB_chr01B_3311	178.977953505604	-2.60407785264056	0.535172625779712	-4.86586519414476	1.13957175445831e-06	1.68749375500308e-05
Zo_SA_chr01A_2081-Zo_SB_chr01B_2103	640.385615633338	-1.19517258649222	0.245925312836247	-4.85990064507122	1.17444678404923e-06	1.73409620810052e-05
Zo_SA_chr01A_3034-Zo_SB_chr01B_3037	903.982107202023	-1.20284554429777	0.2489061898791	-4.8325256390049	1.34811743425093e-06	1.97175104578703e-05
Zo_SA_chr02A_896-Zo_SB_chr02B_861	179.741771880094	2.19878472104569	0.45503545216488	4.83211738906219	1.35088558103587e-06	1.97175104578703e-05
Zo_SA_chr02A_3259-Zo_SB_chr02B_3254	773.771152008749	-1.11698439177766	0.231684125900141	-4.82115202082985	1.42731529775182e-06	2.07735546478508e-05
Zo_SA_chr02A_2655-Zo_SB_chr02B_2602	187.306216049749	2.21390778776885	0.459451198444667	4.81859182272973	1.44574985923129e-06	2.09819082134592e-05
Zo_SA_chr01A_2215-Zo_SB_chr01B_2233	511.005280642364	-1.38475869288617	0.287529699806691	-4.81605445912944	1.46424576928942e-06	2.11899657635236e-05
Zo_SA_chr02A_3727-Zo_SB_chr02B_3747	1239.10473451686	-1.28192557414415	0.266783281796564	-4.80511959187041	1.54659031862849e-06	2.22551725511117e-05
Zo_SA_chr02A_2865-Zo_SB_chr02B_2826	1449.60516422147	-1.34707877681249	0.281072339186721	-4.79264085790246	1.64600127559496e-06	2.36189591489598e-05
Zo_SA_chr02A_3040-Zo_SB_chr02B_3040	355.218664935666	1.39318772117556	0.291556847583455	4.77844280703022	1.76657996115467e-06	2.52071661684087e-05
Zo_SA_chr02A_3154-Zo_SB_chr02B_3153	119.425229442097	-2.84750078342077	0.596358014320647	-4.77481766831717	1.79870145803191e-06	2.55938134838395e-05
Zo_SA_chr01A_204-Zo_SB_chr01B_270	214.483547467243	-2.14019313649963	0.448516371649238	-4.77171686872863	1.82662158245087e-06	2.59186917576733e-05
Zo_SA_chr02A_2917-Zo_SB_chr02B_2889	220.19097456073	-1.5988105609357	0.33561437347444	-4.7638322053494	1.89950477130934e-06	2.68779925140272e-05
Zo_SA_chr01A_4017-Zo_SB_chr01B_3992	128.34834261867	2.01517655675172	0.423292557873415	4.76071813517297	1.92905307020805e-06	2.72204884754565e-05
Zo_SA_chr01A_2236-Zo_SB_chr01B_2251	386.400014541542	1.6056190781027	0.337719410548074	4.75429906589318	1.99136079678938e-06	2.80220770686329e-05
Zo_SA_chr02A_2028-Zo_SB_chr02B_1976	306.658112472012	1.29318439437937	0.27233922534556	4.74843237414112	2.049994104893e-06	2.86886537646289e-05
Zo_SA_chr02A_2797-Zo_SB_chr02B_2759	829.78150989769	1.42773416407999	0.301872322059763	4.72959612308324	2.24966922464137e-06	3.13967535077347e-05
Zo_SA_chr02A_3716-Zo_SB_chr02B_3736	9217.82823066623	-1.50697689019508	0.319392711275784	-4.71825698268317	2.37873896105428e-06	3.31073668513948e-05
Zo_SA_chr02A_3602-Zo_SB_chr02B_3621	856.170808203992	-2.04164264759197	0.433577810817057	-4.70882641282909	2.49147134032923e-06	3.45818937537796e-05
Zo_SA_chr01A_800-Zo_SB_chr01B_844	55.4131999681624	2.8464614912709	0.607071924678814	4.68883731161985	2.74761715182708e-06	3.80335917701281e-05
Zo_SA_chr02A_991-Zo_SB_chr02B_964	162.044873674263	-1.91010188166889	0.407741394238304	-4.68459152948432	2.80518792185225e-06	3.85331287392627e-05
Zo_SA_chr02A_2360-Zo_SB_chr02B_2330	138.239261130791	1.59148402846171	0.339733790654912	4.68450319702899	2.80639787245121e-06	3.85331287392627e-05
Zo_SA_chr02A_1427-Zo_SB_chr02B_1418	94.1740246134604	-2.30779071214018	0.492813231944034	-4.68289112903175	2.82856764446513e-06	3.87331279056596e-05
Zo_SA_chr02A_1591-Zo_SB_chr02B_1575	677.479492313774	1.66934636687761	0.356767219657497	4.67909122502962	2.88149225142326e-06	3.93520684416893e-05
Zo_SA_chr01A_3020-Zo_SB_chr01B_3018	504.101351294906	1.02498257068929	0.21943791855223	4.67094555695638	2.99816402598701e-06	4.07732116227423e-05
Zo_SA_chr01A_2863-Zo_SB_chr01B_2861	239.261640780643	1.41733300933308	0.303732536333455	4.66638519021568	3.06544800040972e-06	4.15302981757636e-05
Zo_SA_chr02A_3446-Zo_SB_chr02B_3478	439.045789752985	1.44401172813033	0.310521843721222	4.65027423135721	3.31493952211378e-06	4.47912517921686e-05
Zo_SA_chr02A_1442-Zo_SB_chr02B_1436	2615.72321801463	-1.83773219543986	0.3953373056461	-4.64851702380188	3.34330032295602e-06	4.50549519712645e-05
Zo_SA_chr02A_1121-Zo_SB_chr02B_1096	232.826207472638	1.67160678462364	0.363227517827397	4.60209291031188	4.18266532455427e-06	5.60697293770511e-05
Zo_SA_chr01A_2653-Zo_SB_chr01B_2653	226.716071899119	-1.38664319678729	0.301943484178884	-4.59239317767752	4.38191818117135e-06	5.843322307562e-05
Zo_SA_chr01A_3997-Zo_SB_chr01B_3973	176.90136327713	1.94505637985253	0.425132219541614	4.57517988627097	4.75810978457868e-06	6.32841024612109e-05
Zo_SA_chr01A_613-Zo_SB_chr01B_661	162.123070462381	2.1508481930403	0.470301871564226	4.57333538964361	4.80020827866044e-06	6.36777629466048e-05
Zo_SA_chr01A_4173-Zo_SB_chr01B_4198	724.274188245753	1.46669162608642	0.320980576308917	4.56940928623312	4.89100806150597e-06	6.47137534163933e-05
Zo_SA_chr02A_1126-Zo_SB_chr02B_1101	489.503542665147	1.63485037715182	0.358343937440395	4.56223813587958	5.06111966831904e-06	6.6791045571029e-05
Zo_SA_chr02A_496-Zo_SB_chr02B_478	584.392767603989	1.42549595542233	0.313554426022392	4.54624727676632	5.461087236676e-06	7.18831482781074e-05
Zo_SA_chr01A_2551-Zo_SB_chr01B_2563	601.151466217596	1.2965062319784	0.285339922449527	4.54372532538884	5.5268666639546e-06	7.2374958319241e-05
Zo_SA_chr02A_971-Zo_SB_chr02B_943	1011.96520530367	1.05443445425617	0.232047601487204	4.54404375437731	5.51851951408616e-06	7.2374958319241e-05
Zo_SA_chr02A_507-Zo_SB_chr02B_492	138.376943962427	1.53774088017141	0.33884451029374	4.53819033053941	5.67390390403018e-06	7.4025302853836e-05
Zo_SA_chr02A_736-Zo_SB_chr02B_709	1002.06610061329	-1.5258665585619	0.336250146654491	-4.53789113177633	5.68195787511776e-06	7.4025302853836e-05
Zo_SA_chr02A_48-Zo_SB_chr02B_52	374.912393953199	-1.3795054008755	0.304677048399499	-4.52776278397793	5.96114460520831e-06	7.74644658646203e-05
Zo_SA_chr02A_1350-Zo_SB_chr02B_1339	810.406176667169	-1.66479178423813	0.36902274516789	-4.51135277171254	6.44154867546996e-06	8.2861739779909e-05
Zo_SA_chr01A_854-Zo_SB_chr01B_900	749.991828986756	1.33574923577646	0.296582630247453	4.50380130037277	6.67486196981091e-06	8.56467175672967e-05
Zo_SA_chr02A_920-Zo_SB_chr02B_893	352.827861038136	-2.66421325677759	0.591897019222104	-4.50114322298669	6.75889414131001e-06	8.62902424958225e-05
Zo_SA_chr02A_3240-Zo_SB_chr02B_3235	385.660262228878	-1.15612093665092	0.257702027574235	-4.48627023828086	7.2480799873787e-06	9.23042986392678e-05
Zo_SA_chr02A_1492-Zo_SB_chr02B_1479	3085.26699399826	-2.21618475928318	0.494069493746222	-4.48557295549505	7.27182586814563e-06	9.23757630232764e-05
Zo_SA_chr02A_1282-Zo_SB_chr02B_1275	1959.78550584574	1.44101144906985	0.321351158901391	4.48422670699636	7.317882843969e-06	9.2499491829226e-05
Zo_SA_chr02A_345-Zo_SB_chr02B_346	527.051366310131	-1.01602878471152	0.226931427722792	-4.47725022006495	7.56106111218888e-06	9.53367458056687e-05
Zo_SA_chr02A_94-Zo_SB_chr02B_92	145.988308918602	-1.42592143866039	0.319248134134174	-4.46649889600014	7.95100723610607e-06	9.99312527696891e-05
Zo_SA_chr02A_428-Zo_SB_chr02B_417	113.111405908383	-1.83984520913905	0.411955039260545	-4.46613109149376	7.9646817087738e-06	9.99312527696891e-05
Zo_SA_chr01A_3857-Zo_SB_chr01B_3846	46.0894777263432	-2.16635130495796	0.486089776519268	-4.4566897096057	8.3234943608932e-06	0.000103921275182328
Zo_SA_chr01A_906-Zo_SB_chr01B_942	573.29563699783	-1.20023147998115	0.269410657059838	-4.45502599295683	8.38830312412095e-06	0.00010447436702756
Zo_SA_chr01A_4185-Zo_SB_chr01B_4210	234.242363951102	-1.50339300573532	0.337737020413815	-4.45137167341998	8.53235156844059e-06	0.000105751335497899
Zo_SA_chr01A_3644-Zo_SB_chr01B_3636	291.350925350325	1.53868578740127	0.34668104883165	4.43833256125998	9.06584692707233e-06	0.000111819429168297
Zo_SA_chr01A_446-Zo_SB_chr01B_502	1106.37924695305	1.26634915770781	0.288188914205184	4.39416332581828	1.11200192192093e-05	0.000136494886512415
Zo_SA_chr01A_3785-Zo_SB_chr01B_3768	202.182841099324	1.53990998783571	0.35052108329679	4.39320218159844	1.11693163081363e-05	0.000136770426138573
Zo_SA_chr01A_3419-Zo_SB_chr01B_3433	995.835794532428	-1.13895168963031	0.259604439524039	-4.38725813671935	1.14788526603688e-05	0.000140223682138893
Zo_SA_chr01A_1197-Zo_SB_chr01B_1227	613.935077552705	-1.5845605456086	0.361548543694471	-4.38270482136873	1.17214879092172e-05	0.000142845118204671
Zo_SA_chr02A_3103-Zo_SB_chr02B_3101	1954.72855946448	2.34190553201078	0.534551050841042	4.38106992461452	1.18097960601284e-05	0.000143235955072129
Zo_SA_chr01A_2553-Zo_SB_chr01B_2565	100.790818580139	-1.98755653195288	0.455339546383784	-4.36499870862889	1.27123509554522e-05	0.000153816427000174
Zo_SA_chr01A_1364-Zo_SB_chr01B_1386	52.3010261215772	-2.03430308878952	0.466167683630685	-4.36388698793024	1.27771602119799e-05	0.000154234251468781
Zo_SA_chr01A_1920-Zo_SB_chr01B_1951	970.102052313047	1.24394806420315	0.285844108777964	4.35184083212789	1.34999255766645e-05	0.000162573571838131
Zo_SA_chr02A_1425-Zo_SB_chr02B_1417	40.3520810664023	2.27969841403221	0.524215898028397	4.34877771278261	1.36898383009372e-05	0.000164471783738147
Zo_SA_chr02A_1560-Zo_SB_chr02B_1550	208.86186262453	1.47425957886851	0.339458579674233	4.34297339099016	1.40567165087253e-05	0.000168482150342227
Zo_SA_chr02A_2580-Zo_SB_chr02B_2529	189.825049968287	1.53327245979684	0.353242169811754	4.34057026830611	1.42113412566274e-05	0.000169935615871503
Zo_SA_chr01A_2795-Zo_SB_chr01B_2788	465.998497479218	-1.28870772541912	0.297641761395241	-4.32972752001637	1.49293953423836e-05	0.000178103840454572
Zo_SA_chr02A_581-Zo_SB_chr02B_567	47.8377257191101	2.04795704990452	0.473393250125686	4.3261222025468	1.51757252773539e-05	0.000180619496642151
Zo_SA_chr01A_1576-Zo_SB_chr01B_1594	2601.52299801406	-1.07349112219594	0.249022477531699	-4.31082018312701	1.62650131946043e-05	0.000192236606063374
Zo_SA_chr02A_597-Zo_SB_chr02B_582	258.637692469259	1.10353501441708	0.256490364975754	4.30244237252889	1.68925615035724e-05	0.000199191454396291
Zo_SA_chr02A_3167-Zo_SB_chr02B_3171	60.75028376365	1.81523690788128	0.42215042505209	4.2999765016399	1.70816220613413e-05	0.000200955618430653
Zo_SA_chr02A_2502-Zo_SB_chr02B_2454	83.7879944063638	-1.85922961330413	0.432953015295906	-4.29429879829668	1.75246325662733e-05	0.000205692346296305
Zo_SA_chr01A_2022-Zo_SB_chr01B_2048	375.733067819283	1.67599765559078	0.390539450332471	4.29149386614845	1.77475106268496e-05	0.00020782946927166
Zo_SA_chr02A_2898-Zo_SB_chr02B_2870	841.135448385364	1.85333631957527	0.432023305278611	4.28989894047511	1.78754440981457e-05	0.000208847505128335
Zo_SA_chr02A_2886-Zo_SB_chr02B_2858	299.957612436144	1.73543760635866	0.405044807770639	4.28455709853556	1.8310358115486e-05	0.000212466888930036
Zo_SA_chr01A_3594-Zo_SB_chr01B_3587	81.9579737770007	-1.75192765642616	0.409348071163846	-4.27979946612459	1.87061784023988e-05	0.00021656652904959
Zo_SA_chr01A_1387-Zo_SB_chr01B_1408	89.0826051333216	-1.70104796378951	0.39847733298124	-4.26887007866414	1.96465654503375e-05	0.000226424444352984
Zo_SA_chr02A_3547-Zo_SB_chr02B_3581	241.565628201586	1.13674194107525	0.267319384473705	4.25237377870389	2.11516437276155e-05	0.000241584020512273
Zo_SA_chr01A_3145-Zo_SB_chr01B_3150	472.989942645358	1.28718314340449	0.302933814344833	4.24905732688947	2.14671981469229e-05	0.000244639613781711
Zo_SA_chr02A_2775-Zo_SB_chr02B_2738	56.2510396842399	2.87069213668122	0.676377925240303	4.24421322688987	2.19361695262454e-05	0.000249425999032799
Zo_SA_chr01A_2977-Zo_SB_chr01B_2974	45.7779322242312	-2.11930816125687	0.501651352863137	-4.22466350217353	2.39298064930792e-05	0.000270885409501656
Zo_SA_chr02A_634-Zo_SB_chr02B_613	39.3938554609677	2.98669500418096	0.708749104737934	4.21403707491852	2.50846081342365e-05	0.000282701313796019
Zo_SA_chr02A_1007-Zo_SB_chr02B_984	202.773183917099	2.90163351149235	0.688842524601641	4.21233214829524	2.52747520091491e-05	0.0002842154232552
Zo_SA_chr02A_1546-Zo_SB_chr02B_1533	153.538983994024	-1.66147111884678	0.395282351636798	-4.20325145295992	2.63108028034252e-05	0.000295214161851647
Zo_SA_chr01A_2445-Zo_SB_chr01B_2456	54.3218109755982	1.98068712969958	0.471675692081266	4.1992563173222	2.67793049603045e-05	0.000299810504324816
Zo_SA_chr02A_2738-Zo_SB_chr02B_2704	1001.81695309323	-1.00270052713026	0.239174335553994	-4.19234164404694	2.76089794618351e-05	0.000308421362672342
Zo_SA_chr01A_324-Zo_SB_chr01B_384	1895.00606837859	-1.10257972595615	0.26334233981336	-4.18686841902289	2.82829677488625e-05	0.00031457082470023
Zo_SA_chr02A_3668-Zo_SB_chr02B_3692	232.227679154111	2.6604555931972	0.6359413223796	4.18349224931973	2.87064881465502e-05	0.000318585731195048
Zo_SA_chr01A_2498-Zo_SB_chr01B_2503	225.61387272619	1.54179486330455	0.369301941380303	4.17488967846185	2.98130493999725e-05	0.000330147116616217
Zo_SA_chr02A_486-Zo_SB_chr02B_470	88.554479657824	-2.65300786256014	0.636662994059746	-4.16705209398613	3.08564002565896e-05	0.000340932578289124
Zo_SA_chr02A_1250-Zo_SB_chr02B_1239	695.02568682414	1.16199346549199	0.279472093728282	4.15781572317465	3.21305039870582e-05	0.000353504940194545
Zo_SA_chr02A_1274-Zo_SB_chr02B_1267	330.859890042573	1.36140722592503	0.327891702680337	4.15200267282235	3.2957841171929e-05	0.000361047834257648
Zo_SA_chr01A_1019-Zo_SB_chr01B_1055	387.888879013639	1.32708372289935	0.321041204295762	4.13368659580768	3.56990204271234e-05	0.000389699917967642
Zo_SA_chr02A_3022-Zo_SB_chr02B_3014	43.4883892908526	-2.73174088124177	0.660876643550061	-4.13351100829885	3.57263175679012e-05	0.000389699917967642
Zo_SA_chr01A_449-Zo_SB_chr01B_505	343.362006388171	1.19383362178904	0.289246863272159	4.12738658004299	3.66909297059606e-05	0.00039936665795334
Zo_SA_chr02A_203-Zo_SB_chr02B_192	51.5441302730334	-1.92899611204236	0.467943030620545	-4.12228836806116	3.75127192567475e-05	0.000407440920882455
Zo_SA_chr02A_2385-Zo_SB_chr02B_2349	384.786459196584	1.04781637025077	0.25436990595615	4.11926232512506	3.80087244407995e-05	0.000411949877237091
Zo_SA_chr02A_1458-Zo_SB_chr02B_1449	2670.34509974686	1.26061212071892	0.306117385248535	4.11806771345388	3.82062445810699e-05	0.000413211485978705
Zo_SA_chr01A_1368-Zo_SB_chr01B_1390	60.8621814549132	1.92935086111984	0.468751250884541	4.11593752012207	3.85608762467412e-05	0.000416163355086652
Zo_SA_chr01A_4193-Zo_SB_chr01B_4216	279.854486394005	1.42375796723979	0.3460929129075	4.11380272216182	3.89194076253627e-05	0.000418574571433499
Zo_SA_chr02A_2248-Zo_SB_chr02B_2216	53.6150280224113	2.07220308814117	0.503740815563369	4.1136295176393	3.89486350332702e-05	0.000418574571433499
Zo_SA_chr01A_805-Zo_SB_chr01B_849	159.872193119467	-1.28425223830811	0.312322101109406	-4.11194799774428	3.9233468157982e-05	0.000420747972203706
Zo_SA_chr01A_4134-Zo_SB_chr01B_4156	365.540510964551	1.13839751408566	0.277112390233245	4.10807150531044	3.98976591920192e-05	0.000426972008244004
Zo_SA_chr02A_1416-Zo_SB_chr02B_1401	44.8223148507326	-2.18482701665823	0.534587675207512	-4.08693862201396	4.37102696828538e-05	0.000463875237009286
Zo_SA_chr02A_1070-Zo_SB_chr02B_1046	110.067213150682	-1.77480326310008	0.434810649757836	-4.08178425272826	4.46912742835321e-05	0.000473300106445557
Zo_SA_chr02A_1810-Zo_SB_chr02B_1786	170.780705719868	1.23334978237907	0.302948433411513	4.07115418452663	4.67807713933433e-05	0.00049440093252633
Zo_SA_chr01A_1030-Zo_SB_chr01B_1061	37.6447173276943	2.14893842874024	0.528135411580431	4.06891562584225	4.72324462624564e-05	0.000497552561405166
Zo_SA_chr02A_1960-Zo_SB_chr02B_1919	370.611139918468	-1.19395340521026	0.293447721184763	-4.06870907155049	4.7274330530055e-05	0.000497552561405166
Zo_SA_chr01A_3682-Zo_SB_chr01B_3675	247.631313746467	-1.30388295365185	0.321676937895461	-4.05339270568284	5.0480157593061e-05	0.00052802037531633
Zo_SA_chr02A_3441-Zo_SB_chr02B_3472	166.425105574364	1.52431535169446	0.376056532067216	4.05342075382965	5.0474102901533e-05	0.00052802037531633
Zo_SA_chr01A_2054-Zo_SB_chr01B_2083	57.7923395807801	-1.92202657747332	0.475748139144756	-4.04000860818608	5.344923964342e-05	0.000557931202343404
Zo_SA_chr01A_1645-Zo_SB_chr01B_1662	357.521021367651	1.15934408855447	0.287084349168122	4.03833957481095	5.38308888784105e-05	0.00056076594672111
Zo_SA_chr01A_2412-Zo_SB_chr01B_2421	91.674580528353	-2.8995502861044	0.721650772220972	-4.01794108413501	5.87088705366982e-05	0.000610332625538654
Zo_SA_chr02A_2671-Zo_SB_chr02B_2617	50.8743260512533	1.9754532254899	0.491752176281379	4.01717230908511	5.89006568494427e-05	0.000611079319737395
Zo_SA_chr01A_1326-Zo_SB_chr01B_1353	189.967969508746	-1.43103257933664	0.356303899859657	-4.01632589455322	5.91124980488607e-05	0.000612030620042472
Zo_SA_chr02A_235-Zo_SB_chr02B_221	743.35014053379	1.37350199609995	0.342223320646616	4.01346697678225	5.98333766960021e-05	0.000616986277104119
Zo_SA_chr02A_779-Zo_SB_chr02B_740	233.627530607325	1.34890633086179	0.336079349342894	4.01365431556321	5.9785885323696e-05	0.000616986277104119
Zo_SA_chr02A_1421-Zo_SB_chr02B_1411	173.589207447492	2.66023168140148	0.664966991758787	4.0005469660462	6.31962425308442e-05	0.000646429035044419
Zo_SA_chr01A_67-Zo_SB_chr01B_119	309.571140447537	-1.40203988209109	0.350718805259086	-3.99761820885358	6.39830408575315e-05	0.00065316555135925
Zo_SA_chr01A_660-Zo_SB_chr01B_711	158.750257922236	1.49404489947472	0.375403019140008	3.97984252470147	6.89609338596243e-05	0.000698383692009793
Zo_SA_chr02A_2997-Zo_SB_chr02B_2988	170.267480397974	1.28490993741744	0.322853986828465	3.97984844492606	6.8959216559659e-05	0.000698383692009793
Zo_SA_chr02A_102-Zo_SB_chr02B_99	2234.0833924545	1.5673326939998	0.394495728016434	3.97300295716893	7.09721677165975e-05	0.000715905390788807
Zo_SA_chr02A_1656-Zo_SB_chr02B_1638	347.092061028005	-1.10078558922936	0.277205685846689	-3.97100653208881	7.15696167227752e-05	0.000720505192857346
Zo_SA_chr01A_2391-Zo_SB_chr01B_2398	77.245069221438	1.94471330996423	0.489904082406918	3.96957971938054	7.19995155032689e-05	0.000723403416121601
Zo_SA_chr02A_3003-Zo_SB_chr02B_2994	59.5354977000749	1.7336696805235	0.43801624870062	3.9580031235518	7.55789696571018e-05	0.000757872581561568
Zo_SA_chr02A_982-Zo_SB_chr02B_955	189.274548057935	1.3823845472299	0.350733189657924	3.94141355307197	8.10028287781918e-05	0.000807491995687102
Zo_SA_chr01A_550-Zo_SB_chr01B_602	378.517922337746	1.4608814780864	0.373013609903695	3.91642942589567	8.9870108199018e-05	0.000894137365558198
Zo_SA_chr02A_3712-Zo_SB_chr02B_3726	155.921136987505	1.80999895157018	0.462538880840944	3.91318227838364	9.10877240331695e-05	0.000904485119346911
Zo_SA_chr02A_3467-Zo_SB_chr02B_3497	83.7689928409663	-1.90939670686014	0.489158094275124	-3.90343475699742	9.48371237052923e-05	0.000939883868005368
Zo_SA_chr01A_135-Zo_SB_chr01B_205	24.6409670698702	-2.87210346230687	0.737803302361456	-3.89277664265564	9.9103388126917e-05	0.000976465491525174
Zo_SA_chr01A_830-Zo_SB_chr01B_879	339.288678722618	-1.26327843706288	0.325507820660143	-3.88094649922974	0.000104050730594696	0.0010232324742266
Zo_SA_chr02A_2306-Zo_SB_chr02B_2277	830.330995729346	-1.18812202944257	0.30662262228234	-3.87486748563692	0.000106682737574897	0.00104709415261373
Zo_SA_chr02A_3200-Zo_SB_chr02B_3206	64.2736929803787	1.84708129007542	0.477173666174675	3.87087851029749	0.000108443831156493	0.00106029342785254
Zo_SA_chr01A_4069-Zo_SB_chr01B_4067	104.405752868923	1.67178743395633	0.432040255303175	3.86951774385744	0.000109050845009118	0.00106418583233036
Zo_SA_chr02A_717-Zo_SB_chr02B_689	443.49607754599	-1.12860507723581	0.292368315893173	-3.86021677413288	0.000113286480457188	0.00110130025085671
Zo_SA_chr02A_3755-Zo_SB_chr02B_3764	756.507769308178	-1.89136311254951	0.490889314104135	-3.85293193028904	0.000116711844443857	0.00113028542889165
Zo_SA_chr02A_2720-Zo_SB_chr02B_2685	143.605931295298	1.17037520033102	0.30387109216768	3.8515516299431	0.00011737177727261	0.00113451960802025
Zo_SA_chr02A_2649-Zo_SB_chr02B_2599	288.311611550607	1.6119740817335	0.41974491340317	3.84036597052263	0.000122851030535926	0.0011852332377841
Zo_SA_chr01A_2921-Zo_SB_chr01B_2919	236.811990644802	1.03510809984654	0.269597189129559	3.83946176586099	0.000123304329044318	0.00118735775454018
Zo_SA_chr01A_3169-Zo_SB_chr01B_3174	208.413903681536	-1.2232645567198	0.318705242260494	-3.8382316777832	0.000123923532417147	0.00118881695856954
Zo_SA_chr02A_2226-Zo_SB_chr02B_2195	701.601686839544	-1.05599750326318	0.275112685783376	-3.8384180658782	0.000123829520075521	0.00118881695856954
Zo_SA_chr02A_3074-Zo_SB_chr02B_3073	195.736024930612	-1.36561762254935	0.355836105965343	-3.83777137748453	0.000124155991746957	0.00118881695856954
Zo_SA_chr01A_1429-Zo_SB_chr01B_1459	190.667970734314	-1.36815396877075	0.356994771246734	-3.83242018921663	0.000126888770884127	0.00121270431310271
Zo_SA_chr02A_2944-Zo_SB_chr02B_2917	2175.29687782141	-1.13827996141486	0.297704764978608	-3.82351945726045	0.000131560204584204	0.00125264987318119
Zo_SA_chr01A_1428-Zo_SB_chr01B_1458	331.433611025606	1.7205579362454	0.450165083099155	3.82205995276276	0.000132341502742854	0.00125773808763451
Zo_SA_chr02A_2529-Zo_SB_chr02B_2477	246.893077805682	1.5192410967435	0.397717208162596	3.81990284946986	0.000133504247503131	0.00126642576681741
Zo_SA_chr02A_1129-Zo_SB_chr02B_1105	117.873868110678	1.50039436204402	0.393358748417772	3.81431547684941	0.000136560928112396	0.00129301369480399
Zo_SA_chr02A_832-Zo_SB_chr02B_791	383.149249922917	1.01619036398693	0.266850162060479	3.80809348639865	0.000140042332619906	0.00132106600438111
Zo_SA_chr02A_340-Zo_SB_chr02B_340	199.191523017984	-2.61896454081701	0.688015689001089	-3.8065477033226	0.000140920121509625	0.00132444114201112
Zo_SA_chr01A_367-Zo_SB_chr01B_421	379.921151429031	-1.28472832656202	0.337787743151867	-3.80335980984491	0.000142746789314412	0.00133913838815398
Zo_SA_chr01A_1921-Zo_SB_chr01B_1953	70.5098853542574	-1.81012558831518	0.47764385679177	-3.78969720342139	0.000150831029768563	0.0014097858085157
Zo_SA_chr02A_1157-Zo_SB_chr02B_1130	49.942133832964	2.55959732360195	0.676504486952191	3.78356296664569	0.000154599189714771	0.00144235947327298
Zo_SA_chr01A_513-Zo_SB_chr01B_571	146.26737642125	-1.19316318175893	0.315848211776576	-3.77764741819386	0.000158316794972969	0.00147219629699748
Zo_SA_chr02A_3593-Zo_SB_chr02B_3614	225.757399136148	-1.20127210849126	0.318637438672244	-3.77002813447452	0.000163229145456631	0.0015145523988271
Zo_SA_chr01A_30-Zo_SB_chr01B_77	215.824628693861	-1.68630263355251	0.447629507491158	-3.76718381011962	0.000165099444704757	0.0015291210387746
Zo_SA_chr01A_2635-Zo_SB_chr01B_2633	1893.40916315679	-1.08606710646362	0.288493903477583	-3.76461025128044	0.00016680905773113	0.00154215125241811
Zo_SA_chr02A_3345-Zo_SB_chr02B_3346	85.0349793777497	1.4376093422113	0.382309489097971	3.76032869496183	0.000169690244484868	0.00156594584312666
Zo_SA_chr01A_4204-Zo_SB_chr01B_4222	28.900391667342	2.94636229784632	0.78395864431734	3.75831342533632	0.000171062521929015	0.00157575494883617
Zo_SA_chr01A_3714-Zo_SB_chr01B_3704	137.938797847412	2.5953843648801	0.691527483141483	3.75311817411759	0.000174648470601411	0.00160588322968156
Zo_SA_chr02A_2084-Zo_SB_chr02B_2041	118.239106169624	2.10780527445407	0.561833123379185	3.75165718563642	0.000175669561626565	0.00161236170617247
Zo_SA_chr02A_360-Zo_SB_chr02B_360	191.588753418217	-1.0553077632928	0.281372570752403	-3.75057085511517	0.000176432438902089	0.00161645115785475
Zo_SA_chr02A_865-Zo_SB_chr02B_760	141.583216051852	2.13156615126958	0.568728158346271	3.74795254989251	0.000178283970608554	0.00163048212976656
Zo_SA_chr01A_1679-Zo_SB_chr01B_1705	1290.76236723418	-1.20931291879271	0.32283982747763	-3.74586037987059	0.000179776562437786	0.00163784391550739
Zo_SA_chr02A_3750-Zo_SB_chr02B_3760	164.955832970524	-2.31587402461234	0.618258177740023	-3.74580411225254	0.000179816866550739	0.00163784391550739
Zo_SA_chr01A_1276-Zo_SB_chr01B_1294	520.006748269953	1.65839389818006	0.443255377333552	3.74139600551786	0.000183000900875752	0.00165873058551794
Zo_SA_chr02A_1476-Zo_SB_chr02B_1465	45.9129922140203	1.90171724992027	0.508611984128361	3.73903350543215	0.000184729107357879	0.00167142108859864
Zo_SA_chr01A_815-Zo_SB_chr01B_862	131.823996152903	1.75670986700842	0.471707885838029	3.72414776125159	0.00019597612408948	0.00177003967395711
Zo_SA_chr01A_1743-Zo_SB_chr01B_1769	53.0921329360361	-2.66666910464212	0.717035806337913	-3.71901804773389	0.00019999876315429	0.00180052490773087
Zo_SA_chr02A_1289-Zo_SB_chr02B_1284	1135.20223624191	-1.3435392046097	0.361269120582444	-3.71894282700838	0.000200058323081208	0.00180052490773087
Zo_SA_chr02A_1200-Zo_SB_chr02B_1174	21.676442872165	2.77079245987928	0.74729349084186	3.70777009814157	0.000209092350038399	0.0018785122241545
Zo_SA_chr01A_2726-Zo_SB_chr01B_2715	490.590106297681	1.05123022403636	0.283887494641527	3.70298179341708	0.000213080179413878	0.00191096907382798
Zo_SA_chr01A_2510-Zo_SB_chr01B_2518	123.684920935216	-1.45048017421058	0.392241054706893	-3.69793053736935	0.000217364347723237	0.00194255085491609
Zo_SA_chr02A_1983-Zo_SB_chr02B_1942	149.332995609586	1.57584739530254	0.42730121589084	3.68790758532526	0.000226105734917825	0.00201713242324238
Zo_SA_chr02A_2673-Zo_SB_chr02B_2619	38.3079310431609	1.87795873381568	0.510135321901011	3.68129524302982	0.000232052105185446	0.00206656192974591
Zo_SA_chr02A_857-Zo_SB_chr02B_768	91.3384442206469	-1.34460594459169	0.365954612297323	-3.6742423770827	0.000238556201815717	0.00212077712399522
Zo_SA_chr02A_1231-Zo_SB_chr02B_1215	426.241255621251	1.07634094423943	0.295245537344979	3.64557904555822	0.000266790391305209	0.00235126341402896
Zo_SA_chr01A_2988-Zo_SB_chr01B_2986	199.373525817563	1.34144363839799	0.36808314136286	3.64440390676732	0.000268012245410053	0.00235388685882554
Zo_SA_chr02A_1141-Zo_SB_chr02B_1114	509.034158775453	-1.67191215160798	0.45971170137044	-3.63687099245867	0.000275970059681678	0.00241960668505761
Zo_SA_chr01A_3268-Zo_SB_chr01B_3278	450.931119159409	-1.11435843044424	0.306660907859893	-3.63384572954232	0.000279227857269457	0.0024439634105337
Zo_SA_chr02A_3264-Zo_SB_chr02B_3258	216.315093388782	1.2619252096342	0.347536191431311	3.63106128440041	0.000282258144008127	0.002466248688812
Zo_SA_chr01A_1641-Zo_SB_chr01B_1655	46.8198245168713	2.07468579865388	0.572038205494922	3.6268308282991	0.000286921139605047	0.0025026991184043
Zo_SA_chr01A_820-Zo_SB_chr01B_868	86.0524637275067	1.40195871879063	0.386829271995875	3.62423120555773	0.000289822257383882	0.00252368304121965
Zo_SA_chr02A_1800-Zo_SB_chr02B_1776	56.8497509446687	-2.03483333044807	0.5626473712207	-3.61653396875091	0.000298574151819575	0.00259103361050922
Zo_SA_chr01A_1857-Zo_SB_chr01B_1885	530.841984908129	1.24761191344495	0.345698661896773	3.6089578900872	0.0003074295028509	0.00266334334612667
Zo_SA_chr01A_2829-Zo_SB_chr01B_2820	355.269725352774	1.195044361308	0.333430479915728	3.58408853806657	0.000338257338983676	0.0029155378761131
Zo_SA_chr02A_729-Zo_SB_chr02B_702	24.6894292725397	-2.17630215198947	0.607724378530904	-3.58106771568125	0.000342192943580362	0.00293456372828008
Zo_SA_chr02A_399-Zo_SB_chr02B_391	312.976914967663	-1.0510627725446	0.293712992266054	-3.57853687177895	0.00034552312790029	0.00295317921732227
Zo_SA_chr01A_2914-Zo_SB_chr01B_2913	382.722270747253	1.08885883174922	0.30454370971949	3.57537784232074	0.000349722444133977	0.0029840638700477
Zo_SA_chr02A_92-Zo_SB_chr02B_90	392.727368203334	-1.52941832814058	0.428844894152434	-3.56636711546563	0.000361964219228921	0.00307307622125354
Zo_SA_chr02A_711-Zo_SB_chr02B_682	247.573097918991	-1.30514124401885	0.366165237097712	-3.56435049477559	0.000364758283855451	0.00309164508811925
Zo_SA_chr02A_2420-Zo_SB_chr02B_2385	65.1744006789253	1.37350213709058	0.385976664279418	3.55851082255136	0.000372963425838722	0.00315593968641603
Zo_SA_chr01A_869-Zo_SB_chr01B_915	157.094656083099	1.08594280983219	0.305348734346443	3.55640187000121	0.000375968822804452	0.00316559534440641
Zo_SA_chr02A_1898-Zo_SB_chr02B_1856	42.3536219591607	2.13164118625716	0.599346666690196	3.55660806128919	0.000375673991164322	0.00316559534440641
Zo_SA_chr01A_2321-Zo_SB_chr01B_2341	274.719862554768	1.27013037131991	0.357635872355438	3.55146244965489	0.000383096652779121	0.00321498245347091
Zo_SA_chr02A_2750-Zo_SB_chr02B_2716	85.5349822881566	-1.22541198475781	0.34573293390022	-3.54438893319741	0.000393524266591773	0.00329164632843759
Zo_SA_chr01A_375-Zo_SB_chr01B_430	71.5087607392334	2.2924550485075	0.646953434922592	3.54346221035489	0.000394909902771133	0.00329242396843887
Zo_SA_chr01A_3792-Zo_SB_chr01B_3776	48.9231297951875	-2.74411597561032	0.774347195157146	-3.54377983515963	0.000394434477445702	0.00329242396843887
Zo_SA_chr01A_2737-Zo_SB_chr01B_2724	54.6417611531189	2.10205403014408	0.594061783236878	3.5384434573296	0.000402493472668462	0.00334470105998882
Zo_SA_chr02A_3568-Zo_SB_chr02B_3590	188.888724686923	-1.41933086048965	0.402131254393865	-3.52952138134355	0.000416312063069541	0.00344268449557831
Zo_SA_chr02A_2229-Zo_SB_chr02B_2199	612.155330716748	-1.00147261550542	0.283920691790637	-3.52729703914608	0.000419825489455219	0.00346611190159625
Zo_SA_chr01A_1597-Zo_SB_chr01B_1619	203.306848527459	1.53849501090858	0.436330190367807	3.52598798999376	0.000421906101423407	0.00347765320493663
Zo_SA_chr01A_1399-Zo_SB_chr01B_1426	20.2067813134701	2.94928548464752	0.837359704087215	3.52212492463136	0.000428102356397838	0.00352302649998479
Zo_SA_chr02A_2478-Zo_SB_chr02B_2438	92.2505303253335	1.42521781420901	0.40495021672313	3.51948895284441	0.000432379042306895	0.00355248200243762
Zo_SA_chr01A_2752-Zo_SB_chr01B_2736	415.751269081128	1.28667834243663	0.366824981969742	3.50760827555296	0.00045215430977866	0.00370301294857314
Zo_SA_chr01A_3222-Zo_SB_chr01B_3230	117.191002488934	1.3222439665901	0.378129862856055	3.49679857761842	0.000470877222279759	0.00384250308972437
Zo_SA_chr01A_1692-Zo_SB_chr01B_1725	202.196057432007	-1.28750098018185	0.368756077478471	-3.49147053788428	0.000480369441386562	0.00389888667877208
Zo_SA_chr02A_2912-Zo_SB_chr02B_2885	276.350441034029	-1.28045441636554	0.366848750233021	-3.49041509764502	0.000482270824423215	0.00390570362418419
Zo_SA_chr02A_1269-Zo_SB_chr02B_1264	69.1516850344319	-1.73625781875024	0.498463016898164	-3.48322294711977	0.000495415604845682	0.00400578903346651
Zo_SA_chr02A_921-Zo_SB_chr02B_894	49.500512395033	-1.93920120746555	0.557100667109483	-3.48088114402573	0.000499767208485355	0.00403457077658383
Zo_SA_chr01A_3386-Zo_SB_chr01B_3402	371.47824783219	1.36486583976213	0.392241217103356	3.47965940408166	0.000502051600823004	0.00404659945346896
Zo_SA_chr01A_2866-Zo_SB_chr01B_2867	129.07134373193	1.74730261464718	0.502664907418637	3.47607837519471	0.000508803568741711	0.00408808419427489
Zo_SA_chr02A_2055-Zo_SB_chr02B_2006	272.048399041477	-1.40829549526805	0.405136856734788	-3.47609819214733	0.000508765972397668	0.00408808419427489
Zo_SA_chr02A_3514-Zo_SB_chr02B_3545	193.625538852719	1.18653775377734	0.341916747542054	3.47025339445066	0.000519967572234669	0.00417120442986363
Zo_SA_chr02A_859-Zo_SB_chr02B_765	314.268311411709	1.04157770403038	0.30070417794754	3.46379525266221	0.000532611737626318	0.00425922165065693
Zo_SA_chr01A_724-Zo_SB_chr01B_765	116.45927444067	1.14987182467814	0.332116201016193	3.46225755070009	0.000535664290198503	0.00427691832957864
Zo_SA_chr01A_1933-Zo_SB_chr01B_1965	186.338323355664	1.2301707793561	0.355900222273785	3.45650466722596	0.000547229731165465	0.00436242292731906
Zo_SA_chr01A_1619-Zo_SB_chr01B_1633	37.9284273562818	2.17321880822936	0.629550267853626	3.45201792326875	0.000556410764941435	0.00442868193220573
Zo_SA_chr01A_3623-Zo_SB_chr01B_3617	64.5959223158259	1.94805955022993	0.564491082305459	3.45100146183672	0.000558510544209331	0.00443845976942642
Zo_SA_chr01A_1726-Zo_SB_chr01B_1757	67.9252811781781	-2.6230109700154	0.760313297474212	-3.44990805596737	0.000560777511455703	0.00444953371239151
Zo_SA_chr02A_1662-Zo_SB_chr02B_1642	459.105038202887	-1.07372899024943	0.311411608141793	-3.4479414452673	0.00056487648389854	0.00447508679467988
Zo_SA_chr01A_1029-Zo_SB_chr01B_1062	131.004364471479	-2.18401023102158	0.633554512146554	-3.44723333059677	0.000566359214695472	0.00447986621065021
Zo_SA_chr02A_1979-Zo_SB_chr02B_1938	356.179032039388	1.37258627805423	0.399056709923959	3.43957699224197	0.000582624038698435	0.00459425209462822
Zo_SA_chr01A_3051-Zo_SB_chr01B_3054	220.238236156359	1.30704182418612	0.380944665459578	3.43105427820935	0.000601240285779875	0.00473372181725299
Zo_SA_chr01A_2786-Zo_SB_chr01B_2779	1356.88848368384	1.16129105970393	0.33875332001191	3.42813189155783	0.0006077501201981	0.00477078159029026
Zo_SA_chr01A_3207-Zo_SB_chr01B_3211	671.828836957392	-1.33991920785233	0.39105251332022	-3.42644315587128	0.00061154174810085	0.00478173956724539
Zo_SA_chr02A_3756-Zo_SB_chr02B_3765	30.4584426731879	-2.63445357948816	0.768908462206567	-3.42622523873383	0.000612032626196309	0.00478173956724539
Zo_SA_chr02A_1454-Zo_SB_chr02B_1447	368.276055893043	-1.12615837732487	0.329093238791607	-3.42200399333633	0.000621614006269434	0.00484916041031623
Zo_SA_chr02A_485-Zo_SB_chr02B_469	405.428346828113	-1.33491827628173	0.390315391431738	-3.42010155270854	0.000625977626781145	0.00487573399208433
Zo_SA_chr01A_3811-Zo_SB_chr01B_3794	155.037914588791	-2.17642932606581	0.639082387905585	-3.40555359880664	0.000660300505319739	0.00510405276797989
Zo_SA_chr01A_4028-Zo_SB_chr01B_4003	120.711385835933	1.92733198196986	0.565935393308299	3.40556891256301	0.00066026347297449	0.00510405276797989
Zo_SA_chr01A_205-Zo_SB_chr01B_273	117.59397403925	2.15379583950783	0.63316188161642	3.40165114490046	0.000669800788929676	0.00516833964315171
Zo_SA_chr01A_2174-Zo_SB_chr01B_2192	215.026287688565	1.3844953954527	0.407048136538564	3.40130631041847	0.000670646349454903	0.00516833964315171
Zo_SA_chr01A_2619-Zo_SB_chr01B_2620	583.235762087789	-1.24555357377087	0.366463972661322	-3.3988431788409	0.000676715059084126	0.00519434600696783
Zo_SA_chr01A_2974-Zo_SB_chr01B_2971	308.562454221339	1.29628529763964	0.381406696438852	3.39869569607166	0.000677080044881554	0.00519434600696783
Zo_SA_chr01A_3136-Zo_SB_chr01B_3140	212.110309899919	1.42042886919379	0.417921670777032	3.39879209075906	0.000676841469579111	0.00519434600696783
Zo_SA_chr02A_1089-Zo_SB_chr02B_1077	91.6161848244249	-1.72627866982173	0.510184075233783	-3.38363887393133	0.000715320214257372	0.00547123299013071
Zo_SA_chr02A_1789-Zo_SB_chr02B_1763	402.838623421499	1.02121456555602	0.30236123125668	3.37746529643244	0.00073157183720833	0.0055835905790403
Zo_SA_chr01A_2042-Zo_SB_chr01B_2070	115.369164169574	-1.54023948182384	0.4570383950923	-3.37004395771341	0.000751561935612064	0.00570559836066744
Zo_SA_chr02A_194-Zo_SB_chr02B_185	82.6384517549067	2.18373689324979	0.651174369716248	3.35353631040694	0.000797859445769521	0.00600339145753314
Zo_SA_chr01A_2-Zo_SB_chr01B_48	294.094490664	1.24688995819468	0.371928770313316	3.3524966545188	0.000800862093281278	0.00601709661235226
Zo_SA_chr01A_3456-Zo_SB_chr01B_3472	235.711813731747	1.18724861753051	0.354361235482306	3.35039078389766	0.000806976252677879	0.00605410461140076
Zo_SA_chr01A_937-Zo_SB_chr01B_969	198.021942031109	-1.23420024908197	0.368634523362227	-3.34803218598498	0.000813875586413286	0.00608793280057163
Zo_SA_chr02A_2369-Zo_SB_chr02B_2335	55.9807903388843	2.40933850561962	0.721881782521809	3.33758042376812	0.000845112603513132	0.00631232199750131
Zo_SA_chr02A_2236-Zo_SB_chr02B_2206	274.950844468753	-1.04729144828253	0.315279029288908	-3.32179228870576	0.00089441249016812	0.00664159945323091
Zo_SA_chr02A_2608-Zo_SB_chr02B_2553	35.5231854670091	1.69178834089363	0.509264118338621	3.32202540876584	0.000893665555031455	0.00664159945323091
Zo_SA_chr01A_2170-Zo_SB_chr01B_2188	165.56494401329	1.28405883530062	0.387334552514482	3.31511564606055	0.000916052186455696	0.00678251429913563
Zo_SA_chr02A_1948-Zo_SB_chr02B_1907	68.3772320613041	-2.96781724391065	0.896818871027201	-3.30927162640029	0.000935390409980424	0.00690562137455113
Zo_SA_chr01A_4048-Zo_SB_chr01B_4024	484.832671584501	1.02539731806955	0.310310904924356	3.30441921891049	0.000951733992605527	0.00701611137240601
Zo_SA_chr01A_690-Zo_SB_chr01B_733	117.773391193742	-1.50722829805314	0.456455573637937	-3.30202627616217	0.000959890776128381	0.00706601678265603
Zo_SA_chr02A_2398-Zo_SB_chr02B_2365	683.749236151595	-1.09101422098031	0.330661572146561	-3.29948900290335	0.000968610225298368	0.00711991412362177
Zo_SA_chr01A_2481-Zo_SB_chr01B_2491	21.6832631254262	2.51104443180382	0.761313313712059	3.2983062118805	0.000972699954302123	0.00713967372797553
Zo_SA_chr01A_911-Zo_SB_chr01B_946	413.905239899222	-1.07612151475515	0.328880930460637	-3.27207026946779	0.00106763037221803	0.00781394987942333
Zo_SA_chr01A_308-Zo_SB_chr01B_366	16.9540710067121	-2.91297094913666	0.892420319208047	-3.26412441137792	0.00109802938328316	0.00802490915128323
Zo_SA_chr02A_1982-Zo_SB_chr02B_1941	170.594377140034	1.01609687508359	0.312962403637701	3.24670587672207	0.00116748974287109	0.00843573439742599
Zo_SA_chr01A_1951-Zo_SB_chr01B_1989	135.421352027082	1.23226056195884	0.379837495741645	3.24417830196783	0.00117789987457387	0.00848739576692994
Zo_SA_chr02A_3088-Zo_SB_chr02B_3086	37.5956908998615	2.13190791966745	0.659440062520353	3.23290628039701	0.00122537755710316	0.00877928730785303
Zo_SA_chr01A_2634-Zo_SB_chr01B_2632	372.587061613641	-1.2135943215316	0.375922172504419	-3.22831269421155	0.00124522776373175	0.00885920422967811
Zo_SA_chr01A_2794-Zo_SB_chr01B_2787	136.535648456214	-1.18886452917523	0.368140858284576	-3.22937403556609	0.0012406152030363	0.00885920422967811
Zo_SA_chr02A_427-Zo_SB_chr02B_416	330.284049210824	-1.58129762473644	0.489728797566408	-3.22892513692135	0.00124256417557029	0.00885920422967811
Zo_SA_chr02A_1315-Zo_SB_chr02B_1299	37.9136943747531	-1.6990624223856	0.526272458819995	-3.22848439797748	0.0012444804716967	0.00885920422967811
Zo_SA_chr01A_1323-Zo_SB_chr01B_1347	672.781040315368	1.19733767767254	0.371852383452751	3.21992739848789	0.00128223065591902	0.00910973913703136
Zo_SA_chr02A_1790-Zo_SB_chr02B_1764	400.647550669517	1.0509701908774	0.326812441887719	3.2158206242297	0.00130072105801856	0.00921540065305502
Zo_SA_chr02A_3528-Zo_SB_chr02B_3560	176.660226558546	1.05279463014266	0.327884314245626	3.2108722021816	0.00132332771914717	0.00934955811558346
Zo_SA_chr02A_162-Zo_SB_chr02B_155	313.277869291838	-1.71062251253004	0.534163336748471	-3.20243340350321	0.00136271804827182	0.00960122508699397
Zo_SA_chr02A_2396-Zo_SB_chr02B_2363	67.5359411165793	1.31808701187377	0.411879293080469	3.20017790167531	0.00137342785067297	0.00966331694934819
Zo_SA_chr01A_3893-Zo_SB_chr01B_3881	433.337598441762	1.01305805932241	0.31693594339847	3.19641265190529	0.00139147950329024	0.00977682288242827
Zo_SA_chr01A_2935-Zo_SB_chr01B_2934	170.550376539951	1.34640354145003	0.421344181255802	3.19549575227816	0.0013959083771658	0.00979341424787777
Zo_SA_chr02A_2982-Zo_SB_chr02B_2972	326.777466828793	-1.08031843525914	0.338114236845382	-3.19512850253971	0.0013976859360438	0.00979341424787777
Zo_SA_chr01A_3641-Zo_SB_chr01B_3634	580.199259884841	-1.13341995539817	0.355169267651734	-3.19121066665476	0.00141677934588688	0.00991356317025792
Zo_SA_chr02A_1459-Zo_SB_chr02B_1450	153.206364914697	1.46297539910152	0.458832645422629	3.18847277694022	0.00143026476631356	0.00998050509534424
Zo_SA_chr01A_2976-Zo_SB_chr01B_2973	58.3121073113466	-1.32820922723715	0.416637228912188	-3.18792737438519	0.001432965228814	0.00998567014443028
Zo_SA_chr02A_80-Zo_SB_chr02B_78	281.775767805019	1.53511660656974	0.484646863931375	3.16749518219747	0.00153758257738541	0.0106563886383691
Zo_SA_chr02A_1955-Zo_SB_chr02B_1914	26.5413872456056	1.8550596584696	0.586385817344737	3.16354796381273	0.00155858667392936	0.0107872833111361
Zo_SA_chr01A_1195-Zo_SB_chr01B_1218	213.954168225421	1.13024319276611	0.358139987528998	3.15586986129159	0.00160020240459518	0.0110154473635241
Zo_SA_chr02A_3744-Zo_SB_chr02B_3755	122.484962913735	1.16923794294508	0.372610335610333	3.13796433217526	0.0017012557755262	0.011648114140498
Zo_SA_chr02A_3355-Zo_SB_chr02B_3356	68.2939072046746	1.66164523001444	0.530299586580162	3.13340849599788	0.00172788784232519	0.0118145780789323
Zo_SA_chr01A_2072-Zo_SB_chr01B_2096	78.6153757767008	1.39817848692902	0.446669392539659	3.13023124100646	0.00174668747630893	0.0119111459227813
Zo_SA_chr01A_2225-Zo_SB_chr01B_2241	117.515172745419	-1.16333335361619	0.372417034036949	-3.12373830220874	0.00178569200315455	0.0121608490161354
Zo_SA_chr02A_2863-Zo_SB_chr02B_2823	20.7896900190051	-2.02016075963295	0.648293296575628	-3.11612162319696	0.001832466775338	0.0124130129701752
Zo_SA_chr01A_1877-Zo_SB_chr01B_1913	33.3784814918166	-2.28299740609876	0.733126277785522	-3.11405753043632	0.00184533504704915	0.012470151713101
Zo_SA_chr02A_2622-Zo_SB_chr02B_2568	51.7837723306023	2.34207769287312	0.7521162729839	3.11398353818526	0.001845797878225	0.012470151713101
Zo_SA_chr01A_1285-Zo_SB_chr01B_1313	214.764925853518	1.26276959978922	0.405976627100122	3.11044901478478	0.00186803141554526	0.0125703461437088
Zo_SA_chr01A_2488-Zo_SB_chr01B_2494	77.8185215743866	1.37102956746784	0.440763946720139	3.11057557604268	0.00186723106724736	0.0125703461437088
Zo_SA_chr02A_1883-Zo_SB_chr02B_1846	69.3588012834427	-1.50820788239774	0.485997228137006	-3.10332609957307	0.00191358658710286	0.012842964525299
Zo_SA_chr01A_3420-Zo_SB_chr01B_3436	190.875463459801	-1.37852095995103	0.444515195485547	-3.10117848377548	0.00192752068940567	0.0129194610418849
Zo_SA_chr02A_2771-Zo_SB_chr02B_2733	142.086652377956	-1.25317311158185	0.40417187165905	-3.10059457239765	0.00193132528369794	0.0129279513733999
Zo_SA_chr01A_785-Zo_SB_chr01B_829	24.8790679085985	2.56943947076849	0.833377824381966	3.08316275714918	0.00204813105238344	0.0136559942157608
Zo_SA_chr02A_1647-Zo_SB_chr02B_1630	18.5121577192796	2.69403464153924	0.875507972924287	3.07711034605531	0.00209017910241929	0.0138457377733731
Zo_SA_chr01A_2859-Zo_SB_chr01B_2855	86.6674149850233	-1.32835891681005	0.432548239497723	-3.07100756750866	0.00213337743820466	0.0140587641270563
Zo_SA_chr02A_2922-Zo_SB_chr02B_2894	182.356082354282	1.33463143677668	0.434685249978661	3.07033983058361	0.00213815334849336	0.0140720325028749
Zo_SA_chr01A_1299-Zo_SB_chr01B_1326	352.716851155548	2.23904756595901	0.730692182804832	3.06428290687908	0.00218192468977668	0.0142679388571533
Zo_SA_chr02A_3342-Zo_SB_chr02B_3342	232.763671117157	1.00054237904134	0.326841638310418	3.06124514677371	0.00220418545769718	0.0143950265660377
Zo_SA_chr01A_3888-Zo_SB_chr01B_3877	67.9040690976108	-1.21762497939597	0.397937561619721	-3.05983927337718	0.00221455801968882	0.0144120061263724
Zo_SA_chr02A_863-Zo_SB_chr02B_762	410.805289718606	-1.00926411401588	0.329980773961126	-3.05855429666571	0.00222407771279434	0.0144508314655285
Zo_SA_chr02A_2539-Zo_SB_chr02B_2486	647.67531414146	1.35850673936406	0.444383716974519	3.05705787019634	0.00223521117955288	0.0145031371360736
Zo_SA_chr02A_727-Zo_SB_chr02B_699	970.760472371834	-1.07471783984222	0.352130265954749	-3.05204619923335	0.00227287115845078	0.0146929006105942
Zo_SA_chr01A_3072-Zo_SB_chr01B_3079	274.526126075676	-1.04187951210925	0.341754345247981	-3.0486211122005	0.00229894225170594	0.0148344934195713
Zo_SA_chr01A_526-Zo_SB_chr01B_583	85.6865216661436	-1.49526430188784	0.491387247388147	-3.04294486646849	0.00234275251362261	0.0150872077173118
Zo_SA_chr01A_2144-Zo_SB_chr01B_2164	67.4792791970844	1.37638181270599	0.453009609929686	3.03830599293385	0.0023791224089713	0.0152827863194197
Zo_SA_chr02A_1687-Zo_SB_chr02B_1668	105.997176681289	-2.08560472075466	0.686406326047171	-3.03844041293311	0.00237806129209068	0.0152827863194197
Zo_SA_chr02A_566-Zo_SB_chr02B_551	155.344996238457	1.10460461140058	0.364244615734677	3.03259008831911	0.00242464711994726	0.0155360407912092
Zo_SA_chr01A_2302-Zo_SB_chr01B_2323	206.047519992122	-1.48114428560926	0.488553174705816	-3.03169514045455	0.00243184675234247	0.0155625971814479
Zo_SA_chr02A_703-Zo_SB_chr02B_676	145.415142674606	1.20501485093341	0.397689611325199	3.03003854417521	0.00244522530688533	0.0156285793140199
Zo_SA_chr02A_2190-Zo_SB_chr02B_2160	264.887895030715	1.28598582478575	0.424992753633854	3.0259005919279	0.00247893788281905	0.0158241974625066
Zo_SA_chr01A_3224-Zo_SB_chr01B_3232	71.889143163627	-1.34104565317022	0.443593381058841	-3.02314171137809	0.00250165065486569	0.0159491970411587
Zo_SA_chr01A_786-Zo_SB_chr01B_830	74.3927876775858	1.53262019149816	0.50854586701764	3.01373050278864	0.00258056925750052	0.0164112606712954
Zo_SA_chr02A_3312-Zo_SB_chr02B_3309	200.072620150365	1.02848014669632	0.341861580326072	3.00846952651228	0.00262567132975731	0.0166772690196805
Zo_SA_chr02A_2046-Zo_SB_chr02B_1995	836.864076413005	-1.33801120065116	0.445155639061862	-3.00571549193657	0.00264956779961832	0.0168080926167568
Zo_SA_chr02A_1088-Zo_SB_chr02B_1078	937.100131052417	-1.06944657956369	0.356815631369484	-2.99719655066422	0.0027247497430924	0.0172420809829972
Zo_SA_chr01A_2430-Zo_SB_chr01B_2441	1738.89905459692	-1.05002291682501	0.350607111684537	-2.99487055975574	0.00274561328726304	0.0173525484929503
Zo_SA_chr02A_2897-Zo_SB_chr02B_2868	56.1061448171062	1.66244075475653	0.555338668129599	2.99356203729824	0.00275741444310106	0.0174055380088684
Zo_SA_chr02A_2784-Zo_SB_chr02B_2747	70.536773784076	-1.4419347423401	0.485118412359502	-2.97233563106143	0.0029554340994204	0.0186093712020365
Zo_SA_chr02A_2313-Zo_SB_chr02B_2284	184.935919293154	1.73317940518217	0.583441157697706	2.9706156007598	0.00297203526870028	0.0186907995787151
Zo_SA_chr01A_2219-Zo_SB_chr01B_2236	162.723703546444	-1.74367064381714	0.587933991590275	-2.96575919875081	0.00301936796060911	0.0189184014653663
Zo_SA_chr01A_3216-Zo_SB_chr01B_3218	332.07707219543	-1.71705004683641	0.578892424989477	-2.96609520649303	0.00301607106665101	0.0189184014653663
Zo_SA_chr01A_4255-Zo_SB_chr01B_4273	146.288150032494	1.00211907211263	0.338092076686229	2.9640418726602	0.00303626968705149	0.0189569288111278
Zo_SA_chr01A_1155-Zo_SB_chr01B_1177	162.544676238956	-1.21719779941548	0.412451405632308	-2.9511302005371	0.0031661342230719	0.0196686435760101
Zo_SA_chr02A_3596-Zo_SB_chr02B_3616	149.69367977265	-1.05838050877032	0.361303301717071	-2.92934081626278	0.00339681748816361	0.02089781193805
Zo_SA_chr01A_1154-Zo_SB_chr01B_1176	110.032294734688	1.08352112649307	0.369984630727793	2.92855712509379	0.00340539250391995	0.0209252948310835
Zo_SA_chr02A_1712-Zo_SB_chr02B_1691	943.048605164688	-1.29010162847469	0.441315027046441	-2.92331225861232	0.0034632900769699	0.021178871130954
Zo_SA_chr02A_2945-Zo_SB_chr02B_2918	94.7526817182574	1.17850298598227	0.404334136364059	2.91467595731554	0.00356058028987126	0.0216697682157757
Zo_SA_chr02A_349-Zo_SB_chr02B_348	15.4583649955962	-2.75762409758803	0.946435997438871	-2.91369316578234	0.00357180783499652	0.021712158844239
Zo_SA_chr01A_3498-Zo_SB_chr01B_3511	117.48475504351	-1.31877240624752	0.453556540436315	-2.90762515513253	0.00364184582660629	0.0220851936199196
Zo_SA_chr01A_133-Zo_SB_chr01B_203	1238.5436076831	-1.24573164255541	0.428854557162351	-2.9047881659418	0.00367501733054422	0.0222334183869267
Zo_SA_chr01A_2847-Zo_SB_chr01B_2844	58.8090026013865	1.75373508711428	0.604535750728341	2.90096174626793	0.00372019290292333	0.0224268197011733
Zo_SA_chr01A_239-Zo_SB_chr01B_299	79.8901807673194	1.06258597610327	0.366667556880375	2.89795471719341	0.0037560481626483	0.022616204894244
Zo_SA_chr01A_2336-Zo_SB_chr01B_2353	344.388126190839	1.10419285742827	0.381316546602042	2.89573811382659	0.00378267932031963	0.0227496676006
Zo_SA_chr01A_1742-Zo_SB_chr01B_1768	126.734461970123	1.32680600891062	0.460466805112685	2.88143682493231	0.0039586658385432	0.0236961736563326
Zo_SA_chr02A_1814-Zo_SB_chr02B_1790	129.089091690392	-2.05996209968094	0.716593270417169	-2.87466012411994	0.00404462623890615	0.0241495818026503
Zo_SA_chr01A_758-Zo_SB_chr01B_803	2310.2229808888	1.02216442044678	0.35582256585742	2.87268014602639	0.00407005957784642	0.024239331461139
Zo_SA_chr01A_1007-Zo_SB_chr01B_1041	313.858683666965	1.00449773665762	0.349702312465311	2.87243664354454	0.00407319743438063	0.024239331461139
Zo_SA_chr01A_3493-Zo_SB_chr01B_3499	176.275019981184	-1.06761331915417	0.371768163155537	-2.87171798169147	0.00408247116467752	0.0242661704934274
Zo_SA_chr02A_248-Zo_SB_chr02B_236	21.1407399138963	2.05110062116219	0.715053632902105	2.86845703145039	0.00412479221573766	0.0244891509871418
Zo_SA_chr02A_1907-Zo_SB_chr02B_1863	71.9832010953506	-2.37353936393446	0.827591278228765	-2.86800915666291	0.00413063578548353	0.0244952953332399
Zo_SA_chr02A_1977-Zo_SB_chr02B_1936	786.220414359992	1.38914983868626	0.484757192514961	2.86566111887734	0.00416139451145877	0.0246490042341523
Zo_SA_chr01A_2394-Zo_SB_chr01B_2401	225.483981721035	-1.16424497597312	0.408773069716639	-2.84814500324146	0.00439748833439133	0.0258968850582537
Zo_SA_chr01A_2265-Zo_SB_chr01B_2283	169.528873521915	-1.11932050306763	0.393326227502256	-2.84578150350071	0.00443025819334764	0.026059740458329
Zo_SA_chr01A_1739-Zo_SB_chr01B_1765	327.134178298314	1.07019789141337	0.376229239768103	2.84453672998147	0.00444760576936322	0.0261316075999265
Zo_SA_chr02A_3778-Zo_SB_chr02B_3783	152.307514714777	-1.27368528919062	0.44812319300101	-2.84226594178478	0.0044794108760505	0.0262881555329508
Zo_SA_chr02A_3458-Zo_SB_chr02B_3487	642.303472286285	1.50422813542612	0.530122792095793	2.83750889011826	0.00454670806041951	0.0265911950169655
Zo_SA_chr01A_471-Zo_SB_chr01B_530	232.045099659816	1.01148248589858	0.357851872502781	2.82653959255366	0.004705392680505	0.0274562088367611
Zo_SA_chr02A_1954-Zo_SB_chr02B_1912	76.623712904566	-1.16704649212472	0.413965703157886	-2.81918642830081	0.00481455463154441	0.0280610312277886
Zo_SA_chr01A_2057-Zo_SB_chr01B_2086	71.1994295397696	1.77159450349068	0.628906123515157	2.81694586401651	0.00484826969495671	0.0281608732338763
Zo_SA_chr01A_988-Zo_SB_chr01B_1016	35.9804007591984	2.07129439456857	0.737438093152595	2.80877054467535	0.00497310774725238	0.0288202626444865
Zo_SA_chr02A_1731-Zo_SB_chr02B_1701	99.5787187339829	-1.14575040464325	0.408553540296432	-2.80440699109334	0.00504092291569972	0.0291429359878669
Zo_SA_chr01A_1340-Zo_SB_chr01B_1365	68.1513419401975	1.38936840984581	0.498227211373766	2.7886241018729	0.00529324629271538	0.0303988687881535
Zo_SA_chr02A_1510-Zo_SB_chr02B_1496	126.470318829448	1.01776921163551	0.365474898702543	2.784785535884	0.00535631376000716	0.0307264215016627
Zo_SA_chr02A_1439-Zo_SB_chr02B_1433	97.9601827466059	1.12009713636128	0.402864166152473	2.78033449104867	0.00543029327578879	0.0311157637197617
Zo_SA_chr01A_1440-Zo_SB_chr01B_1464	386.581574092456	1.12886467463455	0.406496065490487	2.77706174910313	0.00548527569336211	0.0313602630549793
Zo_SA_chr01A_3187-Zo_SB_chr01B_3192	74.4690875322742	-2.88558184620984	1.04064845875318	-2.77286899522928	0.00555644845564189	0.0316605687170467
Zo_SA_chr01A_1365-Zo_SB_chr01B_1387	502.607197678453	-1.10972789845092	0.40129899788771	-2.76533932128443	0.00568636113123612	0.0322206046746571
Zo_SA_chr02A_1357-Zo_SB_chr02B_1342	36.2549283822387	2.06707876548568	0.749580872036969	2.75764609610226	0.00582191910114618	0.0328425868230771
Zo_SA_chr02A_2372-Zo_SB_chr02B_2338	173.424765977075	-1.15313605898817	0.419312060332042	-2.7500665210417	0.00595831675426095	0.0335377519847572
Zo_SA_chr01A_2258-Zo_SB_chr01B_2270	52.3026464663937	1.257692521534	0.458997524038742	2.74008563372522	0.00614231785016492	0.0344592148994935
Zo_SA_chr02A_1371-Zo_SB_chr02B_1353	36.2347928142087	-1.77400363430942	0.650091812056707	-2.72885091214574	0.00635554302087939	0.0354079495830697
Zo_SA_chr01A_493-Zo_SB_chr01B_553	18.6054676321785	-2.49906203842377	0.917937728705083	-2.7224744775979	0.00647950381608706	0.0359941029870747
Zo_SA_chr01A_276-Zo_SB_chr01B_330	38.5885655434742	-1.58532245729811	0.583725906474543	-2.71586790943165	0.00661022855663593	0.0366802878730974
Zo_SA_chr01A_2839-Zo_SB_chr01B_2837	238.080985356941	-1.69579078147066	0.624643427130589	-2.71481409683695	0.00663129835103983	0.0367172106523879
Zo_SA_chr02A_645-Zo_SB_chr02B_621	892.893368950457	-1.5825256528439	0.584982656258714	-2.70525225989609	0.0068252537127158	0.0375462661042919
Zo_SA_chr02A_3307-Zo_SB_chr02B_3305	3986.89331351249	1.04551294768191	0.387048148977169	2.70124776580079	0.00690798559781524	0.0379194812880074
Zo_SA_chr01A_1143-Zo_SB_chr01B_1166	91.6219968098725	-1.18066745771675	0.437775344045136	-2.69697111492652	0.00699733397042958	0.0383358636347648
Zo_SA_chr02A_3374-Zo_SB_chr02B_3395	23.955353757812	2.64149737694177	0.983275604658377	2.68642623128997	0.00722208938540583	0.0393468698708634
Zo_SA_chr01A_4100-Zo_SB_chr01B_4122	12.7260046577767	2.96509426246311	1.10510138989827	2.68309703486668	0.00729438223611415	0.0396982725542366
Zo_SA_chr02A_2181-Zo_SB_chr02B_2153	326.857986738135	1.07674749688512	0.40148549975972	2.68190880499926	0.00732034122718759	0.03979703117534
Zo_SA_chr02A_874-Zo_SB_chr02B_845	172.320455976883	1.01076185113826	0.377518775195408	2.67738167622281	0.0074200055543124	0.0401673839465115
Zo_SA_chr01A_2198-Zo_SB_chr01B_2216	42.1808776270604	-1.88474743621135	0.704124752488061	-2.67672373333205	0.0074345909583019	0.0401920140841855
Zo_SA_chr01A_3694-Zo_SB_chr01B_3685	38.1882516516441	1.94312323587279	0.726410325430367	2.67496643129566	0.00747367330858741	0.0403293345698562
Zo_SA_chr01A_2622-Zo_SB_chr01B_2623	1218.57268692493	-1.01335507041522	0.379808395682665	-2.66806916838639	0.00762885506726748	0.0409498289912124
Zo_SA_chr02A_2753-Zo_SB_chr02B_2720	86.4783368944039	1.70274011955351	0.638309868514282	2.66757605286093	0.00764005954444715	0.0409668034941198
Zo_SA_chr01A_2516-Zo_SB_chr01B_2523	798.957367465783	-1.06463340853285	0.399396968246119	-2.66560212814834	0.0076850585337856	0.0410802720152221
Zo_SA_chr02A_602-Zo_SB_chr02B_586	155.488225907266	1.00105598258508	0.375548103521783	2.6655865738569	0.00768541406174061	0.0410802720152221
Zo_SA_chr02A_264-Zo_SB_chr02B_264	30.7909728995543	1.5976578085128	0.599854220336909	2.66341013257433	0.00773530705098572	0.0413036206684709
Zo_SA_chr02A_3573-Zo_SB_chr02B_3595	252.301547766634	-1.80076595618423	0.676920954095411	-2.66023077774369	0.00780871268676012	0.0416519187710535
Zo_SA_chr01A_289-Zo_SB_chr01B_345	22.9517038348419	-2.36335908879725	0.890705656980615	-2.65335587606881	0.00796957966611933	0.0422536683111411
Zo_SA_chr02A_1619-Zo_SB_chr02B_1601	120.670149527228	-1.12550871339303	0.424194707478946	-2.6532832530658	0.00797129470887448	0.0422536683111411
Zo_SA_chr02A_886-Zo_SB_chr02B_853	79.7192160109409	1.05598782238672	0.398141414439882	2.65229334122983	0.00799470514482421	0.042333708947749
Zo_SA_chr01A_3963-Zo_SB_chr01B_3943	20.8313455398039	2.42520442712412	0.916732822190105	2.64548663298673	0.00815735098731619	0.0430160930946053
Zo_SA_chr02A_3301-Zo_SB_chr02B_3297	41.4344582131421	-1.49814650626836	0.566414283273798	-2.64496597368498	0.00816991320249998	0.0430377847502946
Zo_SA_chr02A_2011-Zo_SB_chr02B_1958	101.263409861635	1.44614238651451	0.548230133764273	2.63783819503858	0.00834363822676156	0.0439075342222349
Zo_SA_chr01A_163-Zo_SB_chr01B_227	104.433708516887	1.28000238552856	0.485495715481829	2.63648544098525	0.00837697948802913	0.044037495884438
Zo_SA_chr01A_530-Zo_SB_chr01B_586	134.044095621958	-1.03313461278812	0.392643446905172	-2.63122846167768	0.00850768229914968	0.0445865572344326
Zo_SA_chr01A_967-Zo_SB_chr01B_1000	68.2143131506332	-1.04050646958956	0.395874219503378	-2.62837643455255	0.0085793518144251	0.0449159487591793
Zo_SA_chr01A_96-Zo_SB_chr01B_160	136.435854468663	1.59642283825688	0.608086668786436	2.62532122508602	0.00865672551903951	0.0451354757359133
Zo_SA_chr01A_960-Zo_SB_chr01B_993	154.28866410965	1.13331355627523	0.431663854720819	2.62545391253155	0.00865335227455105	0.0451354757359133
Zo_SA_chr01A_1011-Zo_SB_chr01B_1048	213.350873864069	-2.20686507079472	0.842399062876955	-2.61973827850407	0.00879972730344295	0.0457406233507534
Zo_SA_chr01A_320-Zo_SB_chr01B_380	98.4566635491001	1.09224354238409	0.418395061013511	2.61055553509227	0.00903952934968695	0.0465595171964664
Zo_SA_chr01A_4050-Zo_SB_chr01B_4026	115.290431804306	1.57998044850021	0.605205166456821	2.61065261182455	0.00903696402884421	0.0465595171964664
Zo_SA_chr02A_2664-Zo_SB_chr02B_2609	69.8854096202398	-1.63770185899986	0.6294231251846	-2.60190926178562	0.00927063771359934	0.0475575312316969
Zo_SA_chr01A_4099-Zo_SB_chr01B_4121	179.877445002563	1.74973206885457	0.673074905057395	2.59960972502067	0.00933298361416024	0.0478291936926884
Zo_SA_chr01A_3275-Zo_SB_chr01B_3286	82.9189513703134	1.10267205431088	0.424582705237515	2.59707246835229	0.00940220851850373	0.0480317186290995
Zo_SA_chr02A_1626-Zo_SB_chr02B_1608	367.279871598631	1.07537989314267	0.414120532362727	2.59677994473539	0.00941021892262295	0.0480317186290995
Zo_SA_chr01A_808-Zo_SB_chr01B_854	53.8268830113259	-1.24798084254717	0.482178658205974	-2.58821252518826	0.00964754371699101	0.0490464947049423
Zo_SA_chr01A_648-Zo_SB_chr01B_698	55.1931444442074	-2.06932115585661	0.8000407527399	-2.58651968511579	0.00969506323632305	0.0491898925556072
Zo_SA_chr01A_2464-Zo_SB_chr01B_2477	83.666888595343	1.12348053411238	0.434863889974058	2.58352224687913	0.00977971596636577	0.0495207486408223
