baseMean	log2FoldChange	lfcSE	stat	pvalue	padj
Zo_SA_chr02A_3652-Zo_SB_chr02B_3673	2225.38551753776	2.93308802823169	0.222750611044341	13.1675869012446	1.34838824659732e-39	2.54395915858027e-37
Zo_SA_chr02A_2488-Zo_SB_chr02B_2445	269.74601917693	2.92190124565617	0.276686397643829	10.5603357105305	4.55031536562623e-26	4.06654499517544e-24
Zo_SA_chr02A_1571-Zo_SB_chr02B_1559	498.417442943262	2.64399680364591	0.306636903013731	8.62256557400569	6.5470449645464e-18	3.43821103602055e-16
Zo_SA_chr02A_1044-Zo_SB_chr02B_1025	819.760014330094	2.95472627532567	0.345560228749464	8.55053918102332	1.22514834347645e-17	6.30394511279702e-16
Zo_SA_chr02A_834-Zo_SB_chr02B_789	353.807437487292	2.35838255616393	0.27722433278477	8.50712681846336	1.78296481587316e-17	8.90433605103711e-16
Zo_SA_chr01A_1075-Zo_SB_chr01B_1101	207.125350630712	2.86034090763254	0.343678626164746	8.32271980236969	8.59675025032037e-17	4.09269586683476e-15
Zo_SA_chr01A_3437-Zo_SB_chr01B_3452	1618.2218584952	2.53737875842157	0.317936600369378	7.98076961090246	1.45423680892583e-15	5.97678044747349e-14
Zo_SA_chr01A_2188-Zo_SB_chr01B_2207	954.396044735437	2.09650975371606	0.267570460481452	7.83535577860021	4.67517000016729e-15	1.86057156100408e-13
Zo_SA_chr02A_669-Zo_SB_chr02B_642	478.079875053454	1.83025724055368	0.235223107895475	7.78094149392404	7.19867832949907e-15	2.82077441618986e-13
Zo_SA_chr02A_2704-Zo_SB_chr02B_2670	454.093780271505	2.34604336438966	0.301578913732704	7.77920225042331	7.29833028062665e-15	2.83799194271085e-13
Zo_SA_chr02A_3169-Zo_SB_chr02B_3173	477.085705801781	1.76757433100394	0.227743717907467	7.7612429762919	8.41010156635753e-15	3.19709383425562e-13
Zo_SA_chr01A_2642-Zo_SB_chr01B_2641	177.453485445586	2.43990929889835	0.320442742733166	7.61418179762016	2.65367072682964e-14	9.86700633756948e-13
Zo_SA_chr01A_2838-Zo_SB_chr01B_2835	171.700726130354	2.53492340815668	0.337349023007745	7.51424558919943	5.72400436183146e-14	2.08271987279782e-12
Zo_SA_chr02A_2927-Zo_SB_chr02B_2900	98.8324592037234	2.85568291658738	0.393197734936494	7.26271456535377	3.79398001498959e-13	1.26317216969654e-11
Zo_SA_chr01A_1984-Zo_SB_chr01B_2013	378.318583499544	2.52753328430061	0.350606997951528	7.20902120912614	5.63554846095571e-13	1.8285021566948e-11
Zo_SA_chr02A_1481-Zo_SB_chr02B_1471	145.021756354455	2.38229588918783	0.330535212789614	7.20738909806915	5.70348568125572e-13	1.83883266204536e-11
Zo_SA_chr02A_1502-Zo_SB_chr02B_1489	117.789400987865	2.83204330566212	0.403432524261031	7.01986859103535	2.22077012940515e-12	7.02646151502475e-11
Zo_SA_chr01A_901-Zo_SB_chr01B_938	692.477151407198	1.76292417049412	0.257066799681835	6.85784462511709	6.99072303536208e-12	2.09474959659614e-10
Zo_SA_chr02A_1377-Zo_SB_chr02B_1359	197.868563226612	2.37365232870046	0.350409017273549	6.77394762032466	1.25315058220344e-11	3.68991275476551e-10
Zo_SA_chr01A_1720-Zo_SB_chr01B_1750	535.218876960968	1.52748518098357	0.226169690856909	6.75371299839624	1.44108683600274e-11	4.21890594402181e-10
Zo_SA_chr01A_1460-Zo_SB_chr01B_1494	109.848739694694	2.60799475312653	0.387045880532959	6.73820568645594	1.60354467484037e-11	4.64116850774821e-10
Zo_SA_chr01A_3111-Zo_SB_chr01B_3120	189.445168983514	2.7721602776202	0.422017038693236	6.5688349603232	5.07104510357172e-11	1.41933537129639e-09
Zo_SA_chr02A_2304-Zo_SB_chr02B_2273	676.099752860765	1.93809533928796	0.295453202090747	6.55973712781992	5.39027144591891e-11	1.50043949429022e-09
Zo_SA_chr01A_3693-Zo_SB_chr01B_3684	541.306942530679	1.56666863482957	0.245990507250778	6.36881744884735	1.90491168109125e-10	5.10716847551518e-09
Zo_SA_chr01A_2113-Zo_SB_chr01B_2137	5690.29345442439	1.76283812087987	0.27766671605642	6.34875560858246	2.17063543250185e-10	5.72912792391938e-09
Zo_SA_chr01A_361-Zo_SB_chr01B_414	238.934959384046	2.32593423587179	0.370797621259448	6.27278629234875	3.5464352974319e-10	9.03277070255905e-09
Zo_SA_chr02A_2409-Zo_SB_chr02B_2375	312.607564554519	1.53233113680637	0.250822086810467	6.10923526030733	1.00109666774758e-09	2.42837448833627e-08
Zo_SA_chr02A_387-Zo_SB_chr02B_379	799.924945126561	1.36151965769503	0.224666566100892	6.06017923060084	1.35969952509994e-09	3.22153924691122e-08
Zo_SA_chr02A_1839-Zo_SB_chr02B_1815	267.51959925031	2.12000786452336	0.351972552540903	6.02321928008006	1.70981541355567e-09	3.95899987120573e-08
Zo_SA_chr01A_3770-Zo_SB_chr01B_3755	499.958801273405	2.51258519520958	0.424049992212761	5.92520986051317	3.11898813935473e-09	6.96847613240044e-08
Zo_SA_chr01A_3171-Zo_SB_chr01B_3176	218.697113135385	2.94016446420771	0.499988687395886	5.88046197509208	4.0912298967946e-09	8.83081571791173e-08
Zo_SA_chr02A_210-Zo_SB_chr02B_196	123.267521526808	2.184086837496	0.375500087442419	5.81647491049099	6.01015586423886e-09	1.27036240549514e-07
Zo_SA_chr02A_3137-Zo_SB_chr02B_3137	216.025174342735	2.48131535724128	0.426933916769063	5.81194245708867	6.17520688411988e-09	1.29985553172342e-07
Zo_SA_chr02A_1472-Zo_SB_chr02B_1462	3317.68332369695	1.54792987949881	0.266579370384319	5.80663791525658	6.3739772161374e-09	1.33617448308658e-07
Zo_SA_chr02A_1919-Zo_SB_chr02B_1874	2499.38500248707	1.25357244283979	0.219721737943014	5.70527274440601	1.16156939494777e-08	2.37631907544737e-07
Zo_SA_chr01A_2652-Zo_SB_chr01B_2652	144.831602526348	2.30646827931067	0.404695937299413	5.69926225279657	1.20327001762484e-08	2.45178298791237e-07
Zo_SA_chr01A_136-Zo_SB_chr01B_206	405.735857395467	2.21934205999633	0.392615809550339	5.65270680907663	1.57940586924854e-08	3.19265614998098e-07
Zo_SA_chr01A_1233-Zo_SB_chr01B_1261	458.756434897244	2.88116343210917	0.511585725340102	5.63182921140689	1.78308215105673e-08	3.5342492130284e-07
Zo_SA_chr02A_3039-Zo_SB_chr02B_3036	1768.87586391098	1.32423554495034	0.238937084774528	5.54219344477206	2.98706047235989e-08	5.78558404798528e-07
Zo_SA_chr02A_1812-Zo_SB_chr02B_1788	886.36806991469	1.4911928499787	0.269939620035357	5.52417184918385	3.31043326719293e-08	6.36352719361539e-07
Zo_SA_chr02A_181-Zo_SB_chr02B_171	215.159608922257	1.71004251968823	0.309630435644967	5.52285022021875	3.3354406102487e-08	6.38749416113041e-07
Zo_SA_chr01A_537-Zo_SB_chr01B_592	140.452432717722	1.87649687717769	0.341579919669091	5.49358076726398	3.93864850639126e-08	7.43091684872484e-07
Zo_SA_chr01A_1880-Zo_SB_chr01B_1917	432.777239602414	1.90279464541681	0.349622617903033	5.44242433979069	5.25602870698625e-08	9.70080080919854e-07
Zo_SA_chr02A_30-Zo_SB_chr02B_32	575.448215103707	1.38455175771372	0.25524266243866	5.42445273249119	5.81323702468717e-08	1.06138456644288e-06
Zo_SA_chr02A_657-Zo_SB_chr02B_633	4629.78437134005	1.79842320258236	0.339044615086596	5.30438509434229	1.1305342800016e-07	2.02068127099234e-06
Zo_SA_chr02A_974-Zo_SB_chr02B_946	540.523596334166	1.63733813429321	0.309437466734798	5.29133770247829	1.21424916832352e-07	2.14770321647223e-06
Zo_SA_chr01A_2640-Zo_SB_chr01B_2638	76.9057530533355	2.05994824456229	0.391977190736498	5.25527579982852	1.47802808522173e-07	2.59623278142052e-06
Zo_SA_chr01A_779-Zo_SB_chr01B_820	1323.40995351766	1.32903806436874	0.253450023704873	5.24378749286021	1.57313377704659e-07	2.73499776801206e-06
Zo_SA_chr02A_1208-Zo_SB_chr02B_1184	152.70039238429	1.87016883214172	0.364460525809084	5.13133439620117	2.87695277402298e-07	4.78928020616767e-06
Zo_SA_chr01A_2212-Zo_SB_chr01B_2230	109.244750862198	1.66356042181868	0.324549665921141	5.12574991287434	2.96355770713054e-07	4.91738207170129e-06
Zo_SA_chr02A_3481-Zo_SB_chr02B_3510	1219.73806765437	1.20296054769245	0.23509605527344	5.11688954667182	3.10615393112456e-07	5.13725588478847e-06
Zo_SA_chr02A_1198-Zo_SB_chr02B_1170	561.567197880293	1.08914276508254	0.214073866367535	5.08769605353243	3.62439628429679e-07	5.93655134154594e-06
Zo_SA_chr01A_4030-Zo_SB_chr01B_4005	273.468705617562	1.54994566000909	0.305472714380734	5.07392505792603	3.89692582844908e-07	6.3381573652728e-06
Zo_SA_chr02A_3315-Zo_SB_chr02B_3312	151.619501301689	2.01081236094283	0.396492985897433	5.0714954172304	3.9470177219647e-07	6.36269249230638e-06
Zo_SA_chr01A_693-Zo_SB_chr01B_737	103.920449583203	2.43098310730716	0.483898257233723	5.02374842431597	5.06726053345923e-07	8.01634321659668e-06
Zo_SA_chr02A_3414-Zo_SB_chr02B_3443	48.286596634246	2.32620443573088	0.464924425816705	5.00340336312633	5.63269086442256e-07	8.85584174795325e-06
Zo_SA_chr02A_1414-Zo_SB_chr02B_1400	381.813584543842	2.63483792241126	0.526802238070932	5.00156934044097	5.68655067436444e-07	8.91301204160383e-06
Zo_SA_chr02A_1915-Zo_SB_chr02B_1870	628.174027209811	1.86161934210478	0.372605767666598	4.99621719159894	5.8465811261605e-07	9.1357313670741e-06
Zo_SA_chr02A_137-Zo_SB_chr02B_128	293.991172908244	1.90917689712411	0.383507509031018	4.97819951934682	6.4178481016521e-07	9.99771199688557e-06
Zo_SA_chr01A_3402-Zo_SB_chr01B_3417	205.197487794981	1.81181369573408	0.367201929198788	4.93410723545857	8.0518195412802e-07	1.23171077307151e-05
Zo_SA_chr02A_1024-Zo_SB_chr02B_1002	142.9752346512	2.06130768816888	0.418388403998873	4.92678016041388	8.35957186220828e-07	1.27495985227811e-05
Zo_SA_chr02A_244-Zo_SB_chr02B_232	270.585484735759	1.36036689613386	0.276207775527131	4.92515785820171	8.42922778745159e-07	1.28174586117249e-05
Zo_SA_chr01A_2906-Zo_SB_chr01B_2906	814.299248462655	1.73785735309579	0.352976948518692	4.92343015709358	8.50402369252948e-07	1.28927073481385e-05
Zo_SA_chr02A_853-Zo_SB_chr02B_772	470.103866722524	1.57185181534826	0.320031093313053	4.91155968339202	9.03547754434675e-07	1.35997696588533e-05
Zo_SA_chr02A_1251-Zo_SB_chr02B_1252	56.461414593177	2.97158907225635	0.610151583807946	4.87024724857832	1.11458691193587e-06	1.65530779282837e-05
Zo_SA_chr02A_896-Zo_SB_chr02B_861	179.741771880094	2.19878472104569	0.45503545216488	4.83211738906219	1.35088558103587e-06	1.97175104578703e-05
Zo_SA_chr02A_2655-Zo_SB_chr02B_2602	187.306216049749	2.21390778776885	0.459451198444667	4.81859182272973	1.44574985923129e-06	2.09819082134592e-05
Zo_SA_chr02A_3040-Zo_SB_chr02B_3040	355.218664935666	1.39318772117556	0.291556847583455	4.77844280703022	1.76657996115467e-06	2.52071661684087e-05
Zo_SA_chr01A_4017-Zo_SB_chr01B_3992	128.34834261867	2.01517655675172	0.423292557873415	4.76071813517297	1.92905307020805e-06	2.72204884754565e-05
Zo_SA_chr01A_2236-Zo_SB_chr01B_2251	386.400014541542	1.6056190781027	0.337719410548074	4.75429906589318	1.99136079678938e-06	2.80220770686329e-05
Zo_SA_chr02A_2028-Zo_SB_chr02B_1976	306.658112472012	1.29318439437937	0.27233922534556	4.74843237414112	2.049994104893e-06	2.86886537646289e-05
Zo_SA_chr02A_2797-Zo_SB_chr02B_2759	829.78150989769	1.42773416407999	0.301872322059763	4.72959612308324	2.24966922464137e-06	3.13967535077347e-05
Zo_SA_chr01A_800-Zo_SB_chr01B_844	55.4131999681624	2.8464614912709	0.607071924678814	4.68883731161985	2.74761715182708e-06	3.80335917701281e-05
Zo_SA_chr02A_2360-Zo_SB_chr02B_2330	138.239261130791	1.59148402846171	0.339733790654912	4.68450319702899	2.80639787245121e-06	3.85331287392627e-05
Zo_SA_chr02A_1591-Zo_SB_chr02B_1575	677.479492313774	1.66934636687761	0.356767219657497	4.67909122502962	2.88149225142326e-06	3.93520684416893e-05
Zo_SA_chr01A_3020-Zo_SB_chr01B_3018	504.101351294906	1.02498257068929	0.21943791855223	4.67094555695638	2.99816402598701e-06	4.07732116227423e-05
Zo_SA_chr01A_2863-Zo_SB_chr01B_2861	239.261640780643	1.41733300933308	0.303732536333455	4.66638519021568	3.06544800040972e-06	4.15302981757636e-05
Zo_SA_chr02A_3446-Zo_SB_chr02B_3478	439.045789752985	1.44401172813033	0.310521843721222	4.65027423135721	3.31493952211378e-06	4.47912517921686e-05
Zo_SA_chr02A_1121-Zo_SB_chr02B_1096	232.826207472638	1.67160678462364	0.363227517827397	4.60209291031188	4.18266532455427e-06	5.60697293770511e-05
Zo_SA_chr01A_3997-Zo_SB_chr01B_3973	176.90136327713	1.94505637985253	0.425132219541614	4.57517988627097	4.75810978457868e-06	6.32841024612109e-05
Zo_SA_chr01A_613-Zo_SB_chr01B_661	162.123070462381	2.1508481930403	0.470301871564226	4.57333538964361	4.80020827866044e-06	6.36777629466048e-05
Zo_SA_chr01A_4173-Zo_SB_chr01B_4198	724.274188245753	1.46669162608642	0.320980576308917	4.56940928623312	4.89100806150597e-06	6.47137534163933e-05
Zo_SA_chr02A_1126-Zo_SB_chr02B_1101	489.503542665147	1.63485037715182	0.358343937440395	4.56223813587958	5.06111966831904e-06	6.6791045571029e-05
Zo_SA_chr02A_496-Zo_SB_chr02B_478	584.392767603989	1.42549595542233	0.313554426022392	4.54624727676632	5.461087236676e-06	7.18831482781074e-05
Zo_SA_chr01A_2551-Zo_SB_chr01B_2563	601.151466217596	1.2965062319784	0.285339922449527	4.54372532538884	5.5268666639546e-06	7.2374958319241e-05
Zo_SA_chr02A_971-Zo_SB_chr02B_943	1011.96520530367	1.05443445425617	0.232047601487204	4.54404375437731	5.51851951408616e-06	7.2374958319241e-05
Zo_SA_chr02A_507-Zo_SB_chr02B_492	138.376943962427	1.53774088017141	0.33884451029374	4.53819033053941	5.67390390403018e-06	7.4025302853836e-05
Zo_SA_chr01A_854-Zo_SB_chr01B_900	749.991828986756	1.33574923577646	0.296582630247453	4.50380130037277	6.67486196981091e-06	8.56467175672967e-05
Zo_SA_chr02A_1282-Zo_SB_chr02B_1275	1959.78550584574	1.44101144906985	0.321351158901391	4.48422670699636	7.317882843969e-06	9.2499491829226e-05
Zo_SA_chr01A_3644-Zo_SB_chr01B_3636	291.350925350325	1.53868578740127	0.34668104883165	4.43833256125998	9.06584692707233e-06	0.000111819429168297
Zo_SA_chr01A_446-Zo_SB_chr01B_502	1106.37924695305	1.26634915770781	0.288188914205184	4.39416332581828	1.11200192192093e-05	0.000136494886512415
Zo_SA_chr01A_3785-Zo_SB_chr01B_3768	202.182841099324	1.53990998783571	0.35052108329679	4.39320218159844	1.11693163081363e-05	0.000136770426138573
Zo_SA_chr02A_3103-Zo_SB_chr02B_3101	1954.72855946448	2.34190553201078	0.534551050841042	4.38106992461452	1.18097960601284e-05	0.000143235955072129
Zo_SA_chr01A_1920-Zo_SB_chr01B_1951	970.102052313047	1.24394806420315	0.285844108777964	4.35184083212789	1.34999255766645e-05	0.000162573571838131
Zo_SA_chr02A_1425-Zo_SB_chr02B_1417	40.3520810664023	2.27969841403221	0.524215898028397	4.34877771278261	1.36898383009372e-05	0.000164471783738147
Zo_SA_chr02A_1560-Zo_SB_chr02B_1550	208.86186262453	1.47425957886851	0.339458579674233	4.34297339099016	1.40567165087253e-05	0.000168482150342227
Zo_SA_chr02A_2580-Zo_SB_chr02B_2529	189.825049968287	1.53327245979684	0.353242169811754	4.34057026830611	1.42113412566274e-05	0.000169935615871503
Zo_SA_chr02A_581-Zo_SB_chr02B_567	47.8377257191101	2.04795704990452	0.473393250125686	4.3261222025468	1.51757252773539e-05	0.000180619496642151
Zo_SA_chr02A_597-Zo_SB_chr02B_582	258.637692469259	1.10353501441708	0.256490364975754	4.30244237252889	1.68925615035724e-05	0.000199191454396291
Zo_SA_chr02A_3167-Zo_SB_chr02B_3171	60.75028376365	1.81523690788128	0.42215042505209	4.2999765016399	1.70816220613413e-05	0.000200955618430653
Zo_SA_chr01A_2022-Zo_SB_chr01B_2048	375.733067819283	1.67599765559078	0.390539450332471	4.29149386614845	1.77475106268496e-05	0.00020782946927166
Zo_SA_chr02A_2898-Zo_SB_chr02B_2870	841.135448385364	1.85333631957527	0.432023305278611	4.28989894047511	1.78754440981457e-05	0.000208847505128335
Zo_SA_chr02A_2886-Zo_SB_chr02B_2858	299.957612436144	1.73543760635866	0.405044807770639	4.28455709853556	1.8310358115486e-05	0.000212466888930036
Zo_SA_chr02A_3547-Zo_SB_chr02B_3581	241.565628201586	1.13674194107525	0.267319384473705	4.25237377870389	2.11516437276155e-05	0.000241584020512273
Zo_SA_chr01A_3145-Zo_SB_chr01B_3150	472.989942645358	1.28718314340449	0.302933814344833	4.24905732688947	2.14671981469229e-05	0.000244639613781711
Zo_SA_chr02A_2775-Zo_SB_chr02B_2738	56.2510396842399	2.87069213668122	0.676377925240303	4.24421322688987	2.19361695262454e-05	0.000249425999032799
Zo_SA_chr02A_634-Zo_SB_chr02B_613	39.3938554609677	2.98669500418096	0.708749104737934	4.21403707491852	2.50846081342365e-05	0.000282701313796019
Zo_SA_chr02A_1007-Zo_SB_chr02B_984	202.773183917099	2.90163351149235	0.688842524601641	4.21233214829524	2.52747520091491e-05	0.0002842154232552
Zo_SA_chr01A_2445-Zo_SB_chr01B_2456	54.3218109755982	1.98068712969958	0.471675692081266	4.1992563173222	2.67793049603045e-05	0.000299810504324816
Zo_SA_chr02A_3668-Zo_SB_chr02B_3692	232.227679154111	2.6604555931972	0.6359413223796	4.18349224931973	2.87064881465502e-05	0.000318585731195048
Zo_SA_chr01A_2498-Zo_SB_chr01B_2503	225.61387272619	1.54179486330455	0.369301941380303	4.17488967846185	2.98130493999725e-05	0.000330147116616217
Zo_SA_chr02A_1250-Zo_SB_chr02B_1239	695.02568682414	1.16199346549199	0.279472093728282	4.15781572317465	3.21305039870582e-05	0.000353504940194545
Zo_SA_chr02A_1274-Zo_SB_chr02B_1267	330.859890042573	1.36140722592503	0.327891702680337	4.15200267282235	3.2957841171929e-05	0.000361047834257648
Zo_SA_chr01A_1019-Zo_SB_chr01B_1055	387.888879013639	1.32708372289935	0.321041204295762	4.13368659580768	3.56990204271234e-05	0.000389699917967642
Zo_SA_chr01A_449-Zo_SB_chr01B_505	343.362006388171	1.19383362178904	0.289246863272159	4.12738658004299	3.66909297059606e-05	0.00039936665795334
Zo_SA_chr02A_2385-Zo_SB_chr02B_2349	384.786459196584	1.04781637025077	0.25436990595615	4.11926232512506	3.80087244407995e-05	0.000411949877237091
Zo_SA_chr02A_1458-Zo_SB_chr02B_1449	2670.34509974686	1.26061212071892	0.306117385248535	4.11806771345388	3.82062445810699e-05	0.000413211485978705
Zo_SA_chr01A_1368-Zo_SB_chr01B_1390	60.8621814549132	1.92935086111984	0.468751250884541	4.11593752012207	3.85608762467412e-05	0.000416163355086652
Zo_SA_chr01A_4193-Zo_SB_chr01B_4216	279.854486394005	1.42375796723979	0.3460929129075	4.11380272216182	3.89194076253627e-05	0.000418574571433499
Zo_SA_chr02A_2248-Zo_SB_chr02B_2216	53.6150280224113	2.07220308814117	0.503740815563369	4.1136295176393	3.89486350332702e-05	0.000418574571433499
Zo_SA_chr01A_4134-Zo_SB_chr01B_4156	365.540510964551	1.13839751408566	0.277112390233245	4.10807150531044	3.98976591920192e-05	0.000426972008244004
Zo_SA_chr02A_1810-Zo_SB_chr02B_1786	170.780705719868	1.23334978237907	0.302948433411513	4.07115418452663	4.67807713933433e-05	0.00049440093252633
Zo_SA_chr01A_1030-Zo_SB_chr01B_1061	37.6447173276943	2.14893842874024	0.528135411580431	4.06891562584225	4.72324462624564e-05	0.000497552561405166
Zo_SA_chr02A_3441-Zo_SB_chr02B_3472	166.425105574364	1.52431535169446	0.376056532067216	4.05342075382965	5.0474102901533e-05	0.00052802037531633
Zo_SA_chr01A_1645-Zo_SB_chr01B_1662	357.521021367651	1.15934408855447	0.287084349168122	4.03833957481095	5.38308888784105e-05	0.00056076594672111
Zo_SA_chr02A_2671-Zo_SB_chr02B_2617	50.8743260512533	1.9754532254899	0.491752176281379	4.01717230908511	5.89006568494427e-05	0.000611079319737395
Zo_SA_chr02A_235-Zo_SB_chr02B_221	743.35014053379	1.37350199609995	0.342223320646616	4.01346697678225	5.98333766960021e-05	0.000616986277104119
Zo_SA_chr02A_779-Zo_SB_chr02B_740	233.627530607325	1.34890633086179	0.336079349342894	4.01365431556321	5.9785885323696e-05	0.000616986277104119
Zo_SA_chr02A_1421-Zo_SB_chr02B_1411	173.589207447492	2.66023168140148	0.664966991758787	4.0005469660462	6.31962425308442e-05	0.000646429035044419
Zo_SA_chr01A_660-Zo_SB_chr01B_711	158.750257922236	1.49404489947472	0.375403019140008	3.97984252470147	6.89609338596243e-05	0.000698383692009793
Zo_SA_chr02A_2997-Zo_SB_chr02B_2988	170.267480397974	1.28490993741744	0.322853986828465	3.97984844492606	6.8959216559659e-05	0.000698383692009793
Zo_SA_chr02A_102-Zo_SB_chr02B_99	2234.0833924545	1.5673326939998	0.394495728016434	3.97300295716893	7.09721677165975e-05	0.000715905390788807
Zo_SA_chr01A_2391-Zo_SB_chr01B_2398	77.245069221438	1.94471330996423	0.489904082406918	3.96957971938054	7.19995155032689e-05	0.000723403416121601
Zo_SA_chr02A_3003-Zo_SB_chr02B_2994	59.5354977000749	1.7336696805235	0.43801624870062	3.9580031235518	7.55789696571018e-05	0.000757872581561568
Zo_SA_chr02A_982-Zo_SB_chr02B_955	189.274548057935	1.3823845472299	0.350733189657924	3.94141355307197	8.10028287781918e-05	0.000807491995687102
Zo_SA_chr01A_550-Zo_SB_chr01B_602	378.517922337746	1.4608814780864	0.373013609903695	3.91642942589567	8.9870108199018e-05	0.000894137365558198
Zo_SA_chr02A_3712-Zo_SB_chr02B_3726	155.921136987505	1.80999895157018	0.462538880840944	3.91318227838364	9.10877240331695e-05	0.000904485119346911
Zo_SA_chr02A_3200-Zo_SB_chr02B_3206	64.2736929803787	1.84708129007542	0.477173666174675	3.87087851029749	0.000108443831156493	0.00106029342785254
Zo_SA_chr01A_4069-Zo_SB_chr01B_4067	104.405752868923	1.67178743395633	0.432040255303175	3.86951774385744	0.000109050845009118	0.00106418583233036
Zo_SA_chr02A_2720-Zo_SB_chr02B_2685	143.605931295298	1.17037520033102	0.30387109216768	3.8515516299431	0.00011737177727261	0.00113451960802025
Zo_SA_chr02A_2649-Zo_SB_chr02B_2599	288.311611550607	1.6119740817335	0.41974491340317	3.84036597052263	0.000122851030535926	0.0011852332377841
Zo_SA_chr01A_2921-Zo_SB_chr01B_2919	236.811990644802	1.03510809984654	0.269597189129559	3.83946176586099	0.000123304329044318	0.00118735775454018
Zo_SA_chr01A_1428-Zo_SB_chr01B_1458	331.433611025606	1.7205579362454	0.450165083099155	3.82205995276276	0.000132341502742854	0.00125773808763451
Zo_SA_chr02A_2529-Zo_SB_chr02B_2477	246.893077805682	1.5192410967435	0.397717208162596	3.81990284946986	0.000133504247503131	0.00126642576681741
Zo_SA_chr02A_1129-Zo_SB_chr02B_1105	117.873868110678	1.50039436204402	0.393358748417772	3.81431547684941	0.000136560928112396	0.00129301369480399
Zo_SA_chr02A_832-Zo_SB_chr02B_791	383.149249922917	1.01619036398693	0.266850162060479	3.80809348639865	0.000140042332619906	0.00132106600438111
Zo_SA_chr02A_1157-Zo_SB_chr02B_1130	49.942133832964	2.55959732360195	0.676504486952191	3.78356296664569	0.000154599189714771	0.00144235947327298
Zo_SA_chr02A_3345-Zo_SB_chr02B_3346	85.0349793777497	1.4376093422113	0.382309489097971	3.76032869496183	0.000169690244484868	0.00156594584312666
Zo_SA_chr01A_4204-Zo_SB_chr01B_4222	28.900391667342	2.94636229784632	0.78395864431734	3.75831342533632	0.000171062521929015	0.00157575494883617
Zo_SA_chr01A_3714-Zo_SB_chr01B_3704	137.938797847412	2.5953843648801	0.691527483141483	3.75311817411759	0.000174648470601411	0.00160588322968156
Zo_SA_chr02A_2084-Zo_SB_chr02B_2041	118.239106169624	2.10780527445407	0.561833123379185	3.75165718563642	0.000175669561626565	0.00161236170617247
Zo_SA_chr02A_865-Zo_SB_chr02B_760	141.583216051852	2.13156615126958	0.568728158346271	3.74795254989251	0.000178283970608554	0.00163048212976656
Zo_SA_chr01A_1276-Zo_SB_chr01B_1294	520.006748269953	1.65839389818006	0.443255377333552	3.74139600551786	0.000183000900875752	0.00165873058551794
Zo_SA_chr02A_1476-Zo_SB_chr02B_1465	45.9129922140203	1.90171724992027	0.508611984128361	3.73903350543215	0.000184729107357879	0.00167142108859864
Zo_SA_chr01A_815-Zo_SB_chr01B_862	131.823996152903	1.75670986700842	0.471707885838029	3.72414776125159	0.00019597612408948	0.00177003967395711
Zo_SA_chr02A_1200-Zo_SB_chr02B_1174	21.676442872165	2.77079245987928	0.74729349084186	3.70777009814157	0.000209092350038399	0.0018785122241545
Zo_SA_chr01A_2726-Zo_SB_chr01B_2715	490.590106297681	1.05123022403636	0.283887494641527	3.70298179341708	0.000213080179413878	0.00191096907382798
Zo_SA_chr02A_1983-Zo_SB_chr02B_1942	149.332995609586	1.57584739530254	0.42730121589084	3.68790758532526	0.000226105734917825	0.00201713242324238
Zo_SA_chr02A_2673-Zo_SB_chr02B_2619	38.3079310431609	1.87795873381568	0.510135321901011	3.68129524302982	0.000232052105185446	0.00206656192974591
Zo_SA_chr02A_1231-Zo_SB_chr02B_1215	426.241255621251	1.07634094423943	0.295245537344979	3.64557904555822	0.000266790391305209	0.00235126341402896
Zo_SA_chr01A_2988-Zo_SB_chr01B_2986	199.373525817563	1.34144363839799	0.36808314136286	3.64440390676732	0.000268012245410053	0.00235388685882554
Zo_SA_chr02A_3264-Zo_SB_chr02B_3258	216.315093388782	1.2619252096342	0.347536191431311	3.63106128440041	0.000282258144008127	0.002466248688812
Zo_SA_chr01A_1641-Zo_SB_chr01B_1655	46.8198245168713	2.07468579865388	0.572038205494922	3.6268308282991	0.000286921139605047	0.0025026991184043
Zo_SA_chr01A_820-Zo_SB_chr01B_868	86.0524637275067	1.40195871879063	0.386829271995875	3.62423120555773	0.000289822257383882	0.00252368304121965
Zo_SA_chr01A_1857-Zo_SB_chr01B_1885	530.841984908129	1.24761191344495	0.345698661896773	3.6089578900872	0.0003074295028509	0.00266334334612667
Zo_SA_chr01A_2829-Zo_SB_chr01B_2820	355.269725352774	1.195044361308	0.333430479915728	3.58408853806657	0.000338257338983676	0.0029155378761131
Zo_SA_chr01A_2914-Zo_SB_chr01B_2913	382.722270747253	1.08885883174922	0.30454370971949	3.57537784232074	0.000349722444133977	0.0029840638700477
Zo_SA_chr02A_2420-Zo_SB_chr02B_2385	65.1744006789253	1.37350213709058	0.385976664279418	3.55851082255136	0.000372963425838722	0.00315593968641603
Zo_SA_chr01A_869-Zo_SB_chr01B_915	157.094656083099	1.08594280983219	0.305348734346443	3.55640187000121	0.000375968822804452	0.00316559534440641
Zo_SA_chr02A_1898-Zo_SB_chr02B_1856	42.3536219591607	2.13164118625716	0.599346666690196	3.55660806128919	0.000375673991164322	0.00316559534440641
Zo_SA_chr01A_2321-Zo_SB_chr01B_2341	274.719862554768	1.27013037131991	0.357635872355438	3.55146244965489	0.000383096652779121	0.00321498245347091
Zo_SA_chr01A_375-Zo_SB_chr01B_430	71.5087607392334	2.2924550485075	0.646953434922592	3.54346221035489	0.000394909902771133	0.00329242396843887
Zo_SA_chr01A_2737-Zo_SB_chr01B_2724	54.6417611531189	2.10205403014408	0.594061783236878	3.5384434573296	0.000402493472668462	0.00334470105998882
Zo_SA_chr01A_1597-Zo_SB_chr01B_1619	203.306848527459	1.53849501090858	0.436330190367807	3.52598798999376	0.000421906101423407	0.00347765320493663
Zo_SA_chr01A_1399-Zo_SB_chr01B_1426	20.2067813134701	2.94928548464752	0.837359704087215	3.52212492463136	0.000428102356397838	0.00352302649998479
Zo_SA_chr02A_2478-Zo_SB_chr02B_2438	92.2505303253335	1.42521781420901	0.40495021672313	3.51948895284441	0.000432379042306895	0.00355248200243762
Zo_SA_chr01A_2752-Zo_SB_chr01B_2736	415.751269081128	1.28667834243663	0.366824981969742	3.50760827555296	0.00045215430977866	0.00370301294857314
Zo_SA_chr01A_3222-Zo_SB_chr01B_3230	117.191002488934	1.3222439665901	0.378129862856055	3.49679857761842	0.000470877222279759	0.00384250308972437
Zo_SA_chr01A_3386-Zo_SB_chr01B_3402	371.47824783219	1.36486583976213	0.392241217103356	3.47965940408166	0.000502051600823004	0.00404659945346896
Zo_SA_chr01A_2866-Zo_SB_chr01B_2867	129.07134373193	1.74730261464718	0.502664907418637	3.47607837519471	0.000508803568741711	0.00408808419427489
Zo_SA_chr02A_3514-Zo_SB_chr02B_3545	193.625538852719	1.18653775377734	0.341916747542054	3.47025339445066	0.000519967572234669	0.00417120442986363
Zo_SA_chr02A_859-Zo_SB_chr02B_765	314.268311411709	1.04157770403038	0.30070417794754	3.46379525266221	0.000532611737626318	0.00425922165065693
Zo_SA_chr01A_724-Zo_SB_chr01B_765	116.45927444067	1.14987182467814	0.332116201016193	3.46225755070009	0.000535664290198503	0.00427691832957864
Zo_SA_chr01A_1933-Zo_SB_chr01B_1965	186.338323355664	1.2301707793561	0.355900222273785	3.45650466722596	0.000547229731165465	0.00436242292731906
Zo_SA_chr01A_1619-Zo_SB_chr01B_1633	37.9284273562818	2.17321880822936	0.629550267853626	3.45201792326875	0.000556410764941435	0.00442868193220573
Zo_SA_chr01A_3623-Zo_SB_chr01B_3617	64.5959223158259	1.94805955022993	0.564491082305459	3.45100146183672	0.000558510544209331	0.00443845976942642
Zo_SA_chr02A_1979-Zo_SB_chr02B_1938	356.179032039388	1.37258627805423	0.399056709923959	3.43957699224197	0.000582624038698435	0.00459425209462822
Zo_SA_chr01A_3051-Zo_SB_chr01B_3054	220.238236156359	1.30704182418612	0.380944665459578	3.43105427820935	0.000601240285779875	0.00473372181725299
Zo_SA_chr01A_2786-Zo_SB_chr01B_2779	1356.88848368384	1.16129105970393	0.33875332001191	3.42813189155783	0.0006077501201981	0.00477078159029026
Zo_SA_chr01A_4028-Zo_SB_chr01B_4003	120.711385835933	1.92733198196986	0.565935393308299	3.40556891256301	0.00066026347297449	0.00510405276797989
Zo_SA_chr01A_205-Zo_SB_chr01B_273	117.59397403925	2.15379583950783	0.63316188161642	3.40165114490046	0.000669800788929676	0.00516833964315171
Zo_SA_chr01A_2174-Zo_SB_chr01B_2192	215.026287688565	1.3844953954527	0.407048136538564	3.40130631041847	0.000670646349454903	0.00516833964315171
Zo_SA_chr01A_2974-Zo_SB_chr01B_2971	308.562454221339	1.29628529763964	0.381406696438852	3.39869569607166	0.000677080044881554	0.00519434600696783
Zo_SA_chr01A_3136-Zo_SB_chr01B_3140	212.110309899919	1.42042886919379	0.417921670777032	3.39879209075906	0.000676841469579111	0.00519434600696783
Zo_SA_chr02A_1789-Zo_SB_chr02B_1763	402.838623421499	1.02121456555602	0.30236123125668	3.37746529643244	0.00073157183720833	0.0055835905790403
Zo_SA_chr02A_194-Zo_SB_chr02B_185	82.6384517549067	2.18373689324979	0.651174369716248	3.35353631040694	0.000797859445769521	0.00600339145753314
Zo_SA_chr01A_2-Zo_SB_chr01B_48	294.094490664	1.24688995819468	0.371928770313316	3.3524966545188	0.000800862093281278	0.00601709661235226
Zo_SA_chr01A_3456-Zo_SB_chr01B_3472	235.711813731747	1.18724861753051	0.354361235482306	3.35039078389766	0.000806976252677879	0.00605410461140076
Zo_SA_chr02A_2369-Zo_SB_chr02B_2335	55.9807903388843	2.40933850561962	0.721881782521809	3.33758042376812	0.000845112603513132	0.00631232199750131
Zo_SA_chr02A_2608-Zo_SB_chr02B_2553	35.5231854670091	1.69178834089363	0.509264118338621	3.32202540876584	0.000893665555031455	0.00664159945323091
Zo_SA_chr01A_2170-Zo_SB_chr01B_2188	165.56494401329	1.28405883530062	0.387334552514482	3.31511564606055	0.000916052186455696	0.00678251429913563
Zo_SA_chr01A_4048-Zo_SB_chr01B_4024	484.832671584501	1.02539731806955	0.310310904924356	3.30441921891049	0.000951733992605527	0.00701611137240601
Zo_SA_chr01A_2481-Zo_SB_chr01B_2491	21.6832631254262	2.51104443180382	0.761313313712059	3.2983062118805	0.000972699954302123	0.00713967372797553
Zo_SA_chr02A_1982-Zo_SB_chr02B_1941	170.594377140034	1.01609687508359	0.312962403637701	3.24670587672207	0.00116748974287109	0.00843573439742599
Zo_SA_chr01A_1951-Zo_SB_chr01B_1989	135.421352027082	1.23226056195884	0.379837495741645	3.24417830196783	0.00117789987457387	0.00848739576692994
Zo_SA_chr02A_3088-Zo_SB_chr02B_3086	37.5956908998615	2.13190791966745	0.659440062520353	3.23290628039701	0.00122537755710316	0.00877928730785303
Zo_SA_chr01A_1323-Zo_SB_chr01B_1347	672.781040315368	1.19733767767254	0.371852383452751	3.21992739848789	0.00128223065591902	0.00910973913703136
Zo_SA_chr02A_1790-Zo_SB_chr02B_1764	400.647550669517	1.0509701908774	0.326812441887719	3.2158206242297	0.00130072105801856	0.00921540065305502
Zo_SA_chr02A_3528-Zo_SB_chr02B_3560	176.660226558546	1.05279463014266	0.327884314245626	3.2108722021816	0.00132332771914717	0.00934955811558346
Zo_SA_chr02A_2396-Zo_SB_chr02B_2363	67.5359411165793	1.31808701187377	0.411879293080469	3.20017790167531	0.00137342785067297	0.00966331694934819
Zo_SA_chr01A_3893-Zo_SB_chr01B_3881	433.337598441762	1.01305805932241	0.31693594339847	3.19641265190529	0.00139147950329024	0.00977682288242827
Zo_SA_chr01A_2935-Zo_SB_chr01B_2934	170.550376539951	1.34640354145003	0.421344181255802	3.19549575227816	0.0013959083771658	0.00979341424787777
Zo_SA_chr02A_1459-Zo_SB_chr02B_1450	153.206364914697	1.46297539910152	0.458832645422629	3.18847277694022	0.00143026476631356	0.00998050509534424
Zo_SA_chr02A_80-Zo_SB_chr02B_78	281.775767805019	1.53511660656974	0.484646863931375	3.16749518219747	0.00153758257738541	0.0106563886383691
Zo_SA_chr02A_1955-Zo_SB_chr02B_1914	26.5413872456056	1.8550596584696	0.586385817344737	3.16354796381273	0.00155858667392936	0.0107872833111361
Zo_SA_chr01A_1195-Zo_SB_chr01B_1218	213.954168225421	1.13024319276611	0.358139987528998	3.15586986129159	0.00160020240459518	0.0110154473635241
Zo_SA_chr02A_3744-Zo_SB_chr02B_3755	122.484962913735	1.16923794294508	0.372610335610333	3.13796433217526	0.0017012557755262	0.011648114140498
Zo_SA_chr02A_3355-Zo_SB_chr02B_3356	68.2939072046746	1.66164523001444	0.530299586580162	3.13340849599788	0.00172788784232519	0.0118145780789323
Zo_SA_chr01A_2072-Zo_SB_chr01B_2096	78.6153757767008	1.39817848692902	0.446669392539659	3.13023124100646	0.00174668747630893	0.0119111459227813
Zo_SA_chr02A_2622-Zo_SB_chr02B_2568	51.7837723306023	2.34207769287312	0.7521162729839	3.11398353818526	0.001845797878225	0.012470151713101
Zo_SA_chr01A_1285-Zo_SB_chr01B_1313	214.764925853518	1.26276959978922	0.405976627100122	3.11044901478478	0.00186803141554526	0.0125703461437088
Zo_SA_chr01A_2488-Zo_SB_chr01B_2494	77.8185215743866	1.37102956746784	0.440763946720139	3.11057557604268	0.00186723106724736	0.0125703461437088
Zo_SA_chr01A_785-Zo_SB_chr01B_829	24.8790679085985	2.56943947076849	0.833377824381966	3.08316275714918	0.00204813105238344	0.0136559942157608
Zo_SA_chr02A_1647-Zo_SB_chr02B_1630	18.5121577192796	2.69403464153924	0.875507972924287	3.07711034605531	0.00209017910241929	0.0138457377733731
Zo_SA_chr02A_2922-Zo_SB_chr02B_2894	182.356082354282	1.33463143677668	0.434685249978661	3.07033983058361	0.00213815334849336	0.0140720325028749
Zo_SA_chr01A_1299-Zo_SB_chr01B_1326	352.716851155548	2.23904756595901	0.730692182804832	3.06428290687908	0.00218192468977668	0.0142679388571533
Zo_SA_chr02A_3342-Zo_SB_chr02B_3342	232.763671117157	1.00054237904134	0.326841638310418	3.06124514677371	0.00220418545769718	0.0143950265660377
Zo_SA_chr02A_2539-Zo_SB_chr02B_2486	647.67531414146	1.35850673936406	0.444383716974519	3.05705787019634	0.00223521117955288	0.0145031371360736
Zo_SA_chr01A_2144-Zo_SB_chr01B_2164	67.4792791970844	1.37638181270599	0.453009609929686	3.03830599293385	0.0023791224089713	0.0152827863194197
Zo_SA_chr02A_566-Zo_SB_chr02B_551	155.344996238457	1.10460461140058	0.364244615734677	3.03259008831911	0.00242464711994726	0.0155360407912092
Zo_SA_chr02A_703-Zo_SB_chr02B_676	145.415142674606	1.20501485093341	0.397689611325199	3.03003854417521	0.00244522530688533	0.0156285793140199
Zo_SA_chr02A_2190-Zo_SB_chr02B_2160	264.887895030715	1.28598582478575	0.424992753633854	3.0259005919279	0.00247893788281905	0.0158241974625066
Zo_SA_chr01A_786-Zo_SB_chr01B_830	74.3927876775858	1.53262019149816	0.50854586701764	3.01373050278864	0.00258056925750052	0.0164112606712954
Zo_SA_chr02A_3312-Zo_SB_chr02B_3309	200.072620150365	1.02848014669632	0.341861580326072	3.00846952651228	0.00262567132975731	0.0166772690196805
Zo_SA_chr02A_2897-Zo_SB_chr02B_2868	56.1061448171062	1.66244075475653	0.555338668129599	2.99356203729824	0.00275741444310106	0.0174055380088684
Zo_SA_chr02A_2313-Zo_SB_chr02B_2284	184.935919293154	1.73317940518217	0.583441157697706	2.9706156007598	0.00297203526870028	0.0186907995787151
Zo_SA_chr01A_4255-Zo_SB_chr01B_4273	146.288150032494	1.00211907211263	0.338092076686229	2.9640418726602	0.00303626968705149	0.0189569288111278
Zo_SA_chr01A_1154-Zo_SB_chr01B_1176	110.032294734688	1.08352112649307	0.369984630727793	2.92855712509379	0.00340539250391995	0.0209252948310835
Zo_SA_chr02A_2945-Zo_SB_chr02B_2918	94.7526817182574	1.17850298598227	0.404334136364059	2.91467595731554	0.00356058028987126	0.0216697682157757
Zo_SA_chr01A_2847-Zo_SB_chr01B_2844	58.8090026013865	1.75373508711428	0.604535750728341	2.90096174626793	0.00372019290292333	0.0224268197011733
Zo_SA_chr01A_239-Zo_SB_chr01B_299	79.8901807673194	1.06258597610327	0.366667556880375	2.89795471719341	0.0037560481626483	0.022616204894244
Zo_SA_chr01A_2336-Zo_SB_chr01B_2353	344.388126190839	1.10419285742827	0.381316546602042	2.89573811382659	0.00378267932031963	0.0227496676006
Zo_SA_chr01A_1742-Zo_SB_chr01B_1768	126.734461970123	1.32680600891062	0.460466805112685	2.88143682493231	0.0039586658385432	0.0236961736563326
Zo_SA_chr01A_758-Zo_SB_chr01B_803	2310.2229808888	1.02216442044678	0.35582256585742	2.87268014602639	0.00407005957784642	0.024239331461139
Zo_SA_chr01A_1007-Zo_SB_chr01B_1041	313.858683666965	1.00449773665762	0.349702312465311	2.87243664354454	0.00407319743438063	0.024239331461139
Zo_SA_chr02A_248-Zo_SB_chr02B_236	21.1407399138963	2.05110062116219	0.715053632902105	2.86845703145039	0.00412479221573766	0.0244891509871418
Zo_SA_chr02A_1977-Zo_SB_chr02B_1936	786.220414359992	1.38914983868626	0.484757192514961	2.86566111887734	0.00416139451145877	0.0246490042341523
Zo_SA_chr01A_1739-Zo_SB_chr01B_1765	327.134178298314	1.07019789141337	0.376229239768103	2.84453672998147	0.00444760576936322	0.0261316075999265
Zo_SA_chr02A_3458-Zo_SB_chr02B_3487	642.303472286285	1.50422813542612	0.530122792095793	2.83750889011826	0.00454670806041951	0.0265911950169655
Zo_SA_chr01A_471-Zo_SB_chr01B_530	232.045099659816	1.01148248589858	0.357851872502781	2.82653959255366	0.004705392680505	0.0274562088367611
Zo_SA_chr01A_2057-Zo_SB_chr01B_2086	71.1994295397696	1.77159450349068	0.628906123515157	2.81694586401651	0.00484826969495671	0.0281608732338763
Zo_SA_chr01A_988-Zo_SB_chr01B_1016	35.9804007591984	2.07129439456857	0.737438093152595	2.80877054467535	0.00497310774725238	0.0288202626444865
Zo_SA_chr01A_1340-Zo_SB_chr01B_1365	68.1513419401975	1.38936840984581	0.498227211373766	2.7886241018729	0.00529324629271538	0.0303988687881535
Zo_SA_chr02A_1510-Zo_SB_chr02B_1496	126.470318829448	1.01776921163551	0.365474898702543	2.784785535884	0.00535631376000716	0.0307264215016627
Zo_SA_chr02A_1439-Zo_SB_chr02B_1433	97.9601827466059	1.12009713636128	0.402864166152473	2.78033449104867	0.00543029327578879	0.0311157637197617
Zo_SA_chr01A_1440-Zo_SB_chr01B_1464	386.581574092456	1.12886467463455	0.406496065490487	2.77706174910313	0.00548527569336211	0.0313602630549793
Zo_SA_chr02A_1357-Zo_SB_chr02B_1342	36.2549283822387	2.06707876548568	0.749580872036969	2.75764609610226	0.00582191910114618	0.0328425868230771
Zo_SA_chr01A_2258-Zo_SB_chr01B_2270	52.3026464663937	1.257692521534	0.458997524038742	2.74008563372522	0.00614231785016492	0.0344592148994935
Zo_SA_chr02A_3307-Zo_SB_chr02B_3305	3986.89331351249	1.04551294768191	0.387048148977169	2.70124776580079	0.00690798559781524	0.0379194812880074
Zo_SA_chr02A_3374-Zo_SB_chr02B_3395	23.955353757812	2.64149737694177	0.983275604658377	2.68642623128997	0.00722208938540583	0.0393468698708634
Zo_SA_chr01A_4100-Zo_SB_chr01B_4122	12.7260046577767	2.96509426246311	1.10510138989827	2.68309703486668	0.00729438223611415	0.0396982725542366
Zo_SA_chr02A_2181-Zo_SB_chr02B_2153	326.857986738135	1.07674749688512	0.40148549975972	2.68190880499926	0.00732034122718759	0.03979703117534
Zo_SA_chr02A_874-Zo_SB_chr02B_845	172.320455976883	1.01076185113826	0.377518775195408	2.67738167622281	0.0074200055543124	0.0401673839465115
Zo_SA_chr01A_3694-Zo_SB_chr01B_3685	38.1882516516441	1.94312323587279	0.726410325430367	2.67496643129566	0.00747367330858741	0.0403293345698562
Zo_SA_chr02A_2753-Zo_SB_chr02B_2720	86.4783368944039	1.70274011955351	0.638309868514282	2.66757605286093	0.00764005954444715	0.0409668034941198
Zo_SA_chr02A_602-Zo_SB_chr02B_586	155.488225907266	1.00105598258508	0.375548103521783	2.6655865738569	0.00768541406174061	0.0410802720152221
Zo_SA_chr02A_264-Zo_SB_chr02B_264	30.7909728995543	1.5976578085128	0.599854220336909	2.66341013257433	0.00773530705098572	0.0413036206684709
Zo_SA_chr02A_886-Zo_SB_chr02B_853	79.7192160109409	1.05598782238672	0.398141414439882	2.65229334122983	0.00799470514482421	0.042333708947749
Zo_SA_chr01A_3963-Zo_SB_chr01B_3943	20.8313455398039	2.42520442712412	0.916732822190105	2.64548663298673	0.00815735098731619	0.0430160930946053
Zo_SA_chr02A_2011-Zo_SB_chr02B_1958	101.263409861635	1.44614238651451	0.548230133764273	2.63783819503858	0.00834363822676156	0.0439075342222349
Zo_SA_chr01A_163-Zo_SB_chr01B_227	104.433708516887	1.28000238552856	0.485495715481829	2.63648544098525	0.00837697948802913	0.044037495884438
Zo_SA_chr01A_96-Zo_SB_chr01B_160	136.435854468663	1.59642283825688	0.608086668786436	2.62532122508602	0.00865672551903951	0.0451354757359133
Zo_SA_chr01A_960-Zo_SB_chr01B_993	154.28866410965	1.13331355627523	0.431663854720819	2.62545391253155	0.00865335227455105	0.0451354757359133
Zo_SA_chr01A_320-Zo_SB_chr01B_380	98.4566635491001	1.09224354238409	0.418395061013511	2.61055553509227	0.00903952934968695	0.0465595171964664
Zo_SA_chr01A_4050-Zo_SB_chr01B_4026	115.290431804306	1.57998044850021	0.605205166456821	2.61065261182455	0.00903696402884421	0.0465595171964664
Zo_SA_chr01A_4099-Zo_SB_chr01B_4121	179.877445002563	1.74973206885457	0.673074905057395	2.59960972502067	0.00933298361416024	0.0478291936926884
Zo_SA_chr01A_3275-Zo_SB_chr01B_3286	82.9189513703134	1.10267205431088	0.424582705237515	2.59707246835229	0.00940220851850373	0.0480317186290995
Zo_SA_chr02A_1626-Zo_SB_chr02B_1608	367.279871598631	1.07537989314267	0.414120532362727	2.59677994473539	0.00941021892262295	0.0480317186290995
Zo_SA_chr01A_2464-Zo_SB_chr01B_2477	83.666888595343	1.12348053411238	0.434863889974058	2.58352224687913	0.00977971596636577	0.0495207486408223
