baseMean	log2FoldChange	lfcSE	stat	pvalue	padj
Zo_SA_chr01A_1389-Zo_SB_chr01B_1415	1078.69941420333	-2.79753656576814	0.205503043091256	-13.6131150356049	3.34669457859373e-42	5.91125423900499e-40
Zo_SA_chr02A_1524-Zo_SB_chr02B_1509	2098.5610954587	-2.36973397401586	0.198028973286815	-11.9666023344153	5.31613226576534e-33	6.85206345282024e-31
Zo_SA_chr01A_4228-Zo_SB_chr01B_4246	927.59531631233	-2.78248694763093	0.244691446371724	-11.3714107660466	5.80417998027076e-30	6.15114096131361e-28
Zo_SA_chr02A_3346-Zo_SB_chr02B_3347	1215.16161065976	-2.43288078149242	0.230558406885504	-10.5521234916435	4.96618125408404e-26	4.08339972426324e-24
Zo_SA_chr01A_295-Zo_SB_chr01B_353	15140.2659251268	1.70242911159708	0.161760491922331	10.5243813947753	6.66981094162682e-26	5.39124209840988e-24
Zo_SA_chr02A_2865-Zo_SB_chr02B_2826	2196.33429448487	-2.72658824557237	0.260263077104948	-10.4762776030382	1.11028162324178e-25	8.82488843540008e-24
Zo_SA_chr01A_1323-Zo_SB_chr01B_1347	435.030992282692	2.53576415666692	0.244360890374382	10.3771276687604	3.15113428955316e-25	2.38535863918715e-23
Zo_SA_chr02A_404-Zo_SB_chr02B_396	1101.63325328843	-2.70312981902357	0.269894698712873	-10.0154980142803	1.30303976377379e-23	9.21891136272951e-22
Zo_SA_chr02A_1554-Zo_SB_chr02B_1542	3199.37017892968	-2.06524038105778	0.213616729806964	-9.66797115059311	4.12473830224253e-22	2.58827328465719e-20
Zo_SA_chr02A_1492-Zo_SB_chr02B_1479	3939.05630538849	-1.94392870245868	0.201248240340264	-9.65935751374495	4.48668926786669e-22	2.77883391148782e-20
Zo_SA_chr02A_1331-Zo_SB_chr02B_1312	2521.91596073085	-1.80692901054144	0.192733419228437	-9.37527605630125	6.89949819385527e-21	4.06218603536985e-19
Zo_SA_chr02A_1753-Zo_SB_chr02B_1722	448.036101734846	2.53896891350855	0.275595526435756	9.21266374075345	3.181303471431e-20	1.78489838297111e-18
Zo_SA_chr01A_1645-Zo_SB_chr01B_1662	1009.68079637974	2.17777577212337	0.24087489831064	9.04110717802915	1.55092876462949e-19	8.12788931705278e-18
Zo_SA_chr02A_1839-Zo_SB_chr02B_1815	352.109936635551	2.25084937850234	0.250225447546432	8.99528565368903	2.35618687612716e-19	1.19538885236707e-17
Zo_SA_chr02A_3372-Zo_SB_chr02B_3393	1991.27631485522	-2.40872544620599	0.270513448499366	-8.90427244770283	5.37373224814853e-19	2.64199268983715e-17
Zo_SA_chr01A_746-Zo_SB_chr01B_791	376.516316900724	2.68408083597601	0.308202883706654	8.7088115584626	3.0707728408475e-18	1.40812650750017e-16
Zo_SA_chr02A_920-Zo_SB_chr02B_893	364.989359384702	-2.62056928488443	0.303383423882333	-8.63781300688603	5.72993019556927e-18	2.60247972406379e-16
Zo_SA_chr02A_711-Zo_SB_chr02B_682	576.952830570042	-2.89869308080159	0.337636099872844	-8.58525815780142	9.06326730612208e-18	4.00210386878669e-16
Zo_SA_chr02A_2304-Zo_SB_chr02B_2273	409.806020523259	2.35412158072132	0.278461167986348	8.45403902362695	2.81395203237465e-17	1.21997611294497e-15
Zo_SA_chr01A_884-Zo_SB_chr01B_924	1622.32514608963	-1.65426480928317	0.200820750438557	-8.23751930849049	1.75817954381096e-16	7.42014003932252e-15
Zo_SA_chr02A_3039-Zo_SB_chr02B_3036	1718.27373770665	1.47692244548895	0.17990586511987	8.20941798926286	2.22263214554436e-16	9.13770060525955e-15
Zo_SA_chr02A_2409-Zo_SB_chr02B_2375	1146.79050318633	1.62934320546372	0.203577829838207	8.00353951488057	1.20892863032071e-15	4.80448386499955e-14
Zo_SA_chr02A_134-Zo_SB_chr02B_125	2590.03428380096	1.64533404769848	0.210473231699427	7.81730785627005	5.39650116159501e-15	2.04253286028941e-13
Zo_SA_chr02A_158-Zo_SB_chr02B_151	2404.83928210498	1.69049292876047	0.216944629232664	7.79227830963027	6.5811574199622e-15	2.43298757641858e-13
Zo_SA_chr02A_1919-Zo_SB_chr02B_1874	1488.2063395317	1.80756313852704	0.231960816569914	7.79253653809343	6.56771698216594e-15	2.43298757641858e-13
Zo_SA_chr01A_167-Zo_SB_chr01B_232	1533.97173119478	1.55747166202635	0.201125350101113	7.74378595857437	9.64994058061506e-15	3.51302035335521e-13
Zo_SA_chr02A_3368-Zo_SB_chr02B_3368	900.438061636136	-2.61528181726924	0.338687979585247	-7.72180288320795	1.14695673895586e-14	4.11265916397029e-13
Zo_SA_chr02A_1933-Zo_SB_chr02B_1891	608.50868727553	2.15464082737574	0.280123669488964	7.69174854558523	1.45137653440501e-14	5.01566282070833e-13
Zo_SA_chr01A_1299-Zo_SB_chr01B_1326	380.033527078367	2.2671719161723	0.295799295078908	7.66456159257412	1.79443079211707e-14	6.15657586158726e-13
Zo_SA_chr01A_1796-Zo_SB_chr01B_1831	1007.70739899872	-2.63358415574214	0.348550129754509	-7.55582606610139	4.16209739565229e-14	1.3978198929483e-12
Zo_SA_chr01A_4080-Zo_SB_chr01B_4103	284.134169144482	-2.61096945617211	0.348759940246087	-7.48643738822124	7.07682811524216e-14	2.32754436424758e-12
Zo_SA_chr01A_2345-Zo_SB_chr01B_2362	244.021681143837	2.38097103863229	0.32229715479483	7.38750250571705	1.49612313680783e-13	4.85374914247385e-12
Zo_SA_chr02A_1282-Zo_SB_chr02B_1275	2116.69156954435	1.88832083132979	0.255717828194744	7.38439257309712	1.53150951573088e-13	4.93497897332471e-12
Zo_SA_chr02A_3709-Zo_SB_chr02B_3721	1491.58638739365	-2.51854417894052	0.343649926392334	-7.32880756117255	2.32209536543408e-13	7.33382304487093e-12
Zo_SA_chr02A_834-Zo_SB_chr02B_789	455.248561910041	1.98043408913766	0.270308188838044	7.326578220404	2.36103412482226e-13	7.40774456662983e-12
Zo_SA_chr01A_2731-Zo_SB_chr01B_2719	1476.87716079898	-1.7341222703124	0.237951975110677	-7.28769857659648	3.15294391547436e-13	9.82770557705702e-12
Zo_SA_chr01A_3924-Zo_SB_chr01B_3913	1239.65173131957	-1.81133930760192	0.248992932236782	-7.27466153890429	3.47290073112368e-13	1.0754716614759e-11
Zo_SA_chr02A_2214-Zo_SB_chr02B_2184	192.736080473845	2.77134474729777	0.381068131734237	7.27257022172232	3.52711122079466e-13	1.0852124781916e-11
Zo_SA_chr02A_2746-Zo_SB_chr02B_2712	3696.99010204001	-2.01968085303236	0.278254367235801	-7.2583976779808	3.91702524866191e-13	1.18982760578781e-11
Zo_SA_chr02A_736-Zo_SB_chr02B_709	1139.39210634334	-1.82845842314424	0.254360466686404	-7.18845364204537	6.55292281262621e-13	1.9531805558384e-11
Zo_SA_chr02A_428-Zo_SB_chr02B_417	239.631462264777	-2.95359916365834	0.416691113680335	-7.08822210670946	1.35845829784826e-12	3.87933390565171e-11
Zo_SA_chr02A_982-Zo_SB_chr02B_955	222.142855420831	2.57630206570169	0.36342536432908	7.08894402694705	1.35139165682217e-12	3.87933390565171e-11
Zo_SA_chr01A_392-Zo_SB_chr01B_449	569.084264265152	-1.81467617622801	0.256069079948325	-7.08666652215182	1.37380886879237e-12	3.89981815194691e-11
Zo_SA_chr01A_2191-Zo_SB_chr01B_2209	323.043833572787	-2.48101127582808	0.350811916203892	-7.07219783944317	1.5249878834015e-12	4.27803953878926e-11
Zo_SA_chr02A_1044-Zo_SB_chr02B_1025	2205.65175552393	2.00614953550692	0.283642636730795	7.07280667895831	1.51830943390521e-12	4.27803953878926e-11
Zo_SA_chr01A_2430-Zo_SB_chr01B_2441	2026.73755081798	-1.40822665656132	0.199946240988583	-7.04302641349343	1.88108552017402e-12	5.24613850626311e-11
Zo_SA_chr02A_1729-Zo_SB_chr02B_1699	163.04972318401	-2.50301648140624	0.356713370665895	-7.01688438741091	2.26870179275353e-12	6.29037142421023e-11
Zo_SA_chr01A_2640-Zo_SB_chr01B_2638	147.337644126385	2.88115225157441	0.411687187567611	6.99840154996624	2.58899185177313e-12	7.09592077075061e-11
Zo_SA_chr02A_30-Zo_SB_chr02B_32	606.349401411785	2.24994858842391	0.32361368050293	6.95257562945808	3.58676431125557e-12	9.77444514307305e-11
Zo_SA_chr01A_3898-Zo_SB_chr01B_3885	3433.47928658097	1.25394716262395	0.180436692842598	6.94951311104896	3.66549058312575e-12	9.93222988120835e-11
Zo_SA_chr01A_2188-Zo_SB_chr01B_2207	511.575256497259	1.7373326209466	0.251292769204031	6.9135798314038	4.72573532254354e-12	1.25905205325196e-10
Zo_SA_chr01A_537-Zo_SB_chr01B_592	211.762028705968	2.27189817750554	0.329430990851596	6.89643124234476	5.33251564586251e-12	1.41282039528435e-10
Zo_SA_chr02A_3762-Zo_SB_chr02B_3767	112.295824548457	2.95371387476337	0.429653888988017	6.87463549258307	6.2148564047445e-12	1.62849726341904e-10
Zo_SA_chr02A_23-Zo_SB_chr02B_25	898.284644156091	1.51238102056097	0.220111047229325	6.87099098204408	6.37574248325547e-12	1.66152545916095e-10
Zo_SA_chr01A_1466-Zo_SB_chr01B_1500	1200.13136267965	2.21303399000505	0.324679179188732	6.81606376957928	9.35687750420256e-12	2.38625394746214e-10
Zo_SA_chr02A_3568-Zo_SB_chr02B_3590	163.396708666223	-2.36669978863823	0.351896387399298	-6.72555863994344	1.7492002834326e-11	4.36750583858118e-10
Zo_SA_chr01A_2498-Zo_SB_chr01B_2503	483.674957014799	2.13156162112431	0.317462137322046	6.71438061592198	1.88866733197736e-11	4.69117422197917e-10
Zo_SA_chr02A_3072-Zo_SB_chr02B_3072	217.487845464378	2.64773259144723	0.395776948295214	6.68996161310603	2.23229145434713e-11	5.48752471432034e-10
Zo_SA_chr01A_1258-Zo_SB_chr01B_1285	418.555188899715	-2.03861272282746	0.305772866192184	-6.66708183827583	2.60939606210417e-11	6.31685777673848e-10
Zo_SA_chr01A_2635-Zo_SB_chr01B_2633	2358.71219405036	-1.34394046753183	0.201945219939951	-6.65497538357902	2.83347472997402e-11	6.82466716527581e-10
Zo_SA_chr02A_2926-Zo_SB_chr02B_2899	479.488124561058	-1.88569093399805	0.284190434486097	-6.63530754442161	3.23826634254572e-11	7.76044833547767e-10
Zo_SA_chr01A_4134-Zo_SB_chr01B_4156	471.575841285678	2.01393272388585	0.306845358819573	6.56334751691668	5.26130345567104e-11	1.21213314879687e-09
Zo_SA_chr01A_3594-Zo_SB_chr01B_3587	141.976465443772	-2.54348173559291	0.389400942932203	-6.53178114166957	6.49920822315583e-11	1.48300114910192e-09
Zo_SA_chr02A_575-Zo_SB_chr02B_560	467.924621259189	2.20268429757959	0.338710869738787	6.5031402720506	7.86603832115978e-11	1.77787377979199e-09
Zo_SA_chr02A_3227-Zo_SB_chr02B_3230	2170.70623762897	-1.35738859236123	0.209553173982747	-6.47753773690389	9.32314606932411e-11	2.07766745815919e-09
Zo_SA_chr02A_185-Zo_SB_chr02B_176	629.136276612704	-2.25089750825623	0.348400534935988	-6.46066031061001	1.04247090686548e-10	2.3123459324844e-09
Zo_SA_chr01A_3644-Zo_SB_chr01B_3636	243.629068072822	2.23918556937035	0.346661359612749	6.45928802642359	1.05196724519343e-10	2.32260731126272e-09
Zo_SA_chr01A_1233-Zo_SB_chr01B_1261	743.577397488362	2.53892843029615	0.393718717989538	6.44858452059578	1.12899595853562e-10	2.48118973560202e-09
Zo_SA_chr02A_1377-Zo_SB_chr02B_1359	173.201365001879	2.2771252599372	0.354141731567671	6.4299828485536	1.27618344379495e-10	2.75428720952008e-09
Zo_SA_chr02A_3301-Zo_SB_chr02B_3297	89.1573569331497	-2.94493747511802	0.458002351518457	-6.4299614736789	1.2763629131976e-10	2.75428720952008e-09
Zo_SA_chr02A_1601-Zo_SB_chr02B_1583	837.235838596956	-1.55114164615488	0.242302810077065	-6.40166593883718	1.5369065196084e-10	3.28677452556613e-09
Zo_SA_chr01A_1166-Zo_SB_chr01B_1184	966.66585484675	2.12988862055894	0.334005498243574	6.37680706383378	1.80818014434564e-10	3.83253827039305e-09
Zo_SA_chr01A_973-Zo_SB_chr01B_1005	2422.21698510296	-1.15180046604065	0.180837353030343	-6.36926191818009	1.89940009499908e-10	4.00807037745602e-09
Zo_SA_chr01A_160-Zo_SB_chr01B_224	445.594944845501	-2.74741143963539	0.432122871505245	-6.35794034707104	2.04476841625077e-10	4.25829719524015e-09
Zo_SA_chr01A_1428-Zo_SB_chr01B_1458	288.741145519582	2.40147405359688	0.379384409404226	6.32992288051078	2.45283761986176e-10	5.06388857537694e-09
Zo_SA_chr01A_817-Zo_SB_chr01B_864	1647.83178426503	1.48184866313741	0.234906204160074	6.30825681439907	2.82195692407055e-10	5.77592814201393e-09
Zo_SA_chr01A_2171-Zo_SB_chr01B_2189	501.637043883189	-2.65372555275236	0.421164154019969	-6.30092928712671	2.95866360422049e-10	6.02985757629382e-09
Zo_SA_chr01A_3303-Zo_SB_chr01B_3311	825.303188218341	-2.79733572932492	0.448514746042662	-6.23688686716855	4.46364554594184e-10	8.94417042378011e-09
Zo_SA_chr01A_2840-Zo_SB_chr01B_2838	2796.27540700879	1.12528553003643	0.180687131319095	6.22781225105161	4.72993395922842e-10	9.43809834793320e-09
Zo_SA_chr02A_3672-Zo_SB_chr02B_3696	198.668880246711	2.34384912256044	0.381479388562281	6.144104223806	8.04160297674704e-10	1.57820595045706e-08
Zo_SA_chr01A_3186-Zo_SB_chr01B_3191	1997.85350811694	-1.20859235783655	0.197407527756142	-6.12232153238616	9.22216860292002e-10	1.80248041259531e-08
Zo_SA_chr01A_1004-Zo_SB_chr01B_1039	2820.93966195565	-1.30817613071945	0.213825363563076	-6.11796518860379	9.47777638066995e-10	1.84487818609857e-08
Zo_SA_chr01A_1992-Zo_SB_chr01B_2024	2533.19297285983	1.15201067536504	0.188383821235538	6.11523148755259	9.64169001812979e-10	1.86915527221386e-08
Zo_SA_chr01A_1406-Zo_SB_chr01B_1434	161.386598569596	2.70164291625373	0.442730388049946	6.10223058813154	1.04598324321524e-09	2.01955226190019e-08
Zo_SA_chr01A_2906-Zo_SB_chr01B_2906	4730.50024136382	1.04304658754017	0.171310677929572	6.08862564871161	1.13884057452265e-09	2.18997205641068e-08
Zo_SA_chr02A_1289-Zo_SB_chr02B_1284	237.988609748092	-2.72642396063654	0.449121395854428	-6.07057242385363	1.27455120403889e-09	2.4410982699042e-08
Zo_SA_chr02A_424-Zo_SB_chr02B_412	472.410766643514	2.10651320018368	0.348280539340621	6.04832301044388	1.46361290065141e-09	2.79198796928264e-08
Zo_SA_chr02A_3716-Zo_SB_chr02B_3736	12318.5013054403	-1.40002855008513	0.231704781732666	-6.04229459407724	1.51937717399299e-09	2.87536100903674e-08
Zo_SA_chr02A_1926-Zo_SB_chr02B_1882	1138.70472854849	-1.67789924360203	0.278087981347867	-6.03369924679738	1.60248187481384e-09	3.02064666442183e-08
Zo_SA_chr02A_1126-Zo_SB_chr02B_1101	249.127289591538	1.95779545973802	0.325295760700699	6.01850898862271	1.7603094074399e-09	3.30508486774838e-08
Zo_SA_chr02A_70-Zo_SB_chr02B_68	6059.42222829071	1.22790898052007	0.204745338750089	5.99724998877188	2.00686995758821e-09	3.75324032460321e-08
Zo_SA_chr02A_3137-Zo_SB_chr02B_3137	164.132791584661	2.79953568120915	0.467516878564917	5.98809542406804	2.12312494402403e-09	3.95514955392602e-08
Zo_SA_chr01A_3328-Zo_SB_chr01B_3343	309.849488595696	2.59786131331053	0.434939062259709	5.97293170177321	2.33027474222727e-09	4.3241557376194e-08
Zo_SA_chr02A_340-Zo_SB_chr02B_340	77.9304957816831	-2.8005206366543	0.472003150332104	-5.93326683240109	2.96965629518847e-09	5.42616508496315e-08
Zo_SA_chr01A_2435-Zo_SB_chr01B_2447	1010.10795221863	2.57950014493326	0.439531258805392	5.86875243400007	4.39086487949265e-09	7.87219346251897e-08
Zo_SA_chr02A_59-Zo_SB_chr02B_61	3084.24323569327	-1.04825643931148	0.178701107993354	-5.86597616031828	4.46497950941712e-09	7.97508886906751e-08
Zo_SA_chr02A_2046-Zo_SB_chr02B_1995	870.299623100851	-1.44218532627019	0.246316464600092	-5.85500984926707	4.76981747584462e-09	8.45623031312379e-08
Zo_SA_chr01A_1954-Zo_SB_chr01B_1992	140.459956580555	-2.53871307059464	0.433975337641854	-5.84990171190271	4.91863578095867e-09	8.65570997763538e-08
Zo_SA_chr02A_698-Zo_SB_chr02B_669	322.424356582989	2.04656986498033	0.351400453184747	5.82403877522706	5.74422396396817e-09	9.96152875787789e-08
Zo_SA_chr02A_974-Zo_SB_chr02B_946	377.987643693465	1.57211236381311	0.270000176759106	5.82263457262751	5.79271222733038e-09	1.0009219062369e-07
Zo_SA_chr01A_1243-Zo_SB_chr01B_1269	66.2139284189108	-2.84184465375112	0.492787642820728	-5.76687482966158	8.07549835138001e-09	1.38036027375381e-07
Zo_SA_chr01A_324-Zo_SB_chr01B_384	835.944178091673	-1.29612418028921	0.225802358739293	-5.74008255505288	9.46304086545363e-09	1.60602284296613e-07
Zo_SA_chr02A_2704-Zo_SB_chr02B_2670	358.656692531044	2.09035642417678	0.36426013090053	5.73863633939011	9.54419125486371e-09	1.61405135086685e-07
Zo_SA_chr02A_1086-Zo_SB_chr02B_1061	247.816560596193	-1.92063977798201	0.335365201647427	-5.72700974503968	1.02216299274336e-08	1.7203772409804e-07
Zo_SA_chr02A_2102-Zo_SB_chr02B_2062	176.64475975988	-2.1372661456627	0.373251722175601	-5.72607175984362	1.02782758519019e-08	1.7203772409804e-07
Zo_SA_chr01A_516-Zo_SB_chr01B_574	859.394702058135	1.59914914084055	0.279383710202878	5.7238453153883	1.04139575675707e-08	1.7365092181729e-07
Zo_SA_chr02A_3240-Zo_SB_chr02B_3235	197.00932969684	-2.35041189668143	0.411056196589144	-5.71798191143848	1.07796614576395e-08	1.7912266721771e-07
Zo_SA_chr01A_952-Zo_SB_chr01B_982	195.895118525169	1.90331014347658	0.334054821552273	5.69759818053919	1.21507010953958e-08	2.00507590048244e-07
Zo_SA_chr02A_1908-Zo_SB_chr02B_1864	723.648762481942	-1.91304058425743	0.336025649353955	-5.69313856824756	1.24725080697946e-08	2.04403405446222e-07
Zo_SA_chr01A_1511-Zo_SB_chr01B_1540	158.490368567176	-2.33577508822779	0.41118466428085	-5.68059874585301	1.34224032355099e-08	2.19217263801873e-07
Zo_SA_chr02A_2668-Zo_SB_chr02B_2614	1137.53569174979	2.26671446424241	0.399942705244242	5.66759796970954	1.44813257122197e-08	2.35704581302305e-07
Zo_SA_chr01A_2081-Zo_SB_chr01B_2103	690.448431610096	-1.41160597963087	0.249367622222082	-5.66074283041335	1.50719149918701e-08	2.44482865973567e-07
Zo_SA_chr01A_3622-Zo_SB_chr01B_3616	457.919233148872	-2.0566736047842	0.363662852662793	-5.65544044360024	1.55447125923195e-08	2.51297404585667e-07
Zo_SA_chr01A_1088-Zo_SB_chr01B_1109	726.90532884555	-1.53939117726462	0.273199593618553	-5.63467594104093	1.7538782203455e-08	2.82575852460395e-07
Zo_SA_chr01A_1702-Zo_SB_chr01B_1736	485.761173642617	1.29954184966621	0.230762092791105	5.63152220517692	1.78625972066895e-08	2.85861496908396e-07
Zo_SA_chr02A_2649-Zo_SB_chr02B_2599	162.865005286104	2.39437103634575	0.426576719603399	5.61299041019366	1.98859624332946e-08	3.1717777539927e-07
Zo_SA_chr02A_1533-Zo_SB_chr02B_1519	1487.86900317755	1.54913391578378	0.276279270349948	5.60713047280592	2.05708590648782e-08	3.27008089601347e-07
Zo_SA_chr01A_2608-Zo_SB_chr01B_2604	541.533171820825	-1.3765088590619	0.245645706977906	-5.6036349097919	2.09902597986203e-08	3.31465393972253e-07
Zo_SA_chr02A_3459-Zo_SB_chr02B_3488	1313.64529488898	-1.56685229260354	0.279590008104383	-5.60410689647597	2.09331494286138e-08	3.31465393972253e-07
Zo_SA_chr01A_1914-Zo_SB_chr01B_1945	62.1599260658291	2.94874711313134	0.527915261964371	5.58564475321107	2.32834755653756e-08	3.6525952293183e-07
Zo_SA_chr02A_1208-Zo_SB_chr02B_1184	74.168228133017	2.81024098816874	0.504275207745606	5.57283194772177	2.50631315774667e-08	3.91888768829307e-07
Zo_SA_chr02A_3472-Zo_SB_chr02B_3500	296.99117930855	-1.65731014393687	0.299222367130654	-5.53872412623892	3.04683147836338e-08	4.71764263646589e-07
Zo_SA_chr02A_1979-Zo_SB_chr02B_1938	301.791438702931	2.48216031593216	0.449540757449414	5.52154676700582	3.36028347151223e-08	5.169416734078e-07
Zo_SA_chr01A_65-Zo_SB_chr01B_117	354.229094105661	-1.55412688083581	0.281660482807611	-5.51773136701383	3.43403819611424e-08	5.26589329815717e-07
Zo_SA_chr01A_32-Zo_SB_chr01B_79	341.822727386769	2.28255456483524	0.413963054939485	5.51390888051329	3.50950347086333e-08	5.36436604248309e-07
Zo_SA_chr02A_2009-Zo_SB_chr02B_1956	108.919686379195	2.38610065901809	0.435122553151964	5.48374392854041	4.16417418418281e-08	6.34471140075648e-07
Zo_SA_chr01A_1819-Zo_SB_chr01B_1850	705.126941222245	-1.50028249191902	0.275133263515061	-5.45293023733894	4.95465105938926e-08	7.46527547908354e-07
Zo_SA_chr01A_4030-Zo_SB_chr01B_4005	280.73589872086	1.53175570242876	0.280919077529418	5.45265816725584	4.9622401486045e-08	7.46527547908354e-07
Zo_SA_chr02A_1955-Zo_SB_chr02B_1914	127.723580681131	2.02359542018969	0.372452698023839	5.43316085754377	5.53644559929327e-08	8.3029273783112e-07
Zo_SA_chr02A_3796-Zo_SB_chr02B_3799	290.355319232053	-2.18809408063704	0.404800885719003	-5.40535892541484	6.46787412628789e-08	9.57928313921334e-07
Zo_SA_chr02A_2485-Zo_SB_chr02B_2442	2277.39019023907	1.07050414864298	0.198270090909011	5.39922155548036	6.69306762027395e-08	9.88211748640449e-07
Zo_SA_chr01A_408-Zo_SB_chr01B_459	7629.58023091258	1.18114940980863	0.218998132539361	5.39342229138113	6.91282292489349e-08	1.01126541499439e-06
Zo_SA_chr02A_3607-Zo_SB_chr02B_3626	424.957312567242	1.53808180270879	0.285148951037211	5.39395918208402	6.89218812204425e-08	1.01126541499439e-06
Zo_SA_chr02A_432-Zo_SB_chr02B_421	1382.89070303656	-1.49627589579974	0.277536587531964	-5.39127438693976	6.99597549975031e-08	1.02029991309814e-06
Zo_SA_chr02A_1185-Zo_SB_chr02B_1159	74.9426827479747	-2.44860682402521	0.454237247620777	-5.3905901307095	7.02266824468732e-08	1.02107027008884e-06
Zo_SA_chr01A_2466-Zo_SB_chr01B_2479	1001.71860660961	-1.34767245658214	0.250426291851303	-5.3815134450114	7.38621856607192e-08	1.06742049519991e-06
Zo_SA_chr01A_2258-Zo_SB_chr01B_2270	107.091193044824	2.86512948757021	0.532598982049022	5.3795249036103	7.46826637471186e-08	1.0760169891541e-06
Zo_SA_chr02A_3481-Zo_SB_chr02B_3510	887.906265985384	1.28966179722096	0.240870284307067	5.35417559260597	8.59473671092171e-08	1.23458733055378e-06
Zo_SA_chr01A_2259-Zo_SB_chr01B_2271	561.56910820229	-1.16494172987174	0.217780775086793	-5.34914860784875	8.83689587910024e-08	1.25800467007251e-06
Zo_SA_chr02A_3399-Zo_SB_chr02B_3424	76.253163867064	2.80059584744685	0.525236943350993	5.33206181114975	9.71038721333152e-08	1.3782391851303e-06
Zo_SA_chr01A_1991-Zo_SB_chr01B_2023	291.722200620507	1.54591125028411	0.290088536616568	5.32910148161923	9.86998385577664e-08	1.39673451062904e-06
Zo_SA_chr01A_1531-Zo_SB_chr01B_1560	2812.08390213195	-1.39671903186202	0.262367296989578	-5.32352563710523	1.01775101422276e-07	1.4317565152886e-06
Zo_SA_chr01A_593-Zo_SB_chr01B_642	492.133517626018	1.50024403757466	0.282435209685135	5.31181660830166	1.08537801137958e-07	1.5224022753733e-06
Zo_SA_chr02A_1791-Zo_SB_chr02B_1765	309.834308637117	-1.57556605978193	0.298419213685182	-5.27970716203307	1.29390512814965e-07	1.80956995781399e-06
Zo_SA_chr02A_1225-Zo_SB_chr02B_1205	211.444580685451	-2.81029940020859	0.533011289431109	-5.27249507830889	1.34581447460569e-07	1.87666351736682e-06
Zo_SA_chr02A_181-Zo_SB_chr02B_171	260.774729242192	2.02772643427582	0.385191858230931	5.26419858298291	1.40802194175391e-07	1.95199320936756e-06
Zo_SA_chr02A_3624-Zo_SB_chr02B_3641	113.7684130989	2.30239307346386	0.438159862379504	5.25468732110767	1.48276163106175e-07	2.04372549668597e-06
Zo_SA_chr01A_564-Zo_SB_chr01B_616	928.67885942101	1.21921892623903	0.232622807688392	5.24118395076817	1.59549562672389e-07	2.18647087466846e-06
Zo_SA_chr01A_4144-Zo_SB_chr01B_4169	691.937763614989	-1.45484713208506	0.277820544339574	-5.23664344385863	1.63523161614857e-07	2.23450417690903e-06
Zo_SA_chr02A_2308-Zo_SB_chr02B_2278	282.127914931248	-1.67934567906763	0.320862787631876	-5.23384369830487	1.66020857710895e-07	2.25850303349979e-06
Zo_SA_chr02A_1462-Zo_SB_chr02B_1453	1326.81801158993	1.01715787782618	0.194442344228031	5.23115415967889	1.68454950946687e-07	2.27581207100496e-06
Zo_SA_chr02A_3626-Zo_SB_chr02B_3644	858.865102731829	-1.84031251581817	0.351947097791461	-5.228946416568	1.70478761862838e-07	2.2966475009149e-06
Zo_SA_chr01A_1075-Zo_SB_chr01B_1101	224.543668049437	1.83264879477261	0.350679369059307	5.22599547184274	1.73220598184124e-07	2.32701135983123e-06
Zo_SA_chr02A_1800-Zo_SB_chr02B_1776	72.2801054653594	-2.41118690958703	0.46604226168558	-5.17375162687233	2.29439775517647e-07	3.03943969289905e-06
Zo_SA_chr02A_238-Zo_SB_chr02B_228	1112.20548104338	-1.57951699060243	0.305373327276729	-5.17241307447612	2.31090013243402e-07	3.0528207012681e-06
Zo_SA_chr01A_1144-Zo_SB_chr01B_1167	4928.15210561282	-1.78639790467969	0.346395311016061	-5.1571076393608	2.50793645991934e-07	3.30396380589927e-06
Zo_SA_chr02A_1591-Zo_SB_chr02B_1575	635.318362415283	1.9616468136038	0.381342838097238	5.14405049113207	2.68877218522816e-07	3.53139747043732e-06
Zo_SA_chr02A_1683-Zo_SB_chr02B_1663	99.9478322705268	-2.05282347713829	0.401027962354236	-5.11890359237591	3.07316997070671e-07	3.98259445388595e-06
Zo_SA_chr01A_2008-Zo_SB_chr01B_2039	3237.94949054302	-1.19999568910449	0.234594294834686	-5.11519553342123	3.13416114431216e-07	4.01796088635073e-06
Zo_SA_chr02A_707-Zo_SB_chr02B_681	301.159681710797	2.24054017417989	0.437895486371307	5.11660942830558	3.11076840885264e-07	4.01796088635073e-06
Zo_SA_chr02A_1705-Zo_SB_chr02B_1685	498.791700042228	-1.35381831589735	0.264647121232399	-5.11556033405138	3.12810935221869e-07	4.01796088635073e-06
Zo_SA_chr02A_3102-Zo_SB_chr02B_3100	306.385725903392	-1.38326881048344	0.270416097397919	-5.11533456696533	3.13185334128569e-07	4.01796088635073e-06
Zo_SA_chr01A_3074-Zo_SB_chr01B_3082	345.850911337849	-1.65892453659716	0.324567078149504	-5.11119164043193	3.20133028328088e-07	4.09306812894545e-06
Zo_SA_chr02A_2846-Zo_SB_chr02B_2807	479.351448621534	1.17002997658471	0.229172013471368	5.10546623412589	3.29979909104897e-07	4.19646449739001e-06
Zo_SA_chr01A_4194-Zo_SB_chr01B_4218	2507.23208675808	-1.24319632943929	0.244195707279136	-5.09098355286899	3.56210927464008e-07	4.51800508796769e-06
Zo_SA_chr01A_1597-Zo_SB_chr01B_1619	282.944140878785	1.45063163095559	0.286010431042129	5.07195358459466	3.93752439553657e-07	4.94570593930721e-06
Zo_SA_chr02A_3333-Zo_SB_chr02B_3333	1221.69290403191	1.39656769170624	0.275359632727415	5.0717953022865	3.94080154526471e-07	4.94570593930721e-06
Zo_SA_chr01A_1880-Zo_SB_chr01B_1917	553.436021087212	1.4188568800145	0.280014107730921	5.06709069593716	4.03941848198158e-07	5.05616449883731e-06
Zo_SA_chr02A_2408-Zo_SB_chr02B_2373	259.034412580215	1.72376668041435	0.340312131636738	5.06525192658829	4.07860600522035e-07	5.09055986404154e-06
Zo_SA_chr02A_3712-Zo_SB_chr02B_3726	197.280957425592	1.67409880881746	0.330535870309294	5.06480221723272	4.08824581238815e-07	5.09055986404154e-06
Zo_SA_chr01A_446-Zo_SB_chr01B_502	522.347180584096	1.4375166001718	0.286295587618456	5.02109240358801	5.13784337288569e-07	6.33136306079892e-06
Zo_SA_chr01A_2236-Zo_SB_chr01B_2251	131.949570238749	2.10449680594803	0.419692225879546	5.01438119692984	5.32044139528306e-07	6.53948067373838e-06
Zo_SA_chr01A_39-Zo_SB_chr01B_89	535.599463029616	1.70761228559608	0.340980412383199	5.0079483265949	5.50132985083928e-07	6.72713898939808e-06
Zo_SA_chr01A_133-Zo_SB_chr01B_203	236.710448368343	-1.74728420479834	0.348878133920169	-5.0082938278905	5.49146569889086e-07	6.72713898939808e-06
Zo_SA_chr01A_664-Zo_SB_chr01B_714	607.887887839221	-1.50281391514299	0.300774623233403	-4.99647842290472	5.83867047874752e-07	7.12138606474346e-06
Zo_SA_chr01A_1920-Zo_SB_chr01B_1951	1360.96943200934	1.02036574053333	0.204460631031564	4.99052426565099	6.02156351673546e-07	7.32572357431413e-06
Zo_SA_chr01A_2215-Zo_SB_chr01B_2233	569.372530518912	-1.29233172926601	0.259179357597469	-4.98624481997958	6.15641254385687e-07	7.45175924407447e-06
Zo_SA_chr01A_1718-Zo_SB_chr01B_1748	134.280359555375	-2.18981191038372	0.43931686924536	-4.98458416619713	6.20952118110595e-07	7.49701430701121e-06
Zo_SA_chr02A_137-Zo_SB_chr02B_128	337.11268368425	1.71854886023463	0.345681029590694	4.97148733405905	6.64412057204779e-07	8.00146742628685e-06
Zo_SA_chr02A_712-Zo_SB_chr02B_683	62.6208262396982	-2.68907492192474	0.541552044674785	-4.96549675763776	6.85254379717546e-07	8.21458459396024e-06
Zo_SA_chr02A_2620-Zo_SB_chr02B_2566	132.758585258893	-1.95084131755484	0.392886087103092	-4.96541206622812	6.85553505639793e-07	8.21458459396024e-06
Zo_SA_chr02A_1442-Zo_SB_chr02B_1436	810.987970207987	-1.49168718002013	0.301006869429573	-4.95565826403554	7.20858180827753e-07	8.61597158989363e-06
Zo_SA_chr02A_507-Zo_SB_chr02B_492	77.4721752239872	2.42977604259373	0.492328938031081	4.93526960310494	8.00401169784681e-07	9.54278294675785e-06
Zo_SA_chr02A_1487-Zo_SB_chr02B_1476	568.468260583664	1.08363868404724	0.219946457628058	4.92682944628158	8.35746440181586e-07	9.91461386374623e-06
Zo_SA_chr02A_1481-Zo_SB_chr02B_1471	144.232820584256	2.26761311210374	0.460432907395401	4.92495882827161	8.437811825446e-07	9.98509295174987e-06
Zo_SA_chr01A_707-Zo_SB_chr01B_752	1812.1418463222	-1.12713023342789	0.229471873936696	-4.91184481170373	9.02234519096993e-07	1.0632471034445e-05
Zo_SA_chr02A_3013-Zo_SB_chr02B_3006	419.887521685471	-1.9763029127965	0.402367173291773	-4.91169022718313	9.02946271534961e-07	1.0632471034445e-05
Zo_SA_chr01A_1711-Zo_SB_chr01B_1741	44.6044990470688	-2.948722946998	0.604080220040015	-4.88134332026742	1.05365620004429e-06	1.23765675320473e-05
Zo_SA_chr01A_1720-Zo_SB_chr01B_1750	575.320982223954	1.33061077064235	0.273534398161923	4.86450983709431	1.14740800979732e-06	1.34446899231534e-05
Zo_SA_chr02A_1458-Zo_SB_chr02B_1449	1192.66047633807	1.03349962063183	0.213518195053935	4.84033513102134	1.29620353365396e-06	1.50770601268189e-05
Zo_SA_chr02A_2843-Zo_SB_chr02B_2804	442.815845977374	1.4530432077382	0.300488413920017	4.83560477018912	1.32741435770344e-06	1.54025281554446e-05
Zo_SA_chr02A_3306-Zo_SB_chr02B_3304	547.09852900669	-1.10983112366936	0.229701013210981	-4.83163355770648	1.35417328769142e-06	1.56705473606745e-05
Zo_SA_chr02A_3161-Zo_SB_chr02B_3164	2143.47007490801	-1.07612918840078	0.222858608421102	-4.82875306466685	1.37390653092917e-06	1.58264740241576e-05
Zo_SA_chr02A_865-Zo_SB_chr02B_760	146.706099827459	-2.66354627625082	0.551946022752172	-4.8257368772576	1.39486565862206e-06	1.60291911469123e-05
Zo_SA_chr02A_170-Zo_SB_chr02B_162	106.418455319424	-2.16217304248926	0.448978072316599	-4.81576534758828	1.4663676068227e-06	1.67700410478117e-05
Zo_SA_chr02A_1088-Zo_SB_chr02B_1078	333.425033890842	-1.56118330269627	0.324355645329918	-4.81318369257398	1.48544632694114e-06	1.69071444706021e-05
Zo_SA_chr01A_1985-Zo_SB_chr01B_2015	227.453805211753	-1.58953798488996	0.330350357058506	-4.81167327634658	1.49671890000425e-06	1.69948867479054e-05
Zo_SA_chr02A_1281-Zo_SB_chr02B_1274	4267.86812137875	1.09034786811143	0.227101444793531	4.80114897156521	1.5775785212008e-06	1.78704797330323e-05
Zo_SA_chr02A_3541-Zo_SB_chr02B_3575	396.362678121518	-1.62221096579998	0.337930693158447	-4.80042505354603	1.58329220857809e-06	1.7892702707841e-05
Zo_SA_chr01A_4226-Zo_SB_chr01B_4245	868.395892467467	-1.48242977499943	0.310701827862172	-4.7712296551311	1.83104621936827e-06	2.06436392911755e-05
Zo_SA_chr01A_795-Zo_SB_chr01B_837	2068.18515385239	-1.60887830119417	0.337401646997562	-4.76843641846774	1.85661248400508e-06	2.08825116420289e-05
Zo_SA_chr02A_3608-Zo_SB_chr02B_3627	179.88041477652	-1.92990691607238	0.405484469991174	-4.7595088317794	1.94064634097293e-06	2.17763350590586e-05
Zo_SA_chr01A_3433-Zo_SB_chr01B_3449	231.606919815114	-1.40917328365848	0.296525943262181	-4.75227653997385	2.01139012484864e-06	2.25171819375661e-05
Zo_SA_chr01A_2046-Zo_SB_chr01B_2075	76.2626734678874	-2.7447859856146	0.578361402930896	-4.74579730200729	2.07686614513173e-06	2.31957251665883e-05
Zo_SA_chr01A_94-Zo_SB_chr01B_159	882.51087838543	-2.64453992239008	0.558679201504358	-4.73355713845999	2.20618818896931e-06	2.45825034420436e-05
Zo_SA_chr01A_3353-Zo_SB_chr01B_3372	750.429604596228	1.32874010603016	0.281807658659852	4.71506030868374	2.41639166448534e-06	2.67994694137921e-05
Zo_SA_chr02A_1509-Zo_SB_chr02B_1495	195.199587359049	-1.77109551030638	0.376168400205669	-4.70825170146678	2.49850468333835e-06	2.75818723028718e-05
Zo_SA_chr02A_3638-Zo_SB_chr02B_3658	144.085327371558	2.30355955271684	0.48958124361453	4.70516299952565	2.53663201879736e-06	2.79381018421353e-05
Zo_SA_chr01A_561-Zo_SB_chr01B_614	142.377674179289	-2.33551795252375	0.499321684711687	-4.67738138365111	2.90561547221673e-06	3.15485820859065e-05
Zo_SA_chr02A_1626-Zo_SB_chr02B_1608	195.719129975913	1.80692486451885	0.386341136749886	4.67701907107201	2.91075196431094e-06	3.15485820859065e-05
Zo_SA_chr01A_1446-Zo_SB_chr01B_1475	258.353654554176	-1.36251419150593	0.29277880647857	-4.65373231038723	3.25979951607249e-06	3.50992363241085e-05
Zo_SA_chr02A_1472-Zo_SB_chr02B_1462	1173.30071892164	1.64447869427675	0.35334561939151	4.65402315474769	3.25520224305873e-06	3.50992363241085e-05
Zo_SA_chr02A_3439-Zo_SB_chr02B_3471	692.10145830628	1.55167599554167	0.333496905304135	4.65274481071004	3.27545508013074e-06	3.51816335070799e-05
Zo_SA_chr01A_1395-Zo_SB_chr01B_1421	938.149297066547	1.01454333186209	0.218285933211007	4.64777238248044	3.35538867643219e-06	3.5959210332371e-05
Zo_SA_chr01A_971-Zo_SB_chr01B_1003	1717.41400565907	1.05125560490382	0.227525209875131	4.62039176001973	3.8301612556775e-06	4.08636219873064e-05
Zo_SA_chr02A_80-Zo_SB_chr02B_78	250.089988773368	2.4677171032606	0.535632968398115	4.60710458252906	4.08314666346799e-06	4.33686557640955e-05
Zo_SA_chr01A_4183-Zo_SB_chr01B_4208	3970.72312815617	1.7717428898499	0.385544968170302	4.595424752288	4.31868625892148e-06	4.5666995052764e-05
Zo_SA_chr01A_4145-Zo_SB_chr01B_4170	723.582144339472	-1.48237207604281	0.322660282142371	-4.59421923950566	4.34372516499515e-06	4.58301444952696e-05
Zo_SA_chr02A_1662-Zo_SB_chr02B_1642	167.942977185621	-1.64963871750546	0.362807043064433	-4.54687622261095	5.44479974332667e-06	5.6571350710076e-05
Zo_SA_chr02A_1410-Zo_SB_chr02B_1394	304.695606954729	2.38785858379607	0.526063483420065	4.53910727327438	5.64928922037278e-06	5.85683919390386e-05
Zo_SA_chr02A_2727-Zo_SB_chr02B_2693	230.377964384315	1.85781716320975	0.410237172957117	4.52864168748538	5.93640681786486e-06	6.14115490550922e-05
Zo_SA_chr01A_1576-Zo_SB_chr01B_1594	1842.74643050989	-1.02831054677195	0.228346774492695	-4.50328474775477	6.69111357059055e-06	6.86234852003147e-05
Zo_SA_chr02A_1169-Zo_SB_chr02B_1142	107.60014521785	-2.84678398622304	0.633596322829235	-4.49305635725777	7.02081949593306e-06	7.15433508036426e-05
Zo_SA_chr02A_2736-Zo_SB_chr02B_2701	304.303662821328	1.32928859982782	0.297530272351012	4.46774235550588	7.90494310854977e-06	8.03809673447204e-05
Zo_SA_chr01A_985-Zo_SB_chr01B_1015	121.463851390119	-1.86467160044812	0.417453796908555	-4.46677360286792	7.94080865210381e-06	8.05738648125171e-05
Zo_SA_chr01A_2382-Zo_SB_chr01B_2390	1836.38895797624	-1.10250593852918	0.247423913071486	-4.45593930207805	8.35266641822705e-06	8.42153618362047e-05
Zo_SA_chr02A_1798-Zo_SB_chr02B_1772	186.301082062203	1.55291506060879	0.348472366884408	4.45635065555689	8.33666299079352e-06	8.42153618362047e-05
Zo_SA_chr02A_3478-Zo_SB_chr02B_3506	3365.3782874916	-1.25110621693185	0.281058251922891	-4.45141250389294	8.53072910302646e-06	8.56485201943856e-05
Zo_SA_chr02A_28-Zo_SB_chr02B_30	546.562598080796	-1.61960925947032	0.364099448302151	-4.44826067994003	8.65684300189708e-06	8.67321098236285e-05
Zo_SA_chr01A_2795-Zo_SB_chr01B_2788	665.748435832777	-1.1517873818008	0.259473203166075	-4.43894540070715	9.04007439682514e-06	9.01927087833872e-05
Zo_SA_chr01A_4084-Zo_SB_chr01B_4105	952.907258994705	-1.10361827248176	0.248880849057866	-4.43432380056356	9.23617220183209e-06	9.19567958883867e-05
Zo_SA_chr01A_2701-Zo_SB_chr01B_2693	711.477498551946	-1.14006017717399	0.257600065131263	-4.42569832656315	9.61307896613693e-06	9.55099449781397e-05
Zo_SA_chr01A_2653-Zo_SB_chr01B_2653	242.336331476491	-2.23674764110044	0.506419120882639	-4.41679144579298	1.0017679983684e-05	9.91168378468648e-05
Zo_SA_chr02A_2237-Zo_SB_chr02B_2207	415.69534024035	-1.81147726716999	0.412258420892243	-4.39403339111775	1.11266714068422e-05	0.000109634495742211
Zo_SA_chr01A_2723-Zo_SB_chr01B_2713	1242.94110154435	1.30817249226329	0.298173122521838	4.38729178941165	1.14770773661114e-05	0.000112853983420588
Zo_SA_chr02A_577-Zo_SB_chr02B_562	429.642868934718	1.70374625188915	0.388378407939342	4.38682021724352	1.15019783186754e-05	0.000112866120579759
Zo_SA_chr02A_1921-Zo_SB_chr02B_1876	166.441613988157	2.08655353879143	0.477157431568816	4.37288282806616	1.2261654136766e-05	0.000120073569975846
Zo_SA_chr01A_3785-Zo_SB_chr01B_3768	229.274668946791	1.73575317453931	0.3970936409209	4.37114321577631	1.23597686034059e-05	0.000120786345224678
Zo_SA_chr02A_2998-Zo_SB_chr02B_2990	488.761342980341	-1.68763424495899	0.389019594871598	-4.3381728509486	1.43672144425647e-05	0.000139262694464616
Zo_SA_chr01A_2794-Zo_SB_chr01B_2787	198.502347566859	-1.29490463543752	0.301247909887718	-4.29846844720071	1.71982378051564e-05	0.000166029141888241
Zo_SA_chr02A_971-Zo_SB_chr02B_943	769.725134189525	1.10625525578328	0.258686342470387	4.27643471711275	1.89910213066024e-05	0.000181863816488327
Zo_SA_chr02A_870-Zo_SB_chr02B_839	659.04463970262	-1.10198350690847	0.258598387870609	-4.26137036654634	2.03177196206888e-05	0.000194178767276683
Zo_SA_chr01A_386-Zo_SB_chr01B_444	682.299847322668	-2.21186390074888	0.519395728306611	-4.25853309953131	2.05772754556547e-05	0.000196120102378719
Zo_SA_chr01A_923-Zo_SB_chr01B_956	822.925997304055	1.33083491013553	0.312530749997567	4.25825270040112	2.06030973562043e-05	0.000196120102378719
Zo_SA_chr01A_2488-Zo_SB_chr01B_2494	255.735265685339	1.56417316374268	0.367801553434876	4.25276388621789	2.11148173056654e-05	0.000200590764403821
Zo_SA_chr02A_1341-Zo_SB_chr02B_1322	357.767402484923	-1.30534125915523	0.307591733329944	-4.24374623148612	2.19818925295386e-05	0.000207999296574146
Zo_SA_chr02A_235-Zo_SB_chr02B_221	454.577786282132	1.32151255931665	0.311439251423386	4.24324343600517	2.20312220844424e-05	0.000208053263605358
Zo_SA_chr02A_1505-Zo_SB_chr02B_1491	336.306041184113	-1.06064842407644	0.250021500602282	-4.24222885440422	2.21310842856011e-05	0.000208583282525754
Zo_SA_chr01A_3329-Zo_SB_chr01B_3345	1156.02849512757	-1.07831696240685	0.254569524553047	-4.23584466483204	2.27694148359979e-05	0.000212916351672302
Zo_SA_chr02A_728-Zo_SB_chr02B_700	285.413105821064	-1.67391167933639	0.395376700124604	-4.23371351627157	2.29863734250735e-05	0.000214524490927937
Zo_SA_chr02A_2268-Zo_SB_chr02B_2239	71.5579651023817	-2.14056525341168	0.506221720947674	-4.22851324791918	2.35240666883063e-05	0.000218686694028329
Zo_SA_chr01A_1039-Zo_SB_chr01B_1076	176.017581683424	1.61218152855124	0.381813113831524	4.2224362394808	2.41675777888407e-05	0.000224231864737318
Zo_SA_chr01A_1588-Zo_SB_chr01B_1609	925.681799730264	1.15087940780175	0.273068776539571	4.21461370423276	2.50206074011567e-05	0.000231246660263792
Zo_SA_chr02A_1960-Zo_SB_chr02B_1919	237.904306098294	-1.37644219365225	0.327143354954477	-4.2074588183024	2.58258448244823e-05	0.000238227183690437
Zo_SA_chr01A_2480-Zo_SB_chr01B_2490	258.097302006278	-1.90553681040737	0.453246355406243	-4.20419665305293	2.62011067672033e-05	0.000240757376055477
Zo_SA_chr01A_30-Zo_SB_chr01B_77	279.35289856069	-1.2379348337352	0.294735844489389	-4.20015025956494	2.66737901006834e-05	0.000244159894414892
Zo_SA_chr02A_1812-Zo_SB_chr02B_1788	405.232083384324	1.56216530098843	0.372493252299688	4.19380832093999	2.74309799136632e-05	0.000250130675350402
Zo_SA_chr01A_360-Zo_SB_chr01B_413	358.165409742023	1.48459906872303	0.354109443980859	4.19248651499755	2.75913488026775e-05	0.000250928111144919
Zo_SA_chr02A_3392-Zo_SB_chr02B_3415	120.041354882256	2.49538652555033	0.595242116661379	4.19222104031645	2.76236649928879e-05	0.000250928111144919
Zo_SA_chr02A_1858-Zo_SB_chr02B_1825	232.284868001542	1.8421317548643	0.439777119694864	4.18878489208908	2.8045207635144e-05	0.000254272994699623
Zo_SA_chr01A_2022-Zo_SB_chr01B_2048	182.310906031542	1.91943017677488	0.458916627855482	4.18252479920891	2.88289559628289e-05	0.00026038880868699
Zo_SA_chr02A_555-Zo_SB_chr02B_539	413.044998593763	1.23884186358939	0.296301848488155	4.18101294308636	2.90213342050877e-05	0.000261630893807303
Zo_SA_chr02A_109-Zo_SB_chr02B_106	174.148704956585	-1.52381777151623	0.364604896260264	-4.1793672744002	2.92321264842082e-05	0.000263033983402243
Zo_SA_chr02A_2073-Zo_SB_chr02B_2027	650.589420353918	-1.17315004396653	0.281290329973707	-4.17060211090863	3.03795891204621e-05	0.000272331316758428
Zo_SA_chr02A_3283-Zo_SB_chr02B_3281	146.115331042239	-1.39447527540634	0.334777425434765	-4.16538024807192	3.10834049906802e-05	0.000278117745592034
Zo_SA_chr01A_4105-Zo_SB_chr01B_4126	792.838136951209	-1.05596679941944	0.255074703093637	-4.13983349431478	3.47557996437954e-05	0.000307514672544082
Zo_SA_chr01A_4077-Zo_SB_chr01B_4101	896.903269663587	-1.14876936892025	0.277957030979656	-4.13290271834977	3.58210367318939e-05	0.000315768066865808
Zo_SA_chr02A_988-Zo_SB_chr02B_959	131.16423673864	-1.60706389846774	0.391068147663612	-4.10942161377483	3.96651322263955e-05	0.000348366511211198
Zo_SA_chr02A_1954-Zo_SB_chr02B_1912	401.263835624718	-1.15404220368381	0.280817966300614	-4.10957396667568	3.9638973641166e-05	0.000348366511211198
Zo_SA_chr02A_2529-Zo_SB_chr02B_2477	172.035873893022	1.87638315767259	0.457268797328451	4.10345767879893	4.07020935633975e-05	0.000356816698904122
Zo_SA_chr02A_574-Zo_SB_chr02B_559	838.770228791692	1.00683021692696	0.245791571683699	4.09627641025304	4.19848600323945e-05	0.000366043505474386
Zo_SA_chr01A_769-Zo_SB_chr01B_815	565.286669931611	1.27158115466636	0.310882778253222	4.09022706825731	4.30951070768778e-05	0.00037503752855772
Zo_SA_chr01A_2069-Zo_SB_chr01B_2093	798.748426929581	1.06816769437103	0.261476095903263	4.08514472682892	4.40493518177912e-05	0.000382643640836149
Zo_SA_chr02A_35-Zo_SB_chr02B_39	239.739077676656	-1.29546422639338	0.317608048339737	-4.0788142276787	4.52659893601811e-05	0.000391784942393292
Zo_SA_chr01A_2361-Zo_SB_chr01B_2376	78.0257595986782	2.0240288444901	0.497572263009331	4.06780882891002	4.74572897590975e-05	0.0004085267416266
Zo_SA_chr02A_2396-Zo_SB_chr02B_2363	165.797244457982	2.81631139123044	0.692280517135941	4.06816503067558	4.73848175978344e-05	0.0004085267416266
Zo_SA_chr01A_534-Zo_SB_chr01B_590	336.797349904488	1.5819334311449	0.389811845272707	4.05819743635087	4.94529511294522e-05	0.000424938962047491
Zo_SA_chr01A_1743-Zo_SB_chr01B_1769	38.5349345948847	-2.87300970627523	0.708185500189944	-4.05686039251672	4.97367912132776e-05	0.000426609275712447
Zo_SA_chr02A_226-Zo_SB_chr02B_211	549.823654747412	-1.14312341788257	0.282328176548602	-4.0489172276639	5.14551375868398e-05	0.000439766220701862
Zo_SA_chr02A_3755-Zo_SB_chr02B_3764	303.333289321267	-1.96329092733915	0.485399561443774	-4.04469036086379	5.23923230418799e-05	0.000446176765333438
Zo_SA_chr02A_597-Zo_SB_chr02B_582	214.191228109925	1.51283316854524	0.375311436114853	4.03087415668911	5.55697920690629e-05	0.000472392760030947
Zo_SA_chr01A_445-Zo_SB_chr01B_501	331.679490062152	1.01068645756166	0.250906628863143	4.02813772653627	5.62204077392686e-05	0.000477073175282157
Zo_SA_chr02A_2880-Zo_SB_chr02B_2837	101.717768097115	-1.59866248148601	0.39735386100017	-4.02327154305749	5.73952571476233e-05	0.000486177586744255
Zo_SA_chr01A_913-Zo_SB_chr01B_947	1078.52888502779	-1.13966389971333	0.28449600899943	-4.00590470046141	6.17805560429121e-05	0.000519632225341531
Zo_SA_chr01A_2025-Zo_SB_chr01B_2051	474.489801780396	1.0696545449539	0.268850780450151	3.97861796481647	6.93170172562745e-05	0.000576751606917325
Zo_SA_chr02A_48-Zo_SB_chr02B_52	479.796634571506	-1.05527601493401	0.265259957681975	-3.9782710672042	6.94182055715128e-05	0.000576751606917325
Zo_SA_chr01A_3617-Zo_SB_chr01B_3612	4309.12103097798	-1.5428217962173	0.388013489961395	-3.9762065910925	7.00232996696878e-05	0.000580767158477811
Zo_SA_chr01A_2211-Zo_SB_chr01B_2229	1186.28006246341	-1.23517397298891	0.311676833688713	-3.96299576831089	7.40150941665418e-05	0.000609633823972777
Zo_SA_chr02A_1485-Zo_SB_chr02B_1474	366.656662730419	-1.24638013852659	0.315195733237752	-3.95430523669699	7.67573676250612e-05	0.000630044554567843
Zo_SA_chr01A_3787-Zo_SB_chr01B_3770	860.136722402834	-1.19313642126865	0.302426061521404	-3.94521694084953	7.97277635743891e-05	0.000653301897742718
Zo_SA_chr01A_171-Zo_SB_chr01B_238	312.905005837628	1.33133335918777	0.338489373080182	3.93316146699943	8.38358809357697e-05	0.000683673271583278
Zo_SA_chr02A_3729-Zo_SB_chr02B_3748	161.721067258726	-1.65386336293485	0.421330881596676	-3.92533145604558	8.66103956169219e-05	0.000704854909039421
Zo_SA_chr02A_1374-Zo_SB_chr02B_1356	1658.87227963838	1.12223757398445	0.287000465147414	3.91022911202609	9.22086177589613e-05	0.000747862071585862
Zo_SA_chr01A_2853-Zo_SB_chr01B_2849	132.463169398482	1.89801588242897	0.486010643925989	3.90529694390398	9.41097528464788e-05	0.000761985418208586
Zo_SA_chr01A_3573-Zo_SB_chr01B_3571	92.7996656829839	2.67273376208878	0.687037317988779	3.8902308391528	0.000100148907094107	0.000806773881641545
Zo_SA_chr01A_1064-Zo_SB_chr01B_1091	159.170304962279	1.29734845721864	0.333976117529835	3.88455458077102	0.000102517661170232	0.000823075296499723
Zo_SA_chr02A_1890-Zo_SB_chr02B_1852	136.968086428345	1.68837770133727	0.43478689830401	3.88323040073927	0.000103077810393518	0.000824795432494444
Zo_SA_chr01A_88-Zo_SB_chr01B_152	135.296470183826	1.83922795865984	0.473689248245161	3.88277328538379	0.000103271847259208	0.000824963885392231
Zo_SA_chr01A_3630-Zo_SB_chr01B_3623	198.60811251029	1.80376745482542	0.464830799680096	3.88048179265833	0.000104249749354121	0.000831383034564888
Zo_SA_chr01A_2021-Zo_SB_chr01B_2045	96.487995704472	-2.73943130164143	0.706506838838142	-3.87743069288112	0.000105565386034856	0.000840469659432765
Zo_SA_chr01A_934-Zo_SB_chr01B_966	5194.74032407118	-1.06171805535845	0.273924596485739	-3.87595005698486	0.0001062094692993	0.000844188265147268
Zo_SA_chr02A_2781-Zo_SB_chr02B_2744	262.196221463737	-1.157597950634	0.298820874355205	-3.87388582920073	0.000107113608528185	0.000849958068337631
Zo_SA_chr01A_1219-Zo_SB_chr01B_1250	150.098896927228	-1.66942709450105	0.431407810998095	-3.86971921217351	0.000108960771825076	0.000861747795744257
Zo_SA_chr02A_1250-Zo_SB_chr02B_1239	1055.50592362297	1.11806029171722	0.288924486130884	3.86973186900723	0.000108955115506052	0.000861747795744257
Zo_SA_chr01A_2703-Zo_SB_chr01B_2695	85.2512110291742	-2.0137235592479	0.520998963759106	-3.86512008530402	0.000111034556600571	0.000876695033821392
Zo_SA_chr02A_3573-Zo_SB_chr02B_3595	794.545605935698	-1.36446788888256	0.353274765231266	-3.8623417893699	0.000112305294550137	0.000883801897210565
Zo_SA_chr01A_54-Zo_SB_chr01B_110	427.246799033876	-1.09383026457506	0.283266661816729	-3.86148605543551	0.000112699445628091	0.00088398627664534
Zo_SA_chr02A_360-Zo_SB_chr02B_360	331.715371979876	-1.44581463977807	0.374413400932745	-3.86154618444807	0.000112671707636269	0.00088398627664534
Zo_SA_chr01A_413-Zo_SB_chr01B_465	449.783550507887	1.20658179393865	0.312988413899336	3.85503660952355	0.000115712312154706	0.000901868087434905
Zo_SA_chr02A_3318-Zo_SB_chr02B_3315	536.362857285752	-1.04816969916047	0.271899650907147	-3.85498729278771	0.0001157356404928	0.000901868087434905
Zo_SA_chr02A_1476-Zo_SB_chr02B_1465	149.754762295436	2.32034248916452	0.602158084390089	3.85337762510444	0.000116499502563725	0.000906339523207841
Zo_SA_chr01A_2802-Zo_SB_chr01B_2793	533.879190791155	1.34507524677158	0.349784489262286	3.84543994391636	0.000120336335989282	0.000934664472854859
Zo_SA_chr02A_1768-Zo_SB_chr02B_1739	288.226880039308	1.25672647345192	0.327525584154458	3.83703299605218	0.000124529745439256	0.000965662367479372
Zo_SA_chr02A_209-Zo_SB_chr02B_195	114.85808574093	2.09665142554057	0.546588650758542	3.83588540053089	0.000125112740824314	0.000968608215894733
Zo_SA_chr01A_2129-Zo_SB_chr01B_2151	124.770122856071	-2.1815064210415	0.570109783335616	-3.82646726088066	0.000129995429463957	0.00100315243222267
Zo_SA_chr01A_2033-Zo_SB_chr01B_2060	914.179923578078	1.39666725167618	0.365606657361635	3.82013626818256	0.000133377964791914	0.00102099440464308
Zo_SA_chr01A_1181-Zo_SB_chr01B_1197	35.3728137335988	-2.68874508416138	0.704014604033333	-3.81916095029482	0.000133906373563351	0.0010233966274417
Zo_SA_chr02A_2269-Zo_SB_chr02B_2240	76.5857598981149	2.20404660975334	0.578651546816338	3.80893582999943	0.000139566169548436	0.00106154874414113
Zo_SA_chr01A_1018-Zo_SB_chr01B_1054	383.950949651052	1.43638623042118	0.377692145659789	3.80306089741942	0.000142919205307044	0.00108532116259441
Zo_SA_chr01A_476-Zo_SB_chr01B_537	1635.13603697282	-1.13095805958929	0.297595476107118	-3.80032006663371	0.00014450931651755	0.00109565171776183
Zo_SA_chr02A_3593-Zo_SB_chr02B_3614	192.554050104199	-1.29359530802076	0.340533125585	-3.79873560258931	0.000145436137966821	0.00110092847930757
Zo_SA_chr01A_2130-Zo_SB_chr01B_2152	494.631933060874	1.0871242116691	0.28705019822397	3.78722682790441	0.000152338021254275	0.001151347105169
Zo_SA_chr01A_3601-Zo_SB_chr01B_3593	156.666970497494	-1.49690483904873	0.395448563361923	-3.78533386573143	0.000153502355399602	0.00115648141058563
Zo_SA_chr02A_1414-Zo_SB_chr02B_1400	243.031997326462	1.48387653394392	0.392507919477335	3.78050087733224	0.000156513167831232	0.00117450198865503
Zo_SA_chr01A_3710-Zo_SB_chr01B_3700	123.257817404124	1.69404093448814	0.451968432938309	3.74813993861239	0.000178150854226826	0.00132750222469958
Zo_SA_chr02A_2954-Zo_SB_chr02B_2934	194.420151008389	1.49352129160033	0.400832814669795	3.72604546569046	0.000194507334821376	0.0014426212749038
Zo_SA_chr01A_2045-Zo_SB_chr01B_2074	381.877318039658	1.04718985429243	0.281189568249518	3.72414190473519	0.000195980673017086	0.00144904159630773
Zo_SA_chr02A_102-Zo_SB_chr02B_99	45.3325621719082	2.85305382851595	0.76607842172097	3.72423207288186	0.000195910647774149	0.00144904159630773
Zo_SA_chr01A_1397-Zo_SB_chr01B_1422	431.755483342656	-1.33317870605938	0.358252948650855	-3.72133351890055	0.00019817349655206	0.00146298669513433
Zo_SA_chr02A_44-Zo_SB_chr02B_48	184.820685748558	-1.69996278495352	0.458415958041793	-3.70834120220251	0.000208621425821104	0.00153299781161917
Zo_SA_chr02A_2203-Zo_SB_chr02B_2172	482.753970011578	1.5685986033269	0.424041581034192	3.69916223664022	0.00021631230178972	0.00158706671882335
Zo_SA_chr02A_478-Zo_SB_chr02B_463	135.261874607452	-2.08317091320382	0.564299771995194	-3.6916033225361	0.00022284483403855	0.00162748394108705
Zo_SA_chr01A_2526-Zo_SB_chr01B_2542	186.680638292611	-1.19303131896746	0.324418195540373	-3.6774488464812	0.000235578299113703	0.00171261114096532
Zo_SA_chr02A_1978-Zo_SB_chr02B_1937	485.436494558396	1.65518915932648	0.450295681646533	3.6757828839801	0.000237121125883768	0.0017212034236525
Zo_SA_chr02A_2313-Zo_SB_chr02B_2284	563.934974163482	1.16836487061173	0.317896475625093	3.67529985450239	0.000237570223176423	0.00172184254457198
Zo_SA_chr02A_3401-Zo_SB_chr02B_3429	120.434085184051	1.35653181302105	0.369275079265429	3.67349948368976	0.000239251160891223	0.00173139421288353
Zo_SA_chr01A_2270-Zo_SB_chr01B_2288	665.677146823837	-1.38373588938995	0.377172313888387	-3.66871013178189	0.000243777283775766	0.00176147555504034
Zo_SA_chr02A_2164-Zo_SB_chr02B_2140	220.498876409032	1.80354459972619	0.49173564478115	3.66771174485199	0.000244730860231511	0.00176569057858408
Zo_SA_chr01A_276-Zo_SB_chr01B_330	163.804265244171	-1.54250764851565	0.420631015108874	-3.66712770363925	0.000245290308988547	0.00176705360055344
Zo_SA_chr02A_2606-Zo_SB_chr02B_2551	265.055759670938	-1.36108070594476	0.371264759113233	-3.66606491064681	0.000246311429549662	0.00177173334467924
Zo_SA_chr02A_3727-Zo_SB_chr02B_3747	367.420322138237	-1.1050693217696	0.301487370237667	-3.66539175720181	0.000246960249568331	0.00177372504546893
Zo_SA_chr01A_3499-Zo_SB_chr01B_3512	403.106439607659	1.02923296105437	0.28178945929752	3.65248921524663	0.000259710506897414	0.00185135935335391
Zo_SA_chr01A_1592-Zo_SB_chr01B_1613	376.065373393481	1.06631686634257	0.292265435068664	3.64845355760955	0.000263823581761125	0.00187228372234942
Zo_SA_chr02A_3169-Zo_SB_chr02B_3173	163.9834335447	1.31030921978159	0.359281265629703	3.64702906923089	0.00026528992152436	0.00187747156460118
Zo_SA_chr01A_3018-Zo_SB_chr01B_3016	215.46678037758	-1.07710864031811	0.296454741875454	-3.63329874065776	0.000279820723602821	0.00197698523090645
Zo_SA_chr02A_1489-Zo_SB_chr02B_1478	2189.16611549581	-1.6735848487558	0.461866420359239	-3.6235257099966	0.000290614301521077	0.00204415870789678
Zo_SA_chr02A_3171-Zo_SB_chr02B_3175	285.028266447839	-1.39811536834588	0.386040402017673	-3.62168146400871	0.000292694384497546	0.00205575776092606
Zo_SA_chr02A_3335-Zo_SB_chr02B_3334	260.10036512737	1.33942481585007	0.370121953734293	3.61887427194234	0.000295887339113008	0.0020751275297499
Zo_SA_chr01A_3548-Zo_SB_chr01B_3549	125.955810856929	1.52612270169823	0.422046933326087	3.61600234758511	0.000299187662402441	0.00209519230836599
Zo_SA_chr02A_3428-Zo_SB_chr02B_3461	244.422119810286	1.34520022601824	0.37399596496331	3.59683085391098	0.000322117795627606	0.00223932910692136
Zo_SA_chr01A_2302-Zo_SB_chr01B_2323	183.793718220189	-1.38090216147967	0.384377349117542	-3.59256903313882	0.00032743387242402	0.00227297254379935
Zo_SA_chr01A_3789-Zo_SB_chr01B_3772	182.90791798384	-1.31721954285829	0.367157281911151	-3.58761655495925	0.000333714569884083	0.00231320462758313
Zo_SA_chr02A_3795-Zo_SB_chr02B_3798	711.184290719157	-1.65027099925672	0.460307867352172	-3.58514619519663	0.000336889434693666	0.00233182251676936
Zo_SA_chr02A_2478-Zo_SB_chr02B_2438	95.2224542010435	1.5694851191015	0.437846638400809	3.58455445686163	0.000337654111068367	0.00233372819664499
Zo_SA_chr02A_1944-Zo_SB_chr02B_1902	220.750382973927	-1.17871972857607	0.328900856093769	-3.58381471722292	0.000338612326763529	0.00233696409021023
Zo_SA_chr02A_751-Zo_SB_chr02B_720	436.32355269744	-1.44224019928058	0.402674851984712	-3.58164954223497	0.000341431609956137	0.0023530163986717
Zo_SA_chr01A_613-Zo_SB_chr01B_661	101.417081832318	1.78134442310269	0.49785354909244	3.57804905950753	0.000346168485390409	0.00237878603289173
Zo_SA_chr01A_3491-Zo_SB_chr01B_3498	553.00998157225	-1.2455799372875	0.348170486101531	-3.57750006680427	0.000346896130769293	0.00238035632753778
Zo_SA_chr02A_591-Zo_SB_chr02B_575	620.403588257133	-1.34818653998739	0.377153138269002	-3.57463959116204	0.000350710663419103	0.00240307349690474
Zo_SA_chr01A_3928-Zo_SB_chr01B_3917	219.141471528756	1.5504846973479	0.43491204675414	3.56505346062398	0.000363782030260757	0.00248194063278047
Zo_SA_chr02A_602-Zo_SB_chr02B_586	567.827056096514	1.23237649809755	0.34606267073317	3.56113676024816	0.000369252681016619	0.00251566576538322
Zo_SA_chr02A_3376-Zo_SB_chr02B_3398	26.7974311988191	2.8623940781415	0.805181744870497	3.55496643630673	0.00037802734234972	0.00257177231906678
Zo_SA_chr01A_3222-Zo_SB_chr01B_3230	335.225741023343	1.56430939211099	0.44096341349767	3.547481138408	0.000388933599290562	0.00263844144383597
Zo_SA_chr01A_3333-Zo_SB_chr01B_3350	1347.44586930231	-1.166854967591	0.3290144394754	-3.54651598103567	0.000390361065332398	0.00264061265329107
Zo_SA_chr02A_1836-Zo_SB_chr02B_1810	651.721707155232	-1.08013367847326	0.305180125327464	-3.53933165639228	0.000401141530308352	0.00269442810991624
Zo_SA_chr02A_3544-Zo_SB_chr02B_3578	204.208216065686	1.39568206140786	0.395541380466308	3.52853615407438	0.000417864862573824	0.00279494744686475
Zo_SA_chr01A_150-Zo_SB_chr01B_214	1047.84827493842	-1.04327578838833	0.296100831725523	-3.52338013476238	0.000426079774269898	0.00284192229859181
Zo_SA_chr02A_1387-Zo_SB_chr02B_1369	164.647283215919	2.22138225556615	0.630425058958364	3.52362620108485	0.000425684322919787	0.00284192229859181
Zo_SA_chr02A_1290-Zo_SB_chr02B_1285	101.281674130005	1.55481153649464	0.441757237554615	3.51960625501334	0.000432187882548335	0.0028786368880908
Zo_SA_chr02A_2180-Zo_SB_chr02B_2152	114.739731044768	-1.43554313669553	0.408932634453258	-3.51046362101878	0.000447326012061844	0.0029753106715801
Zo_SA_chr01A_2036-Zo_SB_chr01B_2063	28.4849455963157	-2.92151306807151	0.833152574771667	-3.50657629411057	0.000453911290726041	0.00301071341512168
Zo_SA_chr02A_3476-Zo_SB_chr02B_3504	215.393882345048	-1.37319881434827	0.39207629685686	-3.50237651537909	0.000461127477187669	0.00305432908153888
Zo_SA_chr02A_236-Zo_SB_chr02B_226	791.163911653813	1.31384572800125	0.375194831974478	3.50176925702065	0.00046217970106467	0.00305705269677866
Zo_SA_chr02A_1379-Zo_SB_chr02B_1361	115.0104140485	-1.50433023925979	0.430815294268436	-3.49182180687034	0.000479738180163607	0.00315568466372447
Zo_SA_chr02A_162-Zo_SB_chr02B_155	391.107694458392	-1.30732968787899	0.374451716258441	-3.49131712078118	0.00048064538840297	0.00315729732409609
Zo_SA_chr01A_901-Zo_SB_chr01B_938	411.410541590563	1.04860020722995	0.301579881241288	3.47702307897319	0.000507014172984522	0.0033011985887883
Zo_SA_chr01A_1394-Zo_SB_chr01B_1420	216.034285674783	-1.1617077300108	0.3349270904695	-3.46853916290356	0.00052329624917939	0.0033956148434756
Zo_SA_chr02A_1502-Zo_SB_chr02B_1489	74.7317044248006	2.76655624841852	0.798291098347356	3.46559826878431	0.000529053147334505	0.0034280631245085
Zo_SA_chr02A_2802-Zo_SB_chr02B_2765	36.5187824617045	2.5798462872298	0.745292495340296	3.46152189021018	0.000537130436504858	0.00347567849618951
Zo_SA_chr02A_779-Zo_SB_chr02B_740	358.648909266969	1.10084155991292	0.318079762601424	3.4608978292415	0.000538377099090009	0.00347902491268327
Zo_SA_chr01A_928-Zo_SB_chr01B_961	144.416194577448	1.54639817573304	0.44814690070213	3.45065016250304	0.000559237963645316	0.00359434750488479
Zo_SA_chr02A_1901-Zo_SB_chr02B_1859	283.448342580157	1.1951174901486	0.346778361689824	3.44634389621338	0.000568226748743357	0.0036374139124256
Zo_SA_chr02A_2232-Zo_SB_chr02B_2202	123.636855692159	-1.52624824839502	0.444704880344738	-3.43204744506482	0.000599042748942296	0.00382441080281902
Zo_SA_chr01A_414-Zo_SB_chr01B_466	283.498545870401	1.21621214691078	0.355135886773133	3.42463882758129	0.000615617226846817	0.00390409382291552
Zo_SA_chr01A_779-Zo_SB_chr01B_820	30.0488567345895	2.85731121824271	0.835326300891507	3.42059290506384	0.000624847892257585	0.00395736998429804
Zo_SA_chr02A_1357-Zo_SB_chr02B_1342	112.384100517353	1.79211325889001	0.524675512515724	3.41566018642104	0.000636275938160904	0.00401907278025079
Zo_SA_chr02A_2676-Zo_SB_chr02B_2623	87.1595029401923	-1.50851173425098	0.442581111745138	-3.40844128729937	0.000653351432968495	0.00410518179687319
Zo_SA_chr01A_431-Zo_SB_chr01B_484	177.277022525226	-1.25581350580917	0.369268340588991	-3.40081552565845	0.000671851502696556	0.00420480290860876
Zo_SA_chr02A_388-Zo_SB_chr02B_381	624.263570510389	-1.18858342791654	0.350639533398491	-3.38975875422966	0.000699541554587673	0.00436664093433064
Zo_SA_chr02A_2539-Zo_SB_chr02B_2486	573.21365715842	1.45208649183387	0.429557575529468	3.38042342762561	0.000723742381930526	0.00450591046922543
Zo_SA_chr01A_3731-Zo_SB_chr01B_3720	251.149778177601	-1.51177814801255	0.449798403554186	-3.36101270272835	0.000776572539434816	0.00480346879450666
Zo_SA_chr01A_229-Zo_SB_chr01B_289	1192.17550456122	1.10206784207464	0.328372147367585	3.35615505428653	0.000790342447830809	0.00485830326437262
Zo_SA_chr01A_1182-Zo_SB_chr01B_1198	127.83828168435	-1.43620223801988	0.427900579416983	-3.35639236566755	0.000789664513473567	0.00485830326437262
Zo_SA_chr01A_2957-Zo_SB_chr01B_2954	261.257395831139	1.70053626214137	0.506701775786342	3.35608901212619	0.000790531208461555	0.00485830326437262
Zo_SA_chr02A_2613-Zo_SB_chr02B_2559	855.232512627727	1.13382808609576	0.337829207571698	3.35621687137611	0.000790165801133735	0.00485830326437262
Zo_SA_chr01A_2719-Zo_SB_chr01B_2710	117.911725149501	1.38120013179031	0.413023655014672	3.34411870850654	0.000825444091686548	0.00505982374454132
Zo_SA_chr02A_3475-Zo_SB_chr02B_3503	936.830394821429	-1.41065428905385	0.422700013372405	-3.33724685220449	0.000846127616314697	0.00517331102846768
Zo_SA_chr01A_3757-Zo_SB_chr01B_3739	27.6496190170102	2.68315944434095	0.806741022905388	3.32592414189854	0.000881259088890319	0.00537432812649352
Zo_SA_chr02A_732-Zo_SB_chr02B_706	218.450789542046	1.45101680429513	0.436915122157082	3.32104962888755	0.000896795890969777	0.00546209400259881
Zo_SA_chr01A_2839-Zo_SB_chr01B_2837	271.188049677125	-1.80419430369591	0.543710237932176	-3.31830114245702	0.000905667845442114	0.00550207637568591
Zo_SA_chr02A_5-Zo_SB_chr02B_6	242.23883567401	1.36992309954935	0.41394793761453	3.30940916735531	0.000934930965214232	0.00565967437769375
Zo_SA_chr01A_3853-Zo_SB_chr01B_3842	2679.58363373153	1.28146889116448	0.38791667985953	3.30346426874068	0.000954981386063902	0.0057565365025467
Zo_SA_chr02A_1581-Zo_SB_chr02B_1566	78.7566296097829	-1.62352503105181	0.491672207078031	-3.30204759935545	0.000959817807082377	0.00577222083477409
Zo_SA_chr01A_4069-Zo_SB_chr01B_4067	99.8940292831217	1.28772297110674	0.393321088476089	3.27397388249887	0.00106046412359105	0.00632960376145895
Zo_SA_chr02A_2897-Zo_SB_chr02B_2868	31.4028322213656	2.5212918172359	0.770882309606327	3.27065725314603	0.00107297868401334	0.00638830879408192
Zo_SA_chr01A_2-Zo_SB_chr01B_48	204.457615204837	1.06629455508713	0.326375639767379	3.26707764049767	0.0010866387474862	0.00646157130518914
Zo_SA_chr02A_3719-Zo_SB_chr02B_3739	25.2210119719046	-2.74080691013738	0.840913419914972	-3.25932116818222	0.0011167916313416	0.00661618042576448
Zo_SA_chr02A_1147-Zo_SB_chr02B_1120	558.94341920278	-1.03486835951801	0.318135425915267	-3.25291770490735	0.00114226573568205	0.00671697323485535
Zo_SA_chr02A_3515-Zo_SB_chr02B_3546	91.4444196727783	-1.5174013786948	0.467158989709913	-3.24814765875969	0.00116158973124269	0.00681380249482951
Zo_SA_chr02A_2398-Zo_SB_chr02B_2365	297.360062326045	-1.2740355506808	0.392366703721882	-3.24705317397132	0.00116606601825231	0.00683165705288114
Zo_SA_chr01A_1927-Zo_SB_chr01B_1958	150.298488686869	-1.27708670851775	0.393414424149358	-3.24616137621052	0.00116972512458238	0.0068362979401144
Zo_SA_chr01A_3623-Zo_SB_chr01B_3617	128.460700871678	2.08703642953899	0.64322107514948	3.24466425335019	0.00117589178740792	0.00686392647998575
Zo_SA_chr01A_1865-Zo_SB_chr01B_1901	57.1673380235217	2.68501837816766	0.828774238736723	3.23974642631311	0.00119636039862402	0.00697033145849496
Zo_SA_chr02A_3270-Zo_SB_chr02B_3267	444.384112268775	1.10083937549726	0.339835222127463	3.23933278194562	0.0011980969599017	0.00697033145849496
Zo_SA_chr02A_659-Zo_SB_chr02B_635	8270.8418835661	-1.17413499908232	0.362739331710739	-3.2368560463099	0.00120854359629645	0.00700309162908599
Zo_SA_chr02A_3521-Zo_SB_chr02B_3553	128.018865105854	1.23410373727511	0.381392468295267	3.23578423766798	0.00121309041539894	0.00702090799883198
Zo_SA_chr02A_2535-Zo_SB_chr02B_2480	349.131911644647	1.59364024615416	0.493101537232912	3.23187036709931	0.00122982834289006	0.00710915317241536
Zo_SA_chr02A_2636-Zo_SB_chr02B_2583	129.848268361946	-2.60607787738743	0.807815402349773	-3.2260809459771	0.00125497858449525	0.00724575407924677
Zo_SA_chr02A_740-Zo_SB_chr02B_713	1316.98645002872	1.20254225937873	0.372953744310098	3.22437373997474	0.00126248514579944	0.00728028012130295
Zo_SA_chr01A_163-Zo_SB_chr01B_227	145.889561133276	1.92212313319029	0.597267877715342	3.21819271537381	0.00129001112032472	0.00741212413593808
Zo_SA_chr02A_3430-Zo_SB_chr02B_3463	131.594672310403	-1.18452760536163	0.369026559604845	-3.20987087387428	0.00132794612242708	0.00761174886761389
Zo_SA_chr01A_1775-Zo_SB_chr01B_1805	170.735907492998	-1.37615580464832	0.42915291195898	-3.20667940563771	0.00134276547980645	0.00768745326914398
Zo_SA_chr01A_911-Zo_SB_chr01B_946	135.838069286206	-1.17704825968005	0.36715131732667	-3.20589414808712	0.00134643508174273	0.00769921931034904
Zo_SA_chr01A_1666-Zo_SB_chr01B_1689	201.369594086764	1.50494176570125	0.469844719210504	3.20306199935599	0.00135974704140712	0.00775673880439059
Zo_SA_chr02A_1795-Zo_SB_chr02B_1768	320.51164151656	-1.27709561615115	0.398793872478315	-3.2023952830935	0.00136289841369841	0.00776542716239872
Zo_SA_chr01A_1332-Zo_SB_chr01B_1357	233.996985631343	-1.19999515696192	0.374908040449704	-3.20077199604074	0.00137059940591459	0.00779998635657123
Zo_SA_chr02A_1016-Zo_SB_chr02B_991	192.970024974723	1.25111036778844	0.391312077513549	3.19721889428553	0.00138759584421172	0.00787791021553057
Zo_SA_chr02A_557-Zo_SB_chr02B_541	112.476633417013	1.8682535064025	0.585143462369198	3.19281274858323	0.00140894278930054	0.00798010470567014
Zo_SA_chr01A_3007-Zo_SB_chr01B_3005	179.86858435879	1.07318245582066	0.33684054482544	3.18602517513685	0.00144242045037302	0.00813109116764647
Zo_SA_chr01A_1787-Zo_SB_chr01B_1819	1001.59737414579	-1.26043024680214	0.396368674925283	-3.1799441442736	0.00147303442388188	0.00827432410776523
Zo_SA_chr02A_1231-Zo_SB_chr02B_1215	270.169575396134	1.01549073302452	0.3196078108892	3.1773026140984	0.00148651839480286	0.00833044209731473
Zo_SA_chr01A_334-Zo_SB_chr01B_394	1048.64033722514	1.29617674035693	0.408181129217558	3.17549403335126	0.00149581597739238	0.00836289143749622
Zo_SA_chr02A_2028-Zo_SB_chr02B_1976	178.546362805967	1.14540914672137	0.360691222099242	3.17559473739068	0.0014952968710448	0.00836289143749622
Zo_SA_chr01A_2379-Zo_SB_chr01B_2387	216.303154161731	1.16593596639786	0.367584211789519	3.17188804361785	0.0015145138119016	0.00844762148416226
Zo_SA_chr01A_1550-Zo_SB_chr01B_1575	415.735349981706	-1.27431783776951	0.402392016091922	-3.16685666417002	0.00154096251430243	0.00858510540970595
Zo_SA_chr01A_3053-Zo_SB_chr01B_3056	111.783028564133	-1.50202915483492	0.475004224532834	-3.16213851847773	0.00156615046277812	0.00867476371311132
Zo_SA_chr01A_3516-Zo_SB_chr01B_3526	49.3005445694083	-2.00543089389686	0.634165742107724	-3.16231351007952	0.00156520953608054	0.00867476371311132
Zo_SA_chr01A_3911-Zo_SB_chr01B_3897	150.593483237308	-1.37090205633351	0.434207755611302	-3.15724912468107	0.00159265215741819	0.00880111024186253
Zo_SA_chr01A_1188-Zo_SB_chr01B_1203	336.007150355691	-1.66351357692336	0.528082136575233	-3.15010386019063	0.00163212429617026	0.00899838239125546
Zo_SA_chr01A_1811-Zo_SB_chr01B_1839	189.946696765807	1.11269475783387	0.353537658675143	3.14731607943439	0.00164776732581168	0.0090741366937597
Zo_SA_chr02A_993-Zo_SB_chr02B_970	64.7801838703328	-2.2841469123904	0.727215368211341	-3.1409497271881	0.00168400936450243	0.00923108121760013
Zo_SA_chr01A_2778-Zo_SB_chr01B_2773	185.362530559486	1.34316429794191	0.42860323357096	3.13381746271762	0.00172548157350711	0.00941459802464592
Zo_SA_chr01A_1365-Zo_SB_chr01B_1387	326.807890981665	-1.36479120672121	0.436076474334338	-3.12970611130658	0.00174981268815312	0.00951522999977449
Zo_SA_chr02A_94-Zo_SB_chr02B_92	44.9941450773231	-2.63605964031562	0.845032446373063	-3.11947742554711	0.00181172142848241	0.00981829487776435
Zo_SA_chr02A_1102-Zo_SB_chr02B_1063	194.569846587997	-1.56108628044944	0.500809165454367	-3.11712801628366	0.00182622251998133	0.009874438999763
Zo_SA_chr01A_538-Zo_SB_chr01B_593	731.766094758774	-1.04411989293146	0.335246960514295	-3.11447981908529	0.00184269561673122	0.00993965621709406
Zo_SA_chr01A_2413-Zo_SB_chr01B_2424	170.9610568849	-1.29896683487615	0.417112905667248	-3.1141851935706	0.00184453674819212	0.00993965621709406
Zo_SA_chr01A_2153-Zo_SB_chr01B_2170	92.5620547568182	-1.70431033380543	0.547627475428184	-3.11217097438883	0.00185716906203643	0.00998671435541732
Zo_SA_chr01A_2170-Zo_SB_chr01B_2188	165.513422047718	1.52223328147039	0.489129848926997	3.11212510299609	0.00185745767105371	0.00998671435541732
Zo_SA_chr02A_1718-Zo_SB_chr02B_1693	991.404991522284	1.76461119268401	0.567369201942559	3.11016386973833	0.00186983577125415	0.0100419445868368
Zo_SA_chr01A_1820-Zo_SB_chr01B_1851	19.4687610937896	2.81792085878048	0.906947036735801	3.10704015189517	0.00188970730269416	0.010137248736275
Zo_SA_chr02A_2181-Zo_SB_chr02B_2153	73.2576908009543	1.51570499499025	0.488635719370445	3.10191198658802	0.0019227511542446	0.0103029216343736
Zo_SA_chr02A_2011-Zo_SB_chr02B_1958	101.187675482121	1.94727901027856	0.628433627171333	3.09862318960163	0.00194422122889331	0.0103946087899015
Zo_SA_chr01A_1984-Zo_SB_chr01B_2013	123.072551119851	1.56676696501801	0.506205547572065	3.09512009999251	0.00196733218166831	0.0104946388975125
Zo_SA_chr01A_1502-Zo_SB_chr01B_1529	131.320325891284	-1.8798121369025	0.608663948224986	-3.08842365706807	0.00201221386295918	0.0106981582078621
Zo_SA_chr01A_2271-Zo_SB_chr01B_2289	193.023339402111	-1.06272520153683	0.345084641870415	-3.07960735597123	0.00207273653707582	0.0109710105941339
Zo_SA_chr01A_712-Zo_SB_chr01B_758	195.761008546227	1.07453639427464	0.349667730937679	3.07302132625488	0.00211903343485553	0.011203625776969
Zo_SA_chr01A_368-Zo_SB_chr01B_422	248.318881205224	-1.107066202047	0.36038395755717	-3.07190755535055	0.00212695585681092	0.011233059226059
Zo_SA_chr02A_2246-Zo_SB_chr02B_2215	75.7499613925596	1.6642943853065	0.543972806046358	3.05951762074788	0.00221693745871336	0.0116309953141959
Zo_SA_chr02A_374-Zo_SB_chr02B_369	72.3657419264085	1.67321563373451	0.547162645702434	3.05798586010285	0.00222830090185294	0.0116777659350952
Zo_SA_chr02A_1653-Zo_SB_chr02B_1635	262.581118650848	-1.05812482753712	0.346254593662168	-3.0559156381027	0.00224374377054253	0.0117391673498734
Zo_SA_chr02A_3467-Zo_SB_chr02B_3497	66.77029077087	-1.91514668807483	0.627961482355339	-3.04978369197352	0.00229006237007331	0.0119489140512906
Zo_SA_chr01A_2589-Zo_SB_chr01B_2588	34.3149909058752	2.81058623493768	0.922691206423333	3.04607458635319	0.0023185031331164	0.0120708967705591
Zo_SA_chr01A_1933-Zo_SB_chr01B_1965	125.987366217754	1.36867482910043	0.451219336035086	3.03328053519853	0.00241910598387544	0.012539909170763
Zo_SA_chr01A_2160-Zo_SB_chr01B_2178	102.833026118613	1.79819419647309	0.593308192126205	3.03079279931903	0.00243912566557818	0.0126299568937485
Zo_SA_chr01A_4255-Zo_SB_chr01B_4273	149.799677671451	1.2022323765302	0.397664976638815	3.02322921845378	0.00250092733003251	0.0129219094657909
Zo_SA_chr02A_1274-Zo_SB_chr02B_1267	238.633401826918	1.05798983889661	0.350192676830768	3.02116494402848	0.00251804149648966	0.0129962552995229
Zo_SA_chr01A_2092-Zo_SB_chr01B_2117	117.220794199294	1.21751989298063	0.403428877262549	3.01792945820354	0.00254508140618857	0.01307919528676
Zo_SA_chr02A_1518-Zo_SB_chr02B_1503	179.123450676442	1.08880386292336	0.36138166356075	3.01289183351255	0.00258771133161688	0.0132696724091193
Zo_SA_chr02A_2812-Zo_SB_chr02B_2775	144.701522226546	-1.01369982329105	0.336705064612216	-3.01064619998672	0.00260692413678464	0.0133395077342553
Zo_SA_chr01A_1651-Zo_SB_chr01B_1669	64.2238616429727	-1.78416855739722	0.593690583884047	-3.0052161948145	0.00265392137579312	0.0135364182258368
Zo_SA_chr02A_3113-Zo_SB_chr02B_3109	99.022137947504	-1.17264256758743	0.39064260997654	-3.00182964592074	0.00268362307243511	0.0136586962992988
Zo_SA_chr02A_1024-Zo_SB_chr02B_1002	52.8499888614843	1.62406349614888	0.541158695450927	3.00108546679753	0.00269019046486779	0.013662958814648
Zo_SA_chr02A_2720-Zo_SB_chr02B_2685	107.019418968215	1.69145780799708	0.563566529437192	3.00134539516792	0.00268789492573334	0.013662958814648
Zo_SA_chr01A_2294-Zo_SB_chr01B_2311	98.6602902266606	1.76161473232377	0.587114642212319	3.00046124839571	0.00269571052478903	0.0136764292475733
Zo_SA_chr01A_1340-Zo_SB_chr01B_1365	42.3072110663267	2.43485042371346	0.812095769211451	2.99823064720275	0.00271552075871571	0.0137622938345539
Zo_SA_chr01A_2122-Zo_SB_chr01B_2144	230.930605446178	-1.00674167961955	0.337149713191034	-2.98603747899116	0.00282618003281694	0.0142474128715687
Zo_SA_chr02A_2825-Zo_SB_chr02B_2785	47.0677524392319	-1.97564599172484	0.661783107807373	-2.98533759538011	0.0028326550925021	0.0142499721934742
Zo_SA_chr01A_1445-Zo_SB_chr01B_1474	235.54689877549	-1.38311205978542	0.463838714471255	-2.98188145282801	0.00286482907280623	0.0143814419454873
Zo_SA_chr01A_2949-Zo_SB_chr01B_2946	85.9759021176254	-2.32649402604101	0.780620966531491	-2.98031198979737	0.00287954940156275	0.014440137850739
Zo_SA_chr02A_2644-Zo_SB_chr02B_2594	634.191062446892	-1.30909081875014	0.43981264225225	-2.97647382768802	0.0029158396923033	0.0145914370331526
Zo_SA_chr01A_183-Zo_SB_chr01B_249	218.961919639285	1.2720851908348	0.428234706422888	2.9705326816239	0.00297283772261896	0.0148144859970426
Zo_SA_chr02A_562-Zo_SB_chr02B_547	71.170927932819	-1.79592095605528	0.608712944781119	-2.9503577531131	0.00317406164419411	0.0156536711283989
Zo_SA_chr01A_3772-Zo_SB_chr01B_3757	70.1985042402997	-1.92338975201738	0.651989041544851	-2.95003386477174	0.00317739100340546	0.0156539025777279
Zo_SA_chr01A_2230-Zo_SB_chr01B_2245	365.093618322343	-1.04806402238054	0.356207303905124	-2.94228672711239	0.00325798114488107	0.0159684605138107
Zo_SA_chr01A_602-Zo_SB_chr01B_652	92.7904970275024	1.1948325333808	0.406199809919541	2.9414896418033	0.0032663776664058	0.0159931777115906
Zo_SA_chr02A_3300-Zo_SB_chr02B_3296	709.125771175564	1.07839147502438	0.367034852662213	2.9381173673358	0.00330211988764659	0.016118536073886
Zo_SA_chr01A_778-Zo_SB_chr01B_819	107.616464852922	1.12748276697155	0.384237149508822	2.93434085801655	0.00334256912853966	0.0162826477773295
Zo_SA_chr02A_1192-Zo_SB_chr02B_1165	163.715088386505	-1.5402332318085	0.525207909970939	-2.9326162126799	0.00336119102537681	0.0163566530612469
Zo_SA_chr01A_2847-Zo_SB_chr01B_2844	140.683879782685	1.72187721373816	0.588279048488916	2.92697354794644	0.0034227799088577	0.0166055314194734
Zo_SA_chr01A_3494-Zo_SB_chr01B_3500	67.6972907570698	-2.71109347921927	0.928172211233798	-2.92089490119024	0.00349027547929668	0.0168472912558359
Zo_SA_chr01A_2117-Zo_SB_chr01B_2140	148.391778430146	1.22326690063869	0.418885460497878	2.92028971161889	0.00349706120199802	0.016862977626217
Zo_SA_chr02A_3487-Zo_SB_chr02B_3517	131.903540500941	-1.207849965889	0.413916123177071	-2.91810320559145	0.00352167768578605	0.0169645261449633
Zo_SA_chr01A_3797-Zo_SB_chr01B_3781	114.814234435041	-1.32724215784102	0.456288618098503	-2.9087777016487	0.00362844762591421	0.0174260490714853
Zo_SA_chr01A_1220-Zo_SB_chr01B_1251	41.0457248090662	1.77824579402495	0.613149057900238	2.90018515255434	0.00372942293928862	0.0178570461821962
Zo_SA_chr01A_1460-Zo_SB_chr01B_1494	68.6900478075894	1.96792446379827	0.678807280012552	2.89909157097119	0.00374245576391951	0.0179014759660303
Zo_SA_chr02A_863-Zo_SB_chr02B_762	1032.3867221409	-1.31903863911971	0.455725574039406	-2.89437045945912	0.00379919635035895	0.0181365038987606
Zo_SA_chr01A_3158-Zo_SB_chr01B_3164	281.30900685994	1.01231112605159	0.350251626889761	2.8902396115642	0.00384948290013297	0.0183581839507341
Zo_SA_chr01A_1828-Zo_SB_chr01B_1860	134.588331086186	1.09513145780774	0.379759094235659	2.8837530803888	0.00392966744062966	0.0187031776690248
Zo_SA_chr02A_2871-Zo_SB_chr02B_2832	371.416094614203	-1.13473363429858	0.395135524472375	-2.87175807797539	0.0040819532513378	0.0193507306716004
Zo_SA_chr01A_3235-Zo_SB_chr01B_3245	66.6908869627254	1.72248637435509	0.600672196653783	2.8675979743206	0.00413600722975649	0.0195680738876078
Zo_SA_chr01A_3768-Zo_SB_chr01B_3753	127.28158958241	1.13992276288046	0.397745577694748	2.86595961540848	0.00415747278313436	0.0196112638009573
Zo_SA_chr01A_724-Zo_SB_chr01B_765	179.688687657316	1.2755226042522	0.445242594745606	2.86478117616079	0.00417297497589827	0.0196649383992676
Zo_SA_chr02A_2633-Zo_SB_chr02B_2579	18.5467009016203	-2.90782564607278	1.01632408520112	-2.86112047172174	0.00422146605442032	0.0198221238830757
Zo_SA_chr01A_1042-Zo_SB_chr01B_1079	44.4144371012978	2.34231807048802	0.822371332975176	2.84824868835588	0.00439605578653788	0.0204734277792961
Zo_SA_chr01A_3402-Zo_SB_chr01B_3417	375.721159345075	1.84307837743862	0.647825605563424	2.84502242827476	0.00444082960695247	0.0206416339137976
Zo_SA_chr01A_953-Zo_SB_chr01B_983	38.9163683227473	-2.58504527396598	0.918956187299536	-2.81302341688612	0.00490780769882652	0.0226357204213769
Zo_SA_chr02A_564-Zo_SB_chr02B_549	61.3955734675681	-1.53568559119744	0.546695471941975	-2.80903294432341	0.00496905614314809	0.0228739659716923
Zo_SA_chr01A_3848-Zo_SB_chr01B_3837	238.624980671435	1.41701455754647	0.506612293554119	2.79703942359049	0.00515732398960759	0.0236265879985001
Zo_SA_chr02A_3063-Zo_SB_chr02B_3062	345.088921423762	-1.65763807381325	0.59475591964594	-2.78708965990628	0.00531837619270526	0.0242479312265883
Zo_SA_chr01A_1368-Zo_SB_chr01B_1390	76.823796445935	1.28049126587378	0.460641469915252	2.77980023402879	0.0054392347322502	0.0247516320974248
Zo_SA_chr01A_4012-Zo_SB_chr01B_3988	172.063953668345	1.25271109069503	0.451992572561066	2.77153025678488	0.00557934868104512	0.0253408703427659
Zo_SA_chr02A_483-Zo_SB_chr02B_468	140.507772670994	-1.57463686017183	0.568085018936332	-2.77183310188348	0.00557416082532292	0.0253408703427659
Zo_SA_chr01A_1724-Zo_SB_chr01B_1755	234.43144794312	-1.13259931419552	0.408910984882916	-2.76979429769982	0.00560917049342618	0.0254278841094577
Zo_SA_chr01A_1285-Zo_SB_chr01B_1313	173.983268321784	1.66563962675395	0.602538461553628	2.76437063031487	0.00570327177162651	0.025758854511702
Zo_SA_chr02A_908-Zo_SB_chr02B_873	149.117416397368	-1.30647282834091	0.473718520072187	-2.75790954540225	0.00581722925230597	0.0262215182459803
Zo_SA_chr02A_1119-Zo_SB_chr02B_1095	165.160954711105	-1.00196943269444	0.364577471298797	-2.74830320459724	0.00599045839633581	0.0268753490988951
Zo_SA_chr01A_3369-Zo_SB_chr01B_3386	49.2988255991318	2.76408367055452	1.00761460537486	2.74319532072106	0.00608444824020966	0.0272202004292306
Zo_SA_chr01A_3450-Zo_SB_chr01B_3467	554.456199263313	1.00418342947442	0.366694865494708	2.73847147578593	0.00617255147024893	0.027588470442003
Zo_SA_chr01A_1030-Zo_SB_chr01B_1061	37.01756231094	2.83332690719542	1.0351395756854	2.73714480032259	0.00619750072279234	0.0276740458305212
Zo_SA_chr01A_3694-Zo_SB_chr01B_3685	72.5320972462751	-1.52728370370281	0.55929821826771	-2.73071440927025	0.00631972099080415	0.0281145050421129
Zo_SA_chr01A_3553-Zo_SB_chr01B_3553	191.170889152331	1.42019008440264	0.521791170170668	2.72175951911591	0.0064935376732854	0.028688767257496
Zo_SA_chr01A_2962-Zo_SB_chr01B_2959	122.976232247254	1.54459702668493	0.567778170315568	2.72042341083042	0.0065198373368314	0.0287632786857992
Zo_SA_chr02A_135-Zo_SB_chr02B_126	81.9369079742565	-1.50514153807636	0.555012245274592	-2.71190690095799	0.00668973788250685	0.0294855452510861
Zo_SA_chr02A_1867-Zo_SB_chr02B_1833	315.575035557766	-1.34382364362691	0.495583670585903	-2.71159790644065	0.006695976331899	0.0294857905141517
Zo_SA_chr01A_3051-Zo_SB_chr01B_3054	122.660587012956	2.16545710388975	0.799032224337349	2.71009984069867	0.00672629575346526	0.0295392753671731
Zo_SA_chr02A_1898-Zo_SB_chr02B_1856	186.778275436926	1.32995078561964	0.491178525074096	2.70767290858047	0.00677567650698303	0.0296996335126857
Zo_SA_chr01A_4161-Zo_SB_chr01B_4182	235.095311137676	1.07756305918336	0.398277516584742	2.70555834641017	0.00681896681630463	0.0298619400798501
Zo_SA_chr01A_432-Zo_SB_chr01B_486	409.370461664908	-1.78122294980419	0.659444461749836	-2.70109623042056	0.00691113389805966	0.0302100802565046
Zo_SA_chr01A_2445-Zo_SB_chr01B_2456	80.8427113496956	1.53009277588605	0.567388401737354	2.69672903288273	0.0070024224811311	0.0305531132776891
Zo_SA_chr02A_2294-Zo_SB_chr02B_2264	116.02981462284	1.31776095157398	0.489720439888928	2.69084327350694	0.00712716687637204	0.0310122799574984
Zo_SA_chr01A_580-Zo_SB_chr01B_631	377.028058222151	-1.29457329393673	0.485726701263694	-2.66522983103193	0.00769357226030812	0.0329375825730838
Zo_SA_chr01A_1722-Zo_SB_chr01B_1752	84.7302493494331	-1.50369926045454	0.564194749021384	-2.66521314326791	0.00769395407557462	0.0329375825730838
Zo_SA_chr01A_1888-Zo_SB_chr01B_1921	38.9609178228349	2.22686900987969	0.836073528725306	2.6634846498188	0.00773359402187374	0.0330775873455748
Zo_SA_chr01A_915-Zo_SB_chr01B_950	198.503922476431	-1.09814348361481	0.413268543634106	-2.65721526724053	0.00787891149312426	0.0335486865274193
Zo_SA_chr01A_2549-Zo_SB_chr01B_2561	166.485457072808	-1.31690128762718	0.495696563960787	-2.65666817842085	0.00789170771842316	0.0335731972427833
Zo_SA_chr01A_2510-Zo_SB_chr01B_2518	167.98622919311	-1.14280138861065	0.430526551239608	-2.65442720157491	0.00794431793269211	0.0337668914625746
Zo_SA_chr01A_3654-Zo_SB_chr01B_3649	14.9479639837725	-2.84323464852223	1.07161725013379	-2.65321843985551	0.00797282559703845	0.0338578853715729
Zo_SA_chr01A_406-Zo_SB_chr01B_457	39.5099341130111	-2.01378015764576	0.759228824003252	-2.65240214014469	0.00799212915014628	0.033909665406626
Zo_SA_chr01A_292-Zo_SB_chr01B_349	42.1009604088229	-2.54872749187488	0.962814813019811	-2.64716273307112	0.00811702818265015	0.0343479213869198
Zo_SA_chr01A_1686-Zo_SB_chr01B_1717	151.127055459707	-1.37170197185489	0.518538277424615	-2.6453244274803	0.00816126274783697	0.0344434177384376
Zo_SA_chr01A_2029-Zo_SB_chr01B_2055	164.195769730488	-2.32023587341531	0.877885275430258	-2.64298301652018	0.00821791572638891	0.0346518480098574
Zo_SA_chr02A_2779-Zo_SB_chr02B_2742	82.9743039432465	-1.59386943494639	0.603267377009926	-2.64206137392403	0.00824031222403704	0.0347155909862479
Zo_SA_chr01A_1063-Zo_SB_chr01B_1090	140.470202951589	1.84537345631135	0.699108146799462	2.63961085957806	0.00830012717602679	0.0349367224205399
Zo_SA_chr02A_1411-Zo_SB_chr02B_1395	57.92458584352	1.67482376372854	0.635334233850706	2.63613020437696	0.00838575472066647	0.0352660178684818
Zo_SA_chr01A_3233-Zo_SB_chr01B_3242	72.9534053577656	-1.98578542175238	0.753950768873571	-2.63383964011233	0.00844253508946996	0.035442297395847
Zo_SA_chr02A_2922-Zo_SB_chr02B_2894	42.4683772447915	1.63308535502622	0.623080746044624	2.62098510569168	0.00876760923722972	0.0366778319757443
Zo_SA_chr01A_4102-Zo_SB_chr01B_4124	68.5282176965756	1.57391208286805	0.600763400532667	2.61985347554884	0.00879675544490668	0.0367675080777914
Zo_SA_chr02A_2889-Zo_SB_chr02B_2861	146.00428092759	1.31949630439242	0.50388332450058	2.61865443890256	0.00882773219948219	0.0368646715055434
Zo_SA_chr01A_1647-Zo_SB_chr01B_1665	471.984587529458	1.69990823067128	0.650038822660911	2.61508724004016	0.00892046675656431	0.0371886640876864
Zo_SA_chr01A_3258-Zo_SB_chr01B_3268	260.421084959436	-1.31347977045741	0.502273240540639	-2.61507017384323	0.0089209125007996	0.0371886640876864
Zo_SA_chr01A_308-Zo_SB_chr01B_366	201.59993835326	-1.16783539225801	0.446788084188045	-2.61384632578179	0.00895292954409767	0.0372895379875998
Zo_SA_chr02A_427-Zo_SB_chr02B_416	114.075597628067	-1.49684178051487	0.57414609706919	-2.6070747291599	0.00913194279843568	0.0380019504413087
Zo_SA_chr02A_703-Zo_SB_chr02B_676	243.779067192634	1.03189461087491	0.397918441548817	2.59323143420665	0.00950787653564939	0.0394974418105505
Zo_SA_chr02A_2227-Zo_SB_chr02B_2196	41.8331289529798	-2.17360627517388	0.838689824462689	-2.59166882889799	0.00955116647082367	0.0396427440377355
Zo_SA_chr02A_3441-Zo_SB_chr02B_3472	115.026622389006	1.49223828055085	0.576406785957003	2.58886313781559	0.00962933575231458	0.0399324366980767
Zo_SA_chr01A_3918-Zo_SB_chr01B_3905	47.9550404632909	-2.15174264297584	0.8318736347594	-2.58662199770062	0.00969218531872813	0.0401232914800473
Zo_SA_chr02A_3514-Zo_SB_chr02B_3545	353.815262872813	1.09338818546496	0.422812454765406	2.58598859409575	0.00971001436652784	0.0401622363521
Zo_SA_chr01A_493-Zo_SB_chr01B_553	41.7572510516338	-2.56682495962971	0.993431238113106	-2.58379730891598	0.00977192039029771	0.0403817376287771
Zo_SA_chr01A_2099-Zo_SB_chr01B_2123	26.8010764850826	-2.43765845025556	0.944343278063054	-2.58132662865505	0.00984214127214901	0.0406030897291337
Zo_SA_chr01A_287-Zo_SB_chr01B_343	231.698839748868	-1.07041653284634	0.416509230153004	-2.56997073619023	0.0101707106132674	0.0417060351802856
Zo_SA_chr02A_3197-Zo_SB_chr02B_3203	20.1153153606601	2.89624179791378	1.12880874285872	2.56575067852417	0.0102952799601511	0.0421805757130246
Zo_SA_chr01A_2495-Zo_SB_chr01B_2501	191.337075054688	-1.03942925255943	0.407691320666213	-2.54954962215257	0.0107862159891949	0.043666777633676
Zo_SA_chr02A_2531-Zo_SB_chr02B_2478	103.191755881636	-1.34623025454423	0.527899280933639	-2.55016497117272	0.010767195586354	0.043666777633676
Zo_SA_chr01A_3908-Zo_SB_chr01B_3895	126.282212141653	-1.10645458982376	0.436168449317678	-2.53675980359112	0.0111883690139647	0.0450653140435791
Zo_SA_chr01A_1079-Zo_SB_chr01B_1105	35.8376394155753	-1.68943562198771	0.666183741048317	-2.53599047513406	0.0112129783862646	0.0451263239865789
Zo_SA_chr02A_3596-Zo_SB_chr02B_3616	60.4699637296236	-1.49866146909055	0.593257259473985	-2.52615782640292	0.0115317662501959	0.0462531482314418
Zo_SA_chr02A_2917-Zo_SB_chr02B_2889	115.50756658205	-1.04938851024012	0.415532894667881	-2.52540418269137	0.0115565290782123	0.0463135186336088
Zo_SA_chr02A_1416-Zo_SB_chr02B_1401	45.3347590312981	-1.96786090328964	0.779406953837007	-2.52481825264953	0.0115758138506838	0.0463518524382125
Zo_SA_chr01A_3880-Zo_SB_chr01B_3865	36.3043911371643	2.34915577414996	0.931172793192207	2.52279253788835	0.0116427066022917	0.0465415488569398
Zo_SA_chr02A_1667-Zo_SB_chr02B_1647	66.7853497890081	-1.24829539993493	0.495075975557952	-2.52142188585923	0.0116881623153322	0.0466060585968389
Zo_SA_chr02A_342-Zo_SB_chr02B_341	105.5917105992	1.64939656372222	0.655889990491396	2.51474574644215	0.0119118253659451	0.0473001625064047
Zo_SA_chr02A_578-Zo_SB_chr02B_563	419.080440230592	-1.05850357939947	0.421608990982782	-2.51062857301043	0.0120516426093579	0.0477757968445783
Zo_SA_chr01A_2979-Zo_SB_chr01B_2976	312.28275653902	1.19868959990361	0.478805483198905	2.50350015186783	0.0122971627613548	0.0486278351649264
Zo_SA_chr01A_549-Zo_SB_chr01B_601	21.1627964380285	-2.79042087084719	1.11570508836997	-2.50103804305845	0.0123829875742709	0.0488457135994193
Zo_SA_chr02A_3056-Zo_SB_chr02B_3055	52.5403808642297	-1.86751084736295	0.7472063266262	-2.49932419040825	0.0124430422619761	0.0490015429788308
Zo_SA_chr01A_2538-Zo_SB_chr01B_2552	262.185387091821	-1.04998759693883	0.42100276381361	-2.49401592385672	0.0126306877941084	0.0495980039499639
Zo_SA_chr01A_496-Zo_SB_chr01B_555	93.9199041445678	-1.00766792096992	0.404237992390512	-2.49275906752591	0.012675482380635	0.049705423864201
