baseMean	log2FoldChange	lfcSE	stat	pvalue	padj
Zo_SA_chr01A_1389-Zo_SB_chr01B_1415	1078.69941420333	-2.79753656576814	0.205503043091256	-13.6131150356049	3.34669457859373e-42	5.91125423900499e-40
Zo_SA_chr02A_1524-Zo_SB_chr02B_1509	2098.5610954587	-2.36973397401586	0.198028973286815	-11.9666023344153	5.31613226576534e-33	6.85206345282024e-31
Zo_SA_chr01A_4228-Zo_SB_chr01B_4246	927.59531631233	-2.78248694763093	0.244691446371724	-11.3714107660466	5.80417998027076e-30	6.15114096131361e-28
Zo_SA_chr02A_3346-Zo_SB_chr02B_3347	1215.16161065976	-2.43288078149242	0.230558406885504	-10.5521234916435	4.96618125408404e-26	4.08339972426324e-24
Zo_SA_chr02A_2865-Zo_SB_chr02B_2826	2196.33429448487	-2.72658824557237	0.260263077104948	-10.4762776030382	1.11028162324178e-25	8.82488843540008e-24
Zo_SA_chr02A_404-Zo_SB_chr02B_396	1101.63325328843	-2.70312981902357	0.269894698712873	-10.0154980142803	1.30303976377379e-23	9.21891136272951e-22
Zo_SA_chr02A_1554-Zo_SB_chr02B_1542	3199.37017892968	-2.06524038105778	0.213616729806964	-9.66797115059311	4.12473830224253e-22	2.58827328465719e-20
Zo_SA_chr02A_1492-Zo_SB_chr02B_1479	3939.05630538849	-1.94392870245868	0.201248240340264	-9.65935751374495	4.48668926786669e-22	2.77883391148782e-20
Zo_SA_chr02A_1331-Zo_SB_chr02B_1312	2521.91596073085	-1.80692901054144	0.192733419228437	-9.37527605630125	6.89949819385527e-21	4.06218603536985e-19
Zo_SA_chr02A_3372-Zo_SB_chr02B_3393	1991.27631485522	-2.40872544620599	0.270513448499366	-8.90427244770283	5.37373224814853e-19	2.64199268983715e-17
Zo_SA_chr02A_920-Zo_SB_chr02B_893	364.989359384702	-2.62056928488443	0.303383423882333	-8.63781300688603	5.72993019556927e-18	2.60247972406379e-16
Zo_SA_chr02A_711-Zo_SB_chr02B_682	576.952830570042	-2.89869308080159	0.337636099872844	-8.58525815780142	9.06326730612208e-18	4.00210386878669e-16
Zo_SA_chr01A_884-Zo_SB_chr01B_924	1622.32514608963	-1.65426480928317	0.200820750438557	-8.23751930849049	1.75817954381096e-16	7.42014003932252e-15
Zo_SA_chr02A_3368-Zo_SB_chr02B_3368	900.438061636136	-2.61528181726924	0.338687979585247	-7.72180288320795	1.14695673895586e-14	4.11265916397029e-13
Zo_SA_chr01A_1796-Zo_SB_chr01B_1831	1007.70739899872	-2.63358415574214	0.348550129754509	-7.55582606610139	4.16209739565229e-14	1.3978198929483e-12
Zo_SA_chr01A_4080-Zo_SB_chr01B_4103	284.134169144482	-2.61096945617211	0.348759940246087	-7.48643738822124	7.07682811524216e-14	2.32754436424758e-12
Zo_SA_chr02A_3709-Zo_SB_chr02B_3721	1491.58638739365	-2.51854417894052	0.343649926392334	-7.32880756117255	2.32209536543408e-13	7.33382304487093e-12
Zo_SA_chr01A_2731-Zo_SB_chr01B_2719	1476.87716079898	-1.7341222703124	0.237951975110677	-7.28769857659648	3.15294391547436e-13	9.82770557705702e-12
Zo_SA_chr01A_3924-Zo_SB_chr01B_3913	1239.65173131957	-1.81133930760192	0.248992932236782	-7.27466153890429	3.47290073112368e-13	1.0754716614759e-11
Zo_SA_chr02A_2746-Zo_SB_chr02B_2712	3696.99010204001	-2.01968085303236	0.278254367235801	-7.2583976779808	3.91702524866191e-13	1.18982760578781e-11
Zo_SA_chr02A_736-Zo_SB_chr02B_709	1139.39210634334	-1.82845842314424	0.254360466686404	-7.18845364204537	6.55292281262621e-13	1.9531805558384e-11
Zo_SA_chr02A_428-Zo_SB_chr02B_417	239.631462264777	-2.95359916365834	0.416691113680335	-7.08822210670946	1.35845829784826e-12	3.87933390565171e-11
Zo_SA_chr01A_392-Zo_SB_chr01B_449	569.084264265152	-1.81467617622801	0.256069079948325	-7.08666652215182	1.37380886879237e-12	3.89981815194691e-11
Zo_SA_chr01A_2191-Zo_SB_chr01B_2209	323.043833572787	-2.48101127582808	0.350811916203892	-7.07219783944317	1.5249878834015e-12	4.27803953878926e-11
Zo_SA_chr01A_2430-Zo_SB_chr01B_2441	2026.73755081798	-1.40822665656132	0.199946240988583	-7.04302641349343	1.88108552017402e-12	5.24613850626311e-11
Zo_SA_chr02A_1729-Zo_SB_chr02B_1699	163.04972318401	-2.50301648140624	0.356713370665895	-7.01688438741091	2.26870179275353e-12	6.29037142421023e-11
Zo_SA_chr02A_3568-Zo_SB_chr02B_3590	163.396708666223	-2.36669978863823	0.351896387399298	-6.72555863994344	1.7492002834326e-11	4.36750583858118e-10
Zo_SA_chr01A_1258-Zo_SB_chr01B_1285	418.555188899715	-2.03861272282746	0.305772866192184	-6.66708183827583	2.60939606210417e-11	6.31685777673848e-10
Zo_SA_chr01A_2635-Zo_SB_chr01B_2633	2358.71219405036	-1.34394046753183	0.201945219939951	-6.65497538357902	2.83347472997402e-11	6.82466716527581e-10
Zo_SA_chr02A_2926-Zo_SB_chr02B_2899	479.488124561058	-1.88569093399805	0.284190434486097	-6.63530754442161	3.23826634254572e-11	7.76044833547767e-10
Zo_SA_chr01A_3594-Zo_SB_chr01B_3587	141.976465443772	-2.54348173559291	0.389400942932203	-6.53178114166957	6.49920822315583e-11	1.48300114910192e-09
Zo_SA_chr02A_3227-Zo_SB_chr02B_3230	2170.70623762897	-1.35738859236123	0.209553173982747	-6.47753773690389	9.32314606932411e-11	2.07766745815919e-09
Zo_SA_chr02A_185-Zo_SB_chr02B_176	629.136276612704	-2.25089750825623	0.348400534935988	-6.46066031061001	1.04247090686548e-10	2.3123459324844e-09
Zo_SA_chr02A_3301-Zo_SB_chr02B_3297	89.1573569331497	-2.94493747511802	0.458002351518457	-6.4299614736789	1.2763629131976e-10	2.75428720952008e-09
Zo_SA_chr02A_1601-Zo_SB_chr02B_1583	837.235838596956	-1.55114164615488	0.242302810077065	-6.40166593883718	1.5369065196084e-10	3.28677452556613e-09
Zo_SA_chr01A_973-Zo_SB_chr01B_1005	2422.21698510296	-1.15180046604065	0.180837353030343	-6.36926191818009	1.89940009499908e-10	4.00807037745602e-09
Zo_SA_chr01A_160-Zo_SB_chr01B_224	445.594944845501	-2.74741143963539	0.432122871505245	-6.35794034707104	2.04476841625077e-10	4.25829719524015e-09
Zo_SA_chr01A_2171-Zo_SB_chr01B_2189	501.637043883189	-2.65372555275236	0.421164154019969	-6.30092928712671	2.95866360422049e-10	6.02985757629382e-09
Zo_SA_chr01A_3303-Zo_SB_chr01B_3311	825.303188218341	-2.79733572932492	0.448514746042662	-6.23688686716855	4.46364554594184e-10	8.94417042378011e-09
Zo_SA_chr01A_3186-Zo_SB_chr01B_3191	1997.85350811694	-1.20859235783655	0.197407527756142	-6.12232153238616	9.22216860292002e-10	1.80248041259531e-08
Zo_SA_chr01A_1004-Zo_SB_chr01B_1039	2820.93966195565	-1.30817613071945	0.213825363563076	-6.11796518860379	9.47777638066995e-10	1.84487818609857e-08
Zo_SA_chr02A_1289-Zo_SB_chr02B_1284	237.988609748092	-2.72642396063654	0.449121395854428	-6.07057242385363	1.27455120403889e-09	2.4410982699042e-08
Zo_SA_chr02A_3716-Zo_SB_chr02B_3736	12318.5013054403	-1.40002855008513	0.231704781732666	-6.04229459407724	1.51937717399299e-09	2.87536100903674e-08
Zo_SA_chr02A_1926-Zo_SB_chr02B_1882	1138.70472854849	-1.67789924360203	0.278087981347867	-6.03369924679738	1.60248187481384e-09	3.02064666442183e-08
Zo_SA_chr02A_340-Zo_SB_chr02B_340	77.9304957816831	-2.8005206366543	0.472003150332104	-5.93326683240109	2.96965629518847e-09	5.42616508496315e-08
Zo_SA_chr02A_59-Zo_SB_chr02B_61	3084.24323569327	-1.04825643931148	0.178701107993354	-5.86597616031828	4.46497950941712e-09	7.97508886906751e-08
Zo_SA_chr02A_2046-Zo_SB_chr02B_1995	870.299623100851	-1.44218532627019	0.246316464600092	-5.85500984926707	4.76981747584462e-09	8.45623031312379e-08
Zo_SA_chr01A_1954-Zo_SB_chr01B_1992	140.459956580555	-2.53871307059464	0.433975337641854	-5.84990171190271	4.91863578095867e-09	8.65570997763538e-08
Zo_SA_chr01A_1243-Zo_SB_chr01B_1269	66.2139284189108	-2.84184465375112	0.492787642820728	-5.76687482966158	8.07549835138001e-09	1.38036027375381e-07
Zo_SA_chr01A_324-Zo_SB_chr01B_384	835.944178091673	-1.29612418028921	0.225802358739293	-5.74008255505288	9.46304086545363e-09	1.60602284296613e-07
Zo_SA_chr02A_1086-Zo_SB_chr02B_1061	247.816560596193	-1.92063977798201	0.335365201647427	-5.72700974503968	1.02216299274336e-08	1.7203772409804e-07
Zo_SA_chr02A_2102-Zo_SB_chr02B_2062	176.64475975988	-2.1372661456627	0.373251722175601	-5.72607175984362	1.02782758519019e-08	1.7203772409804e-07
Zo_SA_chr02A_3240-Zo_SB_chr02B_3235	197.00932969684	-2.35041189668143	0.411056196589144	-5.71798191143848	1.07796614576395e-08	1.7912266721771e-07
Zo_SA_chr02A_1908-Zo_SB_chr02B_1864	723.648762481942	-1.91304058425743	0.336025649353955	-5.69313856824756	1.24725080697946e-08	2.04403405446222e-07
Zo_SA_chr01A_1511-Zo_SB_chr01B_1540	158.490368567176	-2.33577508822779	0.41118466428085	-5.68059874585301	1.34224032355099e-08	2.19217263801873e-07
Zo_SA_chr01A_2081-Zo_SB_chr01B_2103	690.448431610096	-1.41160597963087	0.249367622222082	-5.66074283041335	1.50719149918701e-08	2.44482865973567e-07
Zo_SA_chr01A_3622-Zo_SB_chr01B_3616	457.919233148872	-2.0566736047842	0.363662852662793	-5.65544044360024	1.55447125923195e-08	2.51297404585667e-07
Zo_SA_chr01A_1088-Zo_SB_chr01B_1109	726.90532884555	-1.53939117726462	0.273199593618553	-5.63467594104093	1.7538782203455e-08	2.82575852460395e-07
Zo_SA_chr01A_2608-Zo_SB_chr01B_2604	541.533171820825	-1.3765088590619	0.245645706977906	-5.6036349097919	2.09902597986203e-08	3.31465393972253e-07
Zo_SA_chr02A_3459-Zo_SB_chr02B_3488	1313.64529488898	-1.56685229260354	0.279590008104383	-5.60410689647597	2.09331494286138e-08	3.31465393972253e-07
Zo_SA_chr02A_3472-Zo_SB_chr02B_3500	296.99117930855	-1.65731014393687	0.299222367130654	-5.53872412623892	3.04683147836338e-08	4.71764263646589e-07
Zo_SA_chr01A_65-Zo_SB_chr01B_117	354.229094105661	-1.55412688083581	0.281660482807611	-5.51773136701383	3.43403819611424e-08	5.26589329815717e-07
Zo_SA_chr01A_1819-Zo_SB_chr01B_1850	705.126941222245	-1.50028249191902	0.275133263515061	-5.45293023733894	4.95465105938926e-08	7.46527547908354e-07
Zo_SA_chr02A_3796-Zo_SB_chr02B_3799	290.355319232053	-2.18809408063704	0.404800885719003	-5.40535892541484	6.46787412628789e-08	9.57928313921334e-07
Zo_SA_chr02A_432-Zo_SB_chr02B_421	1382.89070303656	-1.49627589579974	0.277536587531964	-5.39127438693976	6.99597549975031e-08	1.02029991309814e-06
Zo_SA_chr02A_1185-Zo_SB_chr02B_1159	74.9426827479747	-2.44860682402521	0.454237247620777	-5.3905901307095	7.02266824468732e-08	1.02107027008884e-06
Zo_SA_chr01A_2466-Zo_SB_chr01B_2479	1001.71860660961	-1.34767245658214	0.250426291851303	-5.3815134450114	7.38621856607192e-08	1.06742049519991e-06
Zo_SA_chr01A_2259-Zo_SB_chr01B_2271	561.56910820229	-1.16494172987174	0.217780775086793	-5.34914860784875	8.83689587910024e-08	1.25800467007251e-06
Zo_SA_chr01A_1531-Zo_SB_chr01B_1560	2812.08390213195	-1.39671903186202	0.262367296989578	-5.32352563710523	1.01775101422276e-07	1.4317565152886e-06
Zo_SA_chr02A_1791-Zo_SB_chr02B_1765	309.834308637117	-1.57556605978193	0.298419213685182	-5.27970716203307	1.29390512814965e-07	1.80956995781399e-06
Zo_SA_chr02A_1225-Zo_SB_chr02B_1205	211.444580685451	-2.81029940020859	0.533011289431109	-5.27249507830889	1.34581447460569e-07	1.87666351736682e-06
Zo_SA_chr01A_4144-Zo_SB_chr01B_4169	691.937763614989	-1.45484713208506	0.277820544339574	-5.23664344385863	1.63523161614857e-07	2.23450417690903e-06
Zo_SA_chr02A_2308-Zo_SB_chr02B_2278	282.127914931248	-1.67934567906763	0.320862787631876	-5.23384369830487	1.66020857710895e-07	2.25850303349979e-06
Zo_SA_chr02A_3626-Zo_SB_chr02B_3644	858.865102731829	-1.84031251581817	0.351947097791461	-5.228946416568	1.70478761862838e-07	2.2966475009149e-06
Zo_SA_chr02A_1800-Zo_SB_chr02B_1776	72.2801054653594	-2.41118690958703	0.46604226168558	-5.17375162687233	2.29439775517647e-07	3.03943969289905e-06
Zo_SA_chr02A_238-Zo_SB_chr02B_228	1112.20548104338	-1.57951699060243	0.305373327276729	-5.17241307447612	2.31090013243402e-07	3.0528207012681e-06
Zo_SA_chr01A_1144-Zo_SB_chr01B_1167	4928.15210561282	-1.78639790467969	0.346395311016061	-5.1571076393608	2.50793645991934e-07	3.30396380589927e-06
Zo_SA_chr02A_1683-Zo_SB_chr02B_1663	99.9478322705268	-2.05282347713829	0.401027962354236	-5.11890359237591	3.07316997070671e-07	3.98259445388595e-06
Zo_SA_chr01A_2008-Zo_SB_chr01B_2039	3237.94949054302	-1.19999568910449	0.234594294834686	-5.11519553342123	3.13416114431216e-07	4.01796088635073e-06
Zo_SA_chr02A_1705-Zo_SB_chr02B_1685	498.791700042228	-1.35381831589735	0.264647121232399	-5.11556033405138	3.12810935221869e-07	4.01796088635073e-06
Zo_SA_chr02A_3102-Zo_SB_chr02B_3100	306.385725903392	-1.38326881048344	0.270416097397919	-5.11533456696533	3.13185334128569e-07	4.01796088635073e-06
Zo_SA_chr01A_3074-Zo_SB_chr01B_3082	345.850911337849	-1.65892453659716	0.324567078149504	-5.11119164043193	3.20133028328088e-07	4.09306812894545e-06
Zo_SA_chr01A_4194-Zo_SB_chr01B_4218	2507.23208675808	-1.24319632943929	0.244195707279136	-5.09098355286899	3.56210927464008e-07	4.51800508796769e-06
Zo_SA_chr01A_133-Zo_SB_chr01B_203	236.710448368343	-1.74728420479834	0.348878133920169	-5.0082938278905	5.49146569889086e-07	6.72713898939808e-06
Zo_SA_chr01A_664-Zo_SB_chr01B_714	607.887887839221	-1.50281391514299	0.300774623233403	-4.99647842290472	5.83867047874752e-07	7.12138606474346e-06
Zo_SA_chr01A_2215-Zo_SB_chr01B_2233	569.372530518912	-1.29233172926601	0.259179357597469	-4.98624481997958	6.15641254385687e-07	7.45175924407447e-06
Zo_SA_chr01A_1718-Zo_SB_chr01B_1748	134.280359555375	-2.18981191038372	0.43931686924536	-4.98458416619713	6.20952118110595e-07	7.49701430701121e-06
Zo_SA_chr02A_712-Zo_SB_chr02B_683	62.6208262396982	-2.68907492192474	0.541552044674785	-4.96549675763776	6.85254379717546e-07	8.21458459396024e-06
Zo_SA_chr02A_2620-Zo_SB_chr02B_2566	132.758585258893	-1.95084131755484	0.392886087103092	-4.96541206622812	6.85553505639793e-07	8.21458459396024e-06
Zo_SA_chr02A_1442-Zo_SB_chr02B_1436	810.987970207987	-1.49168718002013	0.301006869429573	-4.95565826403554	7.20858180827753e-07	8.61597158989363e-06
Zo_SA_chr01A_707-Zo_SB_chr01B_752	1812.1418463222	-1.12713023342789	0.229471873936696	-4.91184481170373	9.02234519096993e-07	1.0632471034445e-05
Zo_SA_chr02A_3013-Zo_SB_chr02B_3006	419.887521685471	-1.9763029127965	0.402367173291773	-4.91169022718313	9.02946271534961e-07	1.0632471034445e-05
Zo_SA_chr01A_1711-Zo_SB_chr01B_1741	44.6044990470688	-2.948722946998	0.604080220040015	-4.88134332026742	1.05365620004429e-06	1.23765675320473e-05
Zo_SA_chr02A_3306-Zo_SB_chr02B_3304	547.09852900669	-1.10983112366936	0.229701013210981	-4.83163355770648	1.35417328769142e-06	1.56705473606745e-05
Zo_SA_chr02A_3161-Zo_SB_chr02B_3164	2143.47007490801	-1.07612918840078	0.222858608421102	-4.82875306466685	1.37390653092917e-06	1.58264740241576e-05
Zo_SA_chr02A_865-Zo_SB_chr02B_760	146.706099827459	-2.66354627625082	0.551946022752172	-4.8257368772576	1.39486565862206e-06	1.60291911469123e-05
Zo_SA_chr02A_170-Zo_SB_chr02B_162	106.418455319424	-2.16217304248926	0.448978072316599	-4.81576534758828	1.4663676068227e-06	1.67700410478117e-05
Zo_SA_chr02A_1088-Zo_SB_chr02B_1078	333.425033890842	-1.56118330269627	0.324355645329918	-4.81318369257398	1.48544632694114e-06	1.69071444706021e-05
Zo_SA_chr01A_1985-Zo_SB_chr01B_2015	227.453805211753	-1.58953798488996	0.330350357058506	-4.81167327634658	1.49671890000425e-06	1.69948867479054e-05
Zo_SA_chr02A_3541-Zo_SB_chr02B_3575	396.362678121518	-1.62221096579998	0.337930693158447	-4.80042505354603	1.58329220857809e-06	1.7892702707841e-05
Zo_SA_chr01A_4226-Zo_SB_chr01B_4245	868.395892467467	-1.48242977499943	0.310701827862172	-4.7712296551311	1.83104621936827e-06	2.06436392911755e-05
Zo_SA_chr01A_795-Zo_SB_chr01B_837	2068.18515385239	-1.60887830119417	0.337401646997562	-4.76843641846774	1.85661248400508e-06	2.08825116420289e-05
Zo_SA_chr02A_3608-Zo_SB_chr02B_3627	179.88041477652	-1.92990691607238	0.405484469991174	-4.7595088317794	1.94064634097293e-06	2.17763350590586e-05
Zo_SA_chr01A_3433-Zo_SB_chr01B_3449	231.606919815114	-1.40917328365848	0.296525943262181	-4.75227653997385	2.01139012484864e-06	2.25171819375661e-05
Zo_SA_chr01A_2046-Zo_SB_chr01B_2075	76.2626734678874	-2.7447859856146	0.578361402930896	-4.74579730200729	2.07686614513173e-06	2.31957251665883e-05
Zo_SA_chr01A_94-Zo_SB_chr01B_159	882.51087838543	-2.64453992239008	0.558679201504358	-4.73355713845999	2.20618818896931e-06	2.45825034420436e-05
Zo_SA_chr02A_1509-Zo_SB_chr02B_1495	195.199587359049	-1.77109551030638	0.376168400205669	-4.70825170146678	2.49850468333835e-06	2.75818723028718e-05
Zo_SA_chr01A_561-Zo_SB_chr01B_614	142.377674179289	-2.33551795252375	0.499321684711687	-4.67738138365111	2.90561547221673e-06	3.15485820859065e-05
Zo_SA_chr01A_1446-Zo_SB_chr01B_1475	258.353654554176	-1.36251419150593	0.29277880647857	-4.65373231038723	3.25979951607249e-06	3.50992363241085e-05
Zo_SA_chr01A_4145-Zo_SB_chr01B_4170	723.582144339472	-1.48237207604281	0.322660282142371	-4.59421923950566	4.34372516499515e-06	4.58301444952696e-05
Zo_SA_chr02A_1662-Zo_SB_chr02B_1642	167.942977185621	-1.64963871750546	0.362807043064433	-4.54687622261095	5.44479974332667e-06	5.6571350710076e-05
Zo_SA_chr01A_1576-Zo_SB_chr01B_1594	1842.74643050989	-1.02831054677195	0.228346774492695	-4.50328474775477	6.69111357059055e-06	6.86234852003147e-05
Zo_SA_chr02A_1169-Zo_SB_chr02B_1142	107.60014521785	-2.84678398622304	0.633596322829235	-4.49305635725777	7.02081949593306e-06	7.15433508036426e-05
Zo_SA_chr01A_985-Zo_SB_chr01B_1015	121.463851390119	-1.86467160044812	0.417453796908555	-4.46677360286792	7.94080865210381e-06	8.05738648125171e-05
Zo_SA_chr01A_2382-Zo_SB_chr01B_2390	1836.38895797624	-1.10250593852918	0.247423913071486	-4.45593930207805	8.35266641822705e-06	8.42153618362047e-05
Zo_SA_chr02A_3478-Zo_SB_chr02B_3506	3365.3782874916	-1.25110621693185	0.281058251922891	-4.45141250389294	8.53072910302646e-06	8.56485201943856e-05
Zo_SA_chr02A_28-Zo_SB_chr02B_30	546.562598080796	-1.61960925947032	0.364099448302151	-4.44826067994003	8.65684300189708e-06	8.67321098236285e-05
Zo_SA_chr01A_2795-Zo_SB_chr01B_2788	665.748435832777	-1.1517873818008	0.259473203166075	-4.43894540070715	9.04007439682514e-06	9.01927087833872e-05
Zo_SA_chr01A_4084-Zo_SB_chr01B_4105	952.907258994705	-1.10361827248176	0.248880849057866	-4.43432380056356	9.23617220183209e-06	9.19567958883867e-05
Zo_SA_chr01A_2701-Zo_SB_chr01B_2693	711.477498551946	-1.14006017717399	0.257600065131263	-4.42569832656315	9.61307896613693e-06	9.55099449781397e-05
Zo_SA_chr01A_2653-Zo_SB_chr01B_2653	242.336331476491	-2.23674764110044	0.506419120882639	-4.41679144579298	1.0017679983684e-05	9.91168378468648e-05
Zo_SA_chr02A_2237-Zo_SB_chr02B_2207	415.69534024035	-1.81147726716999	0.412258420892243	-4.39403339111775	1.11266714068422e-05	0.000109634495742211
Zo_SA_chr02A_2998-Zo_SB_chr02B_2990	488.761342980341	-1.68763424495899	0.389019594871598	-4.3381728509486	1.43672144425647e-05	0.000139262694464616
Zo_SA_chr01A_2794-Zo_SB_chr01B_2787	198.502347566859	-1.29490463543752	0.301247909887718	-4.29846844720071	1.71982378051564e-05	0.000166029141888241
Zo_SA_chr02A_870-Zo_SB_chr02B_839	659.04463970262	-1.10198350690847	0.258598387870609	-4.26137036654634	2.03177196206888e-05	0.000194178767276683
Zo_SA_chr01A_386-Zo_SB_chr01B_444	682.299847322668	-2.21186390074888	0.519395728306611	-4.25853309953131	2.05772754556547e-05	0.000196120102378719
Zo_SA_chr02A_1341-Zo_SB_chr02B_1322	357.767402484923	-1.30534125915523	0.307591733329944	-4.24374623148612	2.19818925295386e-05	0.000207999296574146
Zo_SA_chr02A_1505-Zo_SB_chr02B_1491	336.306041184113	-1.06064842407644	0.250021500602282	-4.24222885440422	2.21310842856011e-05	0.000208583282525754
Zo_SA_chr01A_3329-Zo_SB_chr01B_3345	1156.02849512757	-1.07831696240685	0.254569524553047	-4.23584466483204	2.27694148359979e-05	0.000212916351672302
Zo_SA_chr02A_728-Zo_SB_chr02B_700	285.413105821064	-1.67391167933639	0.395376700124604	-4.23371351627157	2.29863734250735e-05	0.000214524490927937
Zo_SA_chr02A_2268-Zo_SB_chr02B_2239	71.5579651023817	-2.14056525341168	0.506221720947674	-4.22851324791918	2.35240666883063e-05	0.000218686694028329
Zo_SA_chr02A_1960-Zo_SB_chr02B_1919	237.904306098294	-1.37644219365225	0.327143354954477	-4.2074588183024	2.58258448244823e-05	0.000238227183690437
Zo_SA_chr01A_2480-Zo_SB_chr01B_2490	258.097302006278	-1.90553681040737	0.453246355406243	-4.20419665305293	2.62011067672033e-05	0.000240757376055477
Zo_SA_chr01A_30-Zo_SB_chr01B_77	279.35289856069	-1.2379348337352	0.294735844489389	-4.20015025956494	2.66737901006834e-05	0.000244159894414892
Zo_SA_chr02A_109-Zo_SB_chr02B_106	174.148704956585	-1.52381777151623	0.364604896260264	-4.1793672744002	2.92321264842082e-05	0.000263033983402243
Zo_SA_chr02A_2073-Zo_SB_chr02B_2027	650.589420353918	-1.17315004396653	0.281290329973707	-4.17060211090863	3.03795891204621e-05	0.000272331316758428
Zo_SA_chr02A_3283-Zo_SB_chr02B_3281	146.115331042239	-1.39447527540634	0.334777425434765	-4.16538024807192	3.10834049906802e-05	0.000278117745592034
Zo_SA_chr01A_4105-Zo_SB_chr01B_4126	792.838136951209	-1.05596679941944	0.255074703093637	-4.13983349431478	3.47557996437954e-05	0.000307514672544082
Zo_SA_chr01A_4077-Zo_SB_chr01B_4101	896.903269663587	-1.14876936892025	0.277957030979656	-4.13290271834977	3.58210367318939e-05	0.000315768066865808
Zo_SA_chr02A_988-Zo_SB_chr02B_959	131.16423673864	-1.60706389846774	0.391068147663612	-4.10942161377483	3.96651322263955e-05	0.000348366511211198
Zo_SA_chr02A_1954-Zo_SB_chr02B_1912	401.263835624718	-1.15404220368381	0.280817966300614	-4.10957396667568	3.9638973641166e-05	0.000348366511211198
Zo_SA_chr02A_35-Zo_SB_chr02B_39	239.739077676656	-1.29546422639338	0.317608048339737	-4.0788142276787	4.52659893601811e-05	0.000391784942393292
Zo_SA_chr01A_1743-Zo_SB_chr01B_1769	38.5349345948847	-2.87300970627523	0.708185500189944	-4.05686039251672	4.97367912132776e-05	0.000426609275712447
Zo_SA_chr02A_226-Zo_SB_chr02B_211	549.823654747412	-1.14312341788257	0.282328176548602	-4.0489172276639	5.14551375868398e-05	0.000439766220701862
Zo_SA_chr02A_3755-Zo_SB_chr02B_3764	303.333289321267	-1.96329092733915	0.485399561443774	-4.04469036086379	5.23923230418799e-05	0.000446176765333438
Zo_SA_chr02A_2880-Zo_SB_chr02B_2837	101.717768097115	-1.59866248148601	0.39735386100017	-4.02327154305749	5.73952571476233e-05	0.000486177586744255
Zo_SA_chr01A_913-Zo_SB_chr01B_947	1078.52888502779	-1.13966389971333	0.28449600899943	-4.00590470046141	6.17805560429121e-05	0.000519632225341531
Zo_SA_chr02A_48-Zo_SB_chr02B_52	479.796634571506	-1.05527601493401	0.265259957681975	-3.9782710672042	6.94182055715128e-05	0.000576751606917325
Zo_SA_chr01A_3617-Zo_SB_chr01B_3612	4309.12103097798	-1.5428217962173	0.388013489961395	-3.9762065910925	7.00232996696878e-05	0.000580767158477811
Zo_SA_chr01A_2211-Zo_SB_chr01B_2229	1186.28006246341	-1.23517397298891	0.311676833688713	-3.96299576831089	7.40150941665418e-05	0.000609633823972777
Zo_SA_chr02A_1485-Zo_SB_chr02B_1474	366.656662730419	-1.24638013852659	0.315195733237752	-3.95430523669699	7.67573676250612e-05	0.000630044554567843
Zo_SA_chr01A_3787-Zo_SB_chr01B_3770	860.136722402834	-1.19313642126865	0.302426061521404	-3.94521694084953	7.97277635743891e-05	0.000653301897742718
Zo_SA_chr02A_3729-Zo_SB_chr02B_3748	161.721067258726	-1.65386336293485	0.421330881596676	-3.92533145604558	8.66103956169219e-05	0.000704854909039421
Zo_SA_chr01A_2021-Zo_SB_chr01B_2045	96.487995704472	-2.73943130164143	0.706506838838142	-3.87743069288112	0.000105565386034856	0.000840469659432765
Zo_SA_chr01A_934-Zo_SB_chr01B_966	5194.74032407118	-1.06171805535845	0.273924596485739	-3.87595005698486	0.0001062094692993	0.000844188265147268
Zo_SA_chr02A_2781-Zo_SB_chr02B_2744	262.196221463737	-1.157597950634	0.298820874355205	-3.87388582920073	0.000107113608528185	0.000849958068337631
Zo_SA_chr01A_1219-Zo_SB_chr01B_1250	150.098896927228	-1.66942709450105	0.431407810998095	-3.86971921217351	0.000108960771825076	0.000861747795744257
Zo_SA_chr01A_2703-Zo_SB_chr01B_2695	85.2512110291742	-2.0137235592479	0.520998963759106	-3.86512008530402	0.000111034556600571	0.000876695033821392
Zo_SA_chr02A_3573-Zo_SB_chr02B_3595	794.545605935698	-1.36446788888256	0.353274765231266	-3.8623417893699	0.000112305294550137	0.000883801897210565
Zo_SA_chr01A_54-Zo_SB_chr01B_110	427.246799033876	-1.09383026457506	0.283266661816729	-3.86148605543551	0.000112699445628091	0.00088398627664534
Zo_SA_chr02A_360-Zo_SB_chr02B_360	331.715371979876	-1.44581463977807	0.374413400932745	-3.86154618444807	0.000112671707636269	0.00088398627664534
Zo_SA_chr02A_3318-Zo_SB_chr02B_3315	536.362857285752	-1.04816969916047	0.271899650907147	-3.85498729278771	0.0001157356404928	0.000901868087434905
Zo_SA_chr01A_2129-Zo_SB_chr01B_2151	124.770122856071	-2.1815064210415	0.570109783335616	-3.82646726088066	0.000129995429463957	0.00100315243222267
Zo_SA_chr01A_1181-Zo_SB_chr01B_1197	35.3728137335988	-2.68874508416138	0.704014604033333	-3.81916095029482	0.000133906373563351	0.0010233966274417
Zo_SA_chr01A_476-Zo_SB_chr01B_537	1635.13603697282	-1.13095805958929	0.297595476107118	-3.80032006663371	0.00014450931651755	0.00109565171776183
Zo_SA_chr02A_3593-Zo_SB_chr02B_3614	192.554050104199	-1.29359530802076	0.340533125585	-3.79873560258931	0.000145436137966821	0.00110092847930757
Zo_SA_chr01A_3601-Zo_SB_chr01B_3593	156.666970497494	-1.49690483904873	0.395448563361923	-3.78533386573143	0.000153502355399602	0.00115648141058563
Zo_SA_chr01A_1397-Zo_SB_chr01B_1422	431.755483342656	-1.33317870605938	0.358252948650855	-3.72133351890055	0.00019817349655206	0.00146298669513433
Zo_SA_chr02A_44-Zo_SB_chr02B_48	184.820685748558	-1.69996278495352	0.458415958041793	-3.70834120220251	0.000208621425821104	0.00153299781161917
Zo_SA_chr02A_478-Zo_SB_chr02B_463	135.261874607452	-2.08317091320382	0.564299771995194	-3.6916033225361	0.00022284483403855	0.00162748394108705
Zo_SA_chr01A_2526-Zo_SB_chr01B_2542	186.680638292611	-1.19303131896746	0.324418195540373	-3.6774488464812	0.000235578299113703	0.00171261114096532
Zo_SA_chr01A_2270-Zo_SB_chr01B_2288	665.677146823837	-1.38373588938995	0.377172313888387	-3.66871013178189	0.000243777283775766	0.00176147555504034
Zo_SA_chr01A_276-Zo_SB_chr01B_330	163.804265244171	-1.54250764851565	0.420631015108874	-3.66712770363925	0.000245290308988547	0.00176705360055344
Zo_SA_chr02A_2606-Zo_SB_chr02B_2551	265.055759670938	-1.36108070594476	0.371264759113233	-3.66606491064681	0.000246311429549662	0.00177173334467924
Zo_SA_chr02A_3727-Zo_SB_chr02B_3747	367.420322138237	-1.1050693217696	0.301487370237667	-3.66539175720181	0.000246960249568331	0.00177372504546893
Zo_SA_chr01A_3018-Zo_SB_chr01B_3016	215.46678037758	-1.07710864031811	0.296454741875454	-3.63329874065776	0.000279820723602821	0.00197698523090645
Zo_SA_chr02A_1489-Zo_SB_chr02B_1478	2189.16611549581	-1.6735848487558	0.461866420359239	-3.6235257099966	0.000290614301521077	0.00204415870789678
Zo_SA_chr02A_3171-Zo_SB_chr02B_3175	285.028266447839	-1.39811536834588	0.386040402017673	-3.62168146400871	0.000292694384497546	0.00205575776092606
Zo_SA_chr01A_2302-Zo_SB_chr01B_2323	183.793718220189	-1.38090216147967	0.384377349117542	-3.59256903313882	0.00032743387242402	0.00227297254379935
Zo_SA_chr01A_3789-Zo_SB_chr01B_3772	182.90791798384	-1.31721954285829	0.367157281911151	-3.58761655495925	0.000333714569884083	0.00231320462758313
Zo_SA_chr02A_3795-Zo_SB_chr02B_3798	711.184290719157	-1.65027099925672	0.460307867352172	-3.58514619519663	0.000336889434693666	0.00233182251676936
Zo_SA_chr02A_1944-Zo_SB_chr02B_1902	220.750382973927	-1.17871972857607	0.328900856093769	-3.58381471722292	0.000338612326763529	0.00233696409021023
Zo_SA_chr02A_751-Zo_SB_chr02B_720	436.32355269744	-1.44224019928058	0.402674851984712	-3.58164954223497	0.000341431609956137	0.0023530163986717
Zo_SA_chr01A_3491-Zo_SB_chr01B_3498	553.00998157225	-1.2455799372875	0.348170486101531	-3.57750006680427	0.000346896130769293	0.00238035632753778
Zo_SA_chr02A_591-Zo_SB_chr02B_575	620.403588257133	-1.34818653998739	0.377153138269002	-3.57463959116204	0.000350710663419103	0.00240307349690474
Zo_SA_chr01A_3333-Zo_SB_chr01B_3350	1347.44586930231	-1.166854967591	0.3290144394754	-3.54651598103567	0.000390361065332398	0.00264061265329107
Zo_SA_chr02A_1836-Zo_SB_chr02B_1810	651.721707155232	-1.08013367847326	0.305180125327464	-3.53933165639228	0.000401141530308352	0.00269442810991624
Zo_SA_chr01A_150-Zo_SB_chr01B_214	1047.84827493842	-1.04327578838833	0.296100831725523	-3.52338013476238	0.000426079774269898	0.00284192229859181
Zo_SA_chr02A_2180-Zo_SB_chr02B_2152	114.739731044768	-1.43554313669553	0.408932634453258	-3.51046362101878	0.000447326012061844	0.0029753106715801
Zo_SA_chr01A_2036-Zo_SB_chr01B_2063	28.4849455963157	-2.92151306807151	0.833152574771667	-3.50657629411057	0.000453911290726041	0.00301071341512168
Zo_SA_chr02A_3476-Zo_SB_chr02B_3504	215.393882345048	-1.37319881434827	0.39207629685686	-3.50237651537909	0.000461127477187669	0.00305432908153888
Zo_SA_chr02A_1379-Zo_SB_chr02B_1361	115.0104140485	-1.50433023925979	0.430815294268436	-3.49182180687034	0.000479738180163607	0.00315568466372447
Zo_SA_chr02A_162-Zo_SB_chr02B_155	391.107694458392	-1.30732968787899	0.374451716258441	-3.49131712078118	0.00048064538840297	0.00315729732409609
Zo_SA_chr01A_1394-Zo_SB_chr01B_1420	216.034285674783	-1.1617077300108	0.3349270904695	-3.46853916290356	0.00052329624917939	0.0033956148434756
Zo_SA_chr02A_2232-Zo_SB_chr02B_2202	123.636855692159	-1.52624824839502	0.444704880344738	-3.43204744506482	0.000599042748942296	0.00382441080281902
Zo_SA_chr02A_2676-Zo_SB_chr02B_2623	87.1595029401923	-1.50851173425098	0.442581111745138	-3.40844128729937	0.000653351432968495	0.00410518179687319
Zo_SA_chr01A_431-Zo_SB_chr01B_484	177.277022525226	-1.25581350580917	0.369268340588991	-3.40081552565845	0.000671851502696556	0.00420480290860876
Zo_SA_chr02A_388-Zo_SB_chr02B_381	624.263570510389	-1.18858342791654	0.350639533398491	-3.38975875422966	0.000699541554587673	0.00436664093433064
Zo_SA_chr01A_3731-Zo_SB_chr01B_3720	251.149778177601	-1.51177814801255	0.449798403554186	-3.36101270272835	0.000776572539434816	0.00480346879450666
Zo_SA_chr01A_1182-Zo_SB_chr01B_1198	127.83828168435	-1.43620223801988	0.427900579416983	-3.35639236566755	0.000789664513473567	0.00485830326437262
Zo_SA_chr02A_3475-Zo_SB_chr02B_3503	936.830394821429	-1.41065428905385	0.422700013372405	-3.33724685220449	0.000846127616314697	0.00517331102846768
Zo_SA_chr01A_2839-Zo_SB_chr01B_2837	271.188049677125	-1.80419430369591	0.543710237932176	-3.31830114245702	0.000905667845442114	0.00550207637568591
Zo_SA_chr02A_1581-Zo_SB_chr02B_1566	78.7566296097829	-1.62352503105181	0.491672207078031	-3.30204759935545	0.000959817807082377	0.00577222083477409
Zo_SA_chr02A_3719-Zo_SB_chr02B_3739	25.2210119719046	-2.74080691013738	0.840913419914972	-3.25932116818222	0.0011167916313416	0.00661618042576448
Zo_SA_chr02A_1147-Zo_SB_chr02B_1120	558.94341920278	-1.03486835951801	0.318135425915267	-3.25291770490735	0.00114226573568205	0.00671697323485535
Zo_SA_chr02A_3515-Zo_SB_chr02B_3546	91.4444196727783	-1.5174013786948	0.467158989709913	-3.24814765875969	0.00116158973124269	0.00681380249482951
Zo_SA_chr02A_2398-Zo_SB_chr02B_2365	297.360062326045	-1.2740355506808	0.392366703721882	-3.24705317397132	0.00116606601825231	0.00683165705288114
Zo_SA_chr01A_1927-Zo_SB_chr01B_1958	150.298488686869	-1.27708670851775	0.393414424149358	-3.24616137621052	0.00116972512458238	0.0068362979401144
Zo_SA_chr02A_659-Zo_SB_chr02B_635	8270.8418835661	-1.17413499908232	0.362739331710739	-3.2368560463099	0.00120854359629645	0.00700309162908599
Zo_SA_chr02A_2636-Zo_SB_chr02B_2583	129.848268361946	-2.60607787738743	0.807815402349773	-3.2260809459771	0.00125497858449525	0.00724575407924677
Zo_SA_chr02A_3430-Zo_SB_chr02B_3463	131.594672310403	-1.18452760536163	0.369026559604845	-3.20987087387428	0.00132794612242708	0.00761174886761389
Zo_SA_chr01A_1775-Zo_SB_chr01B_1805	170.735907492998	-1.37615580464832	0.42915291195898	-3.20667940563771	0.00134276547980645	0.00768745326914398
Zo_SA_chr01A_911-Zo_SB_chr01B_946	135.838069286206	-1.17704825968005	0.36715131732667	-3.20589414808712	0.00134643508174273	0.00769921931034904
Zo_SA_chr02A_1795-Zo_SB_chr02B_1768	320.51164151656	-1.27709561615115	0.398793872478315	-3.2023952830935	0.00136289841369841	0.00776542716239872
Zo_SA_chr01A_1332-Zo_SB_chr01B_1357	233.996985631343	-1.19999515696192	0.374908040449704	-3.20077199604074	0.00137059940591459	0.00779998635657123
Zo_SA_chr01A_1787-Zo_SB_chr01B_1819	1001.59737414579	-1.26043024680214	0.396368674925283	-3.1799441442736	0.00147303442388188	0.00827432410776523
Zo_SA_chr01A_1550-Zo_SB_chr01B_1575	415.735349981706	-1.27431783776951	0.402392016091922	-3.16685666417002	0.00154096251430243	0.00858510540970595
Zo_SA_chr01A_3053-Zo_SB_chr01B_3056	111.783028564133	-1.50202915483492	0.475004224532834	-3.16213851847773	0.00156615046277812	0.00867476371311132
Zo_SA_chr01A_3516-Zo_SB_chr01B_3526	49.3005445694083	-2.00543089389686	0.634165742107724	-3.16231351007952	0.00156520953608054	0.00867476371311132
Zo_SA_chr01A_3911-Zo_SB_chr01B_3897	150.593483237308	-1.37090205633351	0.434207755611302	-3.15724912468107	0.00159265215741819	0.00880111024186253
Zo_SA_chr01A_1188-Zo_SB_chr01B_1203	336.007150355691	-1.66351357692336	0.528082136575233	-3.15010386019063	0.00163212429617026	0.00899838239125546
Zo_SA_chr02A_993-Zo_SB_chr02B_970	64.7801838703328	-2.2841469123904	0.727215368211341	-3.1409497271881	0.00168400936450243	0.00923108121760013
Zo_SA_chr01A_1365-Zo_SB_chr01B_1387	326.807890981665	-1.36479120672121	0.436076474334338	-3.12970611130658	0.00174981268815312	0.00951522999977449
Zo_SA_chr02A_94-Zo_SB_chr02B_92	44.9941450773231	-2.63605964031562	0.845032446373063	-3.11947742554711	0.00181172142848241	0.00981829487776435
Zo_SA_chr02A_1102-Zo_SB_chr02B_1063	194.569846587997	-1.56108628044944	0.500809165454367	-3.11712801628366	0.00182622251998133	0.009874438999763
Zo_SA_chr01A_538-Zo_SB_chr01B_593	731.766094758774	-1.04411989293146	0.335246960514295	-3.11447981908529	0.00184269561673122	0.00993965621709406
Zo_SA_chr01A_2413-Zo_SB_chr01B_2424	170.9610568849	-1.29896683487615	0.417112905667248	-3.1141851935706	0.00184453674819212	0.00993965621709406
Zo_SA_chr01A_2153-Zo_SB_chr01B_2170	92.5620547568182	-1.70431033380543	0.547627475428184	-3.11217097438883	0.00185716906203643	0.00998671435541732
Zo_SA_chr01A_1502-Zo_SB_chr01B_1529	131.320325891284	-1.8798121369025	0.608663948224986	-3.08842365706807	0.00201221386295918	0.0106981582078621
Zo_SA_chr01A_2271-Zo_SB_chr01B_2289	193.023339402111	-1.06272520153683	0.345084641870415	-3.07960735597123	0.00207273653707582	0.0109710105941339
Zo_SA_chr01A_368-Zo_SB_chr01B_422	248.318881205224	-1.107066202047	0.36038395755717	-3.07190755535055	0.00212695585681092	0.011233059226059
Zo_SA_chr02A_1653-Zo_SB_chr02B_1635	262.581118650848	-1.05812482753712	0.346254593662168	-3.0559156381027	0.00224374377054253	0.0117391673498734
Zo_SA_chr02A_3467-Zo_SB_chr02B_3497	66.77029077087	-1.91514668807483	0.627961482355339	-3.04978369197352	0.00229006237007331	0.0119489140512906
Zo_SA_chr02A_2812-Zo_SB_chr02B_2775	144.701522226546	-1.01369982329105	0.336705064612216	-3.01064619998672	0.00260692413678464	0.0133395077342553
Zo_SA_chr01A_1651-Zo_SB_chr01B_1669	64.2238616429727	-1.78416855739722	0.593690583884047	-3.0052161948145	0.00265392137579312	0.0135364182258368
Zo_SA_chr02A_3113-Zo_SB_chr02B_3109	99.022137947504	-1.17264256758743	0.39064260997654	-3.00182964592074	0.00268362307243511	0.0136586962992988
Zo_SA_chr01A_2122-Zo_SB_chr01B_2144	230.930605446178	-1.00674167961955	0.337149713191034	-2.98603747899116	0.00282618003281694	0.0142474128715687
Zo_SA_chr02A_2825-Zo_SB_chr02B_2785	47.0677524392319	-1.97564599172484	0.661783107807373	-2.98533759538011	0.0028326550925021	0.0142499721934742
Zo_SA_chr01A_1445-Zo_SB_chr01B_1474	235.54689877549	-1.38311205978542	0.463838714471255	-2.98188145282801	0.00286482907280623	0.0143814419454873
Zo_SA_chr01A_2949-Zo_SB_chr01B_2946	85.9759021176254	-2.32649402604101	0.780620966531491	-2.98031198979737	0.00287954940156275	0.014440137850739
Zo_SA_chr02A_2644-Zo_SB_chr02B_2594	634.191062446892	-1.30909081875014	0.43981264225225	-2.97647382768802	0.0029158396923033	0.0145914370331526
Zo_SA_chr02A_562-Zo_SB_chr02B_547	71.170927932819	-1.79592095605528	0.608712944781119	-2.9503577531131	0.00317406164419411	0.0156536711283989
Zo_SA_chr01A_3772-Zo_SB_chr01B_3757	70.1985042402997	-1.92338975201738	0.651989041544851	-2.95003386477174	0.00317739100340546	0.0156539025777279
Zo_SA_chr01A_2230-Zo_SB_chr01B_2245	365.093618322343	-1.04806402238054	0.356207303905124	-2.94228672711239	0.00325798114488107	0.0159684605138107
Zo_SA_chr02A_1192-Zo_SB_chr02B_1165	163.715088386505	-1.5402332318085	0.525207909970939	-2.9326162126799	0.00336119102537681	0.0163566530612469
Zo_SA_chr01A_3494-Zo_SB_chr01B_3500	67.6972907570698	-2.71109347921927	0.928172211233798	-2.92089490119024	0.00349027547929668	0.0168472912558359
Zo_SA_chr02A_3487-Zo_SB_chr02B_3517	131.903540500941	-1.207849965889	0.413916123177071	-2.91810320559145	0.00352167768578605	0.0169645261449633
Zo_SA_chr01A_3797-Zo_SB_chr01B_3781	114.814234435041	-1.32724215784102	0.456288618098503	-2.9087777016487	0.00362844762591421	0.0174260490714853
Zo_SA_chr02A_863-Zo_SB_chr02B_762	1032.3867221409	-1.31903863911971	0.455725574039406	-2.89437045945912	0.00379919635035895	0.0181365038987606
Zo_SA_chr02A_2871-Zo_SB_chr02B_2832	371.416094614203	-1.13473363429858	0.395135524472375	-2.87175807797539	0.0040819532513378	0.0193507306716004
Zo_SA_chr02A_2633-Zo_SB_chr02B_2579	18.5467009016203	-2.90782564607278	1.01632408520112	-2.86112047172174	0.00422146605442032	0.0198221238830757
Zo_SA_chr01A_953-Zo_SB_chr01B_983	38.9163683227473	-2.58504527396598	0.918956187299536	-2.81302341688612	0.00490780769882652	0.0226357204213769
Zo_SA_chr02A_564-Zo_SB_chr02B_549	61.3955734675681	-1.53568559119744	0.546695471941975	-2.80903294432341	0.00496905614314809	0.0228739659716923
Zo_SA_chr02A_3063-Zo_SB_chr02B_3062	345.088921423762	-1.65763807381325	0.59475591964594	-2.78708965990628	0.00531837619270526	0.0242479312265883
Zo_SA_chr02A_483-Zo_SB_chr02B_468	140.507772670994	-1.57463686017183	0.568085018936332	-2.77183310188348	0.00557416082532292	0.0253408703427659
Zo_SA_chr01A_1724-Zo_SB_chr01B_1755	234.43144794312	-1.13259931419552	0.408910984882916	-2.76979429769982	0.00560917049342618	0.0254278841094577
Zo_SA_chr02A_908-Zo_SB_chr02B_873	149.117416397368	-1.30647282834091	0.473718520072187	-2.75790954540225	0.00581722925230597	0.0262215182459803
Zo_SA_chr02A_1119-Zo_SB_chr02B_1095	165.160954711105	-1.00196943269444	0.364577471298797	-2.74830320459724	0.00599045839633581	0.0268753490988951
Zo_SA_chr01A_3694-Zo_SB_chr01B_3685	72.5320972462751	-1.52728370370281	0.55929821826771	-2.73071440927025	0.00631972099080415	0.0281145050421129
Zo_SA_chr02A_135-Zo_SB_chr02B_126	81.9369079742565	-1.50514153807636	0.555012245274592	-2.71190690095799	0.00668973788250685	0.0294855452510861
Zo_SA_chr02A_1867-Zo_SB_chr02B_1833	315.575035557766	-1.34382364362691	0.495583670585903	-2.71159790644065	0.006695976331899	0.0294857905141517
Zo_SA_chr01A_432-Zo_SB_chr01B_486	409.370461664908	-1.78122294980419	0.659444461749836	-2.70109623042056	0.00691113389805966	0.0302100802565046
Zo_SA_chr01A_580-Zo_SB_chr01B_631	377.028058222151	-1.29457329393673	0.485726701263694	-2.66522983103193	0.00769357226030812	0.0329375825730838
Zo_SA_chr01A_1722-Zo_SB_chr01B_1752	84.7302493494331	-1.50369926045454	0.564194749021384	-2.66521314326791	0.00769395407557462	0.0329375825730838
Zo_SA_chr01A_915-Zo_SB_chr01B_950	198.503922476431	-1.09814348361481	0.413268543634106	-2.65721526724053	0.00787891149312426	0.0335486865274193
Zo_SA_chr01A_2549-Zo_SB_chr01B_2561	166.485457072808	-1.31690128762718	0.495696563960787	-2.65666817842085	0.00789170771842316	0.0335731972427833
Zo_SA_chr01A_2510-Zo_SB_chr01B_2518	167.98622919311	-1.14280138861065	0.430526551239608	-2.65442720157491	0.00794431793269211	0.0337668914625746
Zo_SA_chr01A_3654-Zo_SB_chr01B_3649	14.9479639837725	-2.84323464852223	1.07161725013379	-2.65321843985551	0.00797282559703845	0.0338578853715729
Zo_SA_chr01A_406-Zo_SB_chr01B_457	39.5099341130111	-2.01378015764576	0.759228824003252	-2.65240214014469	0.00799212915014628	0.033909665406626
Zo_SA_chr01A_292-Zo_SB_chr01B_349	42.1009604088229	-2.54872749187488	0.962814813019811	-2.64716273307112	0.00811702818265015	0.0343479213869198
Zo_SA_chr01A_1686-Zo_SB_chr01B_1717	151.127055459707	-1.37170197185489	0.518538277424615	-2.6453244274803	0.00816126274783697	0.0344434177384376
Zo_SA_chr01A_2029-Zo_SB_chr01B_2055	164.195769730488	-2.32023587341531	0.877885275430258	-2.64298301652018	0.00821791572638891	0.0346518480098574
Zo_SA_chr02A_2779-Zo_SB_chr02B_2742	82.9743039432465	-1.59386943494639	0.603267377009926	-2.64206137392403	0.00824031222403704	0.0347155909862479
Zo_SA_chr01A_3233-Zo_SB_chr01B_3242	72.9534053577656	-1.98578542175238	0.753950768873571	-2.63383964011233	0.00844253508946996	0.035442297395847
Zo_SA_chr01A_3258-Zo_SB_chr01B_3268	260.421084959436	-1.31347977045741	0.502273240540639	-2.61507017384323	0.0089209125007996	0.0371886640876864
Zo_SA_chr01A_308-Zo_SB_chr01B_366	201.59993835326	-1.16783539225801	0.446788084188045	-2.61384632578179	0.00895292954409767	0.0372895379875998
Zo_SA_chr02A_427-Zo_SB_chr02B_416	114.075597628067	-1.49684178051487	0.57414609706919	-2.6070747291599	0.00913194279843568	0.0380019504413087
Zo_SA_chr02A_2227-Zo_SB_chr02B_2196	41.8331289529798	-2.17360627517388	0.838689824462689	-2.59166882889799	0.00955116647082367	0.0396427440377355
Zo_SA_chr01A_3918-Zo_SB_chr01B_3905	47.9550404632909	-2.15174264297584	0.8318736347594	-2.58662199770062	0.00969218531872813	0.0401232914800473
Zo_SA_chr01A_493-Zo_SB_chr01B_553	41.7572510516338	-2.56682495962971	0.993431238113106	-2.58379730891598	0.00977192039029771	0.0403817376287771
Zo_SA_chr01A_2099-Zo_SB_chr01B_2123	26.8010764850826	-2.43765845025556	0.944343278063054	-2.58132662865505	0.00984214127214901	0.0406030897291337
Zo_SA_chr01A_287-Zo_SB_chr01B_343	231.698839748868	-1.07041653284634	0.416509230153004	-2.56997073619023	0.0101707106132674	0.0417060351802856
Zo_SA_chr01A_2495-Zo_SB_chr01B_2501	191.337075054688	-1.03942925255943	0.407691320666213	-2.54954962215257	0.0107862159891949	0.043666777633676
Zo_SA_chr02A_2531-Zo_SB_chr02B_2478	103.191755881636	-1.34623025454423	0.527899280933639	-2.55016497117272	0.010767195586354	0.043666777633676
Zo_SA_chr01A_3908-Zo_SB_chr01B_3895	126.282212141653	-1.10645458982376	0.436168449317678	-2.53675980359112	0.0111883690139647	0.0450653140435791
Zo_SA_chr01A_1079-Zo_SB_chr01B_1105	35.8376394155753	-1.68943562198771	0.666183741048317	-2.53599047513406	0.0112129783862646	0.0451263239865789
Zo_SA_chr02A_3596-Zo_SB_chr02B_3616	60.4699637296236	-1.49866146909055	0.593257259473985	-2.52615782640292	0.0115317662501959	0.0462531482314418
Zo_SA_chr02A_2917-Zo_SB_chr02B_2889	115.50756658205	-1.04938851024012	0.415532894667881	-2.52540418269137	0.0115565290782123	0.0463135186336088
Zo_SA_chr02A_1416-Zo_SB_chr02B_1401	45.3347590312981	-1.96786090328964	0.779406953837007	-2.52481825264953	0.0115758138506838	0.0463518524382125
Zo_SA_chr02A_1667-Zo_SB_chr02B_1647	66.7853497890081	-1.24829539993493	0.495075975557952	-2.52142188585923	0.0116881623153322	0.0466060585968389
Zo_SA_chr02A_578-Zo_SB_chr02B_563	419.080440230592	-1.05850357939947	0.421608990982782	-2.51062857301043	0.0120516426093579	0.0477757968445783
Zo_SA_chr01A_549-Zo_SB_chr01B_601	21.1627964380285	-2.79042087084719	1.11570508836997	-2.50103804305845	0.0123829875742709	0.0488457135994193
Zo_SA_chr02A_3056-Zo_SB_chr02B_3055	52.5403808642297	-1.86751084736295	0.7472063266262	-2.49932419040825	0.0124430422619761	0.0490015429788308
Zo_SA_chr01A_2538-Zo_SB_chr01B_2552	262.185387091821	-1.04998759693883	0.42100276381361	-2.49401592385672	0.0126306877941084	0.0495980039499639
Zo_SA_chr01A_496-Zo_SB_chr01B_555	93.9199041445678	-1.00766792096992	0.404237992390512	-2.49275906752591	0.012675482380635	0.049705423864201
