baseMean	log2FoldChange	lfcSE	stat	pvalue	padj
Zo_SA_chr01A_295-Zo_SB_chr01B_353	15140.2659251268	1.70242911159708	0.161760491922331	10.5243813947753	6.66981094162682e-26	5.39124209840988e-24
Zo_SA_chr01A_1323-Zo_SB_chr01B_1347	435.030992282692	2.53576415666692	0.244360890374382	10.3771276687604	3.15113428955316e-25	2.38535863918715e-23
Zo_SA_chr02A_1753-Zo_SB_chr02B_1722	448.036101734846	2.53896891350855	0.275595526435756	9.21266374075345	3.181303471431e-20	1.78489838297111e-18
Zo_SA_chr01A_1645-Zo_SB_chr01B_1662	1009.68079637974	2.17777577212337	0.24087489831064	9.04110717802915	1.55092876462949e-19	8.12788931705278e-18
Zo_SA_chr02A_1839-Zo_SB_chr02B_1815	352.109936635551	2.25084937850234	0.250225447546432	8.99528565368903	2.35618687612716e-19	1.19538885236707e-17
Zo_SA_chr01A_746-Zo_SB_chr01B_791	376.516316900724	2.68408083597601	0.308202883706654	8.7088115584626	3.0707728408475e-18	1.40812650750017e-16
Zo_SA_chr02A_2304-Zo_SB_chr02B_2273	409.806020523259	2.35412158072132	0.278461167986348	8.45403902362695	2.81395203237465e-17	1.21997611294497e-15
Zo_SA_chr02A_3039-Zo_SB_chr02B_3036	1718.27373770665	1.47692244548895	0.17990586511987	8.20941798926286	2.22263214554436e-16	9.13770060525955e-15
Zo_SA_chr02A_2409-Zo_SB_chr02B_2375	1146.79050318633	1.62934320546372	0.203577829838207	8.00353951488057	1.20892863032071e-15	4.80448386499955e-14
Zo_SA_chr02A_134-Zo_SB_chr02B_125	2590.03428380096	1.64533404769848	0.210473231699427	7.81730785627005	5.39650116159501e-15	2.04253286028941e-13
Zo_SA_chr02A_158-Zo_SB_chr02B_151	2404.83928210498	1.69049292876047	0.216944629232664	7.79227830963027	6.5811574199622e-15	2.43298757641858e-13
Zo_SA_chr02A_1919-Zo_SB_chr02B_1874	1488.2063395317	1.80756313852704	0.231960816569914	7.79253653809343	6.56771698216594e-15	2.43298757641858e-13
Zo_SA_chr01A_167-Zo_SB_chr01B_232	1533.97173119478	1.55747166202635	0.201125350101113	7.74378595857437	9.64994058061506e-15	3.51302035335521e-13
Zo_SA_chr02A_1933-Zo_SB_chr02B_1891	608.50868727553	2.15464082737574	0.280123669488964	7.69174854558523	1.45137653440501e-14	5.01566282070833e-13
Zo_SA_chr01A_1299-Zo_SB_chr01B_1326	380.033527078367	2.2671719161723	0.295799295078908	7.66456159257412	1.79443079211707e-14	6.15657586158726e-13
Zo_SA_chr01A_2345-Zo_SB_chr01B_2362	244.021681143837	2.38097103863229	0.32229715479483	7.38750250571705	1.49612313680783e-13	4.85374914247385e-12
Zo_SA_chr02A_1282-Zo_SB_chr02B_1275	2116.69156954435	1.88832083132979	0.255717828194744	7.38439257309712	1.53150951573088e-13	4.93497897332471e-12
Zo_SA_chr02A_834-Zo_SB_chr02B_789	455.248561910041	1.98043408913766	0.270308188838044	7.326578220404	2.36103412482226e-13	7.40774456662983e-12
Zo_SA_chr02A_2214-Zo_SB_chr02B_2184	192.736080473845	2.77134474729777	0.381068131734237	7.27257022172232	3.52711122079466e-13	1.0852124781916e-11
Zo_SA_chr02A_982-Zo_SB_chr02B_955	222.142855420831	2.57630206570169	0.36342536432908	7.08894402694705	1.35139165682217e-12	3.87933390565171e-11
Zo_SA_chr02A_1044-Zo_SB_chr02B_1025	2205.65175552393	2.00614953550692	0.283642636730795	7.07280667895831	1.51830943390521e-12	4.27803953878926e-11
Zo_SA_chr01A_2640-Zo_SB_chr01B_2638	147.337644126385	2.88115225157441	0.411687187567611	6.99840154996624	2.58899185177313e-12	7.09592077075061e-11
Zo_SA_chr02A_30-Zo_SB_chr02B_32	606.349401411785	2.24994858842391	0.32361368050293	6.95257562945808	3.58676431125557e-12	9.77444514307305e-11
Zo_SA_chr01A_3898-Zo_SB_chr01B_3885	3433.47928658097	1.25394716262395	0.180436692842598	6.94951311104896	3.66549058312575e-12	9.93222988120835e-11
Zo_SA_chr01A_2188-Zo_SB_chr01B_2207	511.575256497259	1.7373326209466	0.251292769204031	6.9135798314038	4.72573532254354e-12	1.25905205325196e-10
Zo_SA_chr01A_537-Zo_SB_chr01B_592	211.762028705968	2.27189817750554	0.329430990851596	6.89643124234476	5.33251564586251e-12	1.41282039528435e-10
Zo_SA_chr02A_3762-Zo_SB_chr02B_3767	112.295824548457	2.95371387476337	0.429653888988017	6.87463549258307	6.2148564047445e-12	1.62849726341904e-10
Zo_SA_chr02A_23-Zo_SB_chr02B_25	898.284644156091	1.51238102056097	0.220111047229325	6.87099098204408	6.37574248325547e-12	1.66152545916095e-10
Zo_SA_chr01A_1466-Zo_SB_chr01B_1500	1200.13136267965	2.21303399000505	0.324679179188732	6.81606376957928	9.35687750420256e-12	2.38625394746214e-10
Zo_SA_chr01A_2498-Zo_SB_chr01B_2503	483.674957014799	2.13156162112431	0.317462137322046	6.71438061592198	1.88866733197736e-11	4.69117422197917e-10
Zo_SA_chr02A_3072-Zo_SB_chr02B_3072	217.487845464378	2.64773259144723	0.395776948295214	6.68996161310603	2.23229145434713e-11	5.48752471432034e-10
Zo_SA_chr01A_4134-Zo_SB_chr01B_4156	471.575841285678	2.01393272388585	0.306845358819573	6.56334751691668	5.26130345567104e-11	1.21213314879687e-09
Zo_SA_chr02A_575-Zo_SB_chr02B_560	467.924621259189	2.20268429757959	0.338710869738787	6.5031402720506	7.86603832115978e-11	1.77787377979199e-09
Zo_SA_chr01A_3644-Zo_SB_chr01B_3636	243.629068072822	2.23918556937035	0.346661359612749	6.45928802642359	1.05196724519343e-10	2.32260731126272e-09
Zo_SA_chr01A_1233-Zo_SB_chr01B_1261	743.577397488362	2.53892843029615	0.393718717989538	6.44858452059578	1.12899595853562e-10	2.48118973560202e-09
Zo_SA_chr02A_1377-Zo_SB_chr02B_1359	173.201365001879	2.2771252599372	0.354141731567671	6.4299828485536	1.27618344379495e-10	2.75428720952008e-09
Zo_SA_chr01A_1166-Zo_SB_chr01B_1184	966.66585484675	2.12988862055894	0.334005498243574	6.37680706383378	1.80818014434564e-10	3.83253827039305e-09
Zo_SA_chr01A_1428-Zo_SB_chr01B_1458	288.741145519582	2.40147405359688	0.379384409404226	6.32992288051078	2.45283761986176e-10	5.06388857537694e-09
Zo_SA_chr01A_817-Zo_SB_chr01B_864	1647.83178426503	1.48184866313741	0.234906204160074	6.30825681439907	2.82195692407055e-10	5.77592814201393e-09
Zo_SA_chr01A_2840-Zo_SB_chr01B_2838	2796.27540700879	1.12528553003643	0.180687131319095	6.22781225105161	4.72993395922842e-10	9.43809834793320e-09
Zo_SA_chr02A_3672-Zo_SB_chr02B_3696	198.668880246711	2.34384912256044	0.381479388562281	6.144104223806	8.04160297674704e-10	1.57820595045706e-08
Zo_SA_chr01A_1992-Zo_SB_chr01B_2024	2533.19297285983	1.15201067536504	0.188383821235538	6.11523148755259	9.64169001812979e-10	1.86915527221386e-08
Zo_SA_chr01A_1406-Zo_SB_chr01B_1434	161.386598569596	2.70164291625373	0.442730388049946	6.10223058813154	1.04598324321524e-09	2.01955226190019e-08
Zo_SA_chr01A_2906-Zo_SB_chr01B_2906	4730.50024136382	1.04304658754017	0.171310677929572	6.08862564871161	1.13884057452265e-09	2.18997205641068e-08
Zo_SA_chr02A_424-Zo_SB_chr02B_412	472.410766643514	2.10651320018368	0.348280539340621	6.04832301044388	1.46361290065141e-09	2.79198796928264e-08
Zo_SA_chr02A_1126-Zo_SB_chr02B_1101	249.127289591538	1.95779545973802	0.325295760700699	6.01850898862271	1.7603094074399e-09	3.30508486774838e-08
Zo_SA_chr02A_70-Zo_SB_chr02B_68	6059.42222829071	1.22790898052007	0.204745338750089	5.99724998877188	2.00686995758821e-09	3.75324032460321e-08
Zo_SA_chr02A_3137-Zo_SB_chr02B_3137	164.132791584661	2.79953568120915	0.467516878564917	5.98809542406804	2.12312494402403e-09	3.95514955392602e-08
Zo_SA_chr01A_3328-Zo_SB_chr01B_3343	309.849488595696	2.59786131331053	0.434939062259709	5.97293170177321	2.33027474222727e-09	4.3241557376194e-08
Zo_SA_chr01A_2435-Zo_SB_chr01B_2447	1010.10795221863	2.57950014493326	0.439531258805392	5.86875243400007	4.39086487949265e-09	7.87219346251897e-08
Zo_SA_chr02A_698-Zo_SB_chr02B_669	322.424356582989	2.04656986498033	0.351400453184747	5.82403877522706	5.74422396396817e-09	9.96152875787789e-08
Zo_SA_chr02A_974-Zo_SB_chr02B_946	377.987643693465	1.57211236381311	0.270000176759106	5.82263457262751	5.79271222733038e-09	1.0009219062369e-07
Zo_SA_chr02A_2704-Zo_SB_chr02B_2670	358.656692531044	2.09035642417678	0.36426013090053	5.73863633939011	9.54419125486371e-09	1.61405135086685e-07
Zo_SA_chr01A_516-Zo_SB_chr01B_574	859.394702058135	1.59914914084055	0.279383710202878	5.7238453153883	1.04139575675707e-08	1.7365092181729e-07
Zo_SA_chr01A_952-Zo_SB_chr01B_982	195.895118525169	1.90331014347658	0.334054821552273	5.69759818053919	1.21507010953958e-08	2.00507590048244e-07
Zo_SA_chr02A_2668-Zo_SB_chr02B_2614	1137.53569174979	2.26671446424241	0.399942705244242	5.66759796970954	1.44813257122197e-08	2.35704581302305e-07
Zo_SA_chr01A_1702-Zo_SB_chr01B_1736	485.761173642617	1.29954184966621	0.230762092791105	5.63152220517692	1.78625972066895e-08	2.85861496908396e-07
Zo_SA_chr02A_2649-Zo_SB_chr02B_2599	162.865005286104	2.39437103634575	0.426576719603399	5.61299041019366	1.98859624332946e-08	3.1717777539927e-07
Zo_SA_chr02A_1533-Zo_SB_chr02B_1519	1487.86900317755	1.54913391578378	0.276279270349948	5.60713047280592	2.05708590648782e-08	3.27008089601347e-07
Zo_SA_chr01A_1914-Zo_SB_chr01B_1945	62.1599260658291	2.94874711313134	0.527915261964371	5.58564475321107	2.32834755653756e-08	3.6525952293183e-07
Zo_SA_chr02A_1208-Zo_SB_chr02B_1184	74.168228133017	2.81024098816874	0.504275207745606	5.57283194772177	2.50631315774667e-08	3.91888768829307e-07
Zo_SA_chr02A_1979-Zo_SB_chr02B_1938	301.791438702931	2.48216031593216	0.449540757449414	5.52154676700582	3.36028347151223e-08	5.169416734078e-07
Zo_SA_chr01A_32-Zo_SB_chr01B_79	341.822727386769	2.28255456483524	0.413963054939485	5.51390888051329	3.50950347086333e-08	5.36436604248309e-07
Zo_SA_chr02A_2009-Zo_SB_chr02B_1956	108.919686379195	2.38610065901809	0.435122553151964	5.48374392854041	4.16417418418281e-08	6.34471140075648e-07
Zo_SA_chr01A_4030-Zo_SB_chr01B_4005	280.73589872086	1.53175570242876	0.280919077529418	5.45265816725584	4.9622401486045e-08	7.46527547908354e-07
Zo_SA_chr02A_1955-Zo_SB_chr02B_1914	127.723580681131	2.02359542018969	0.372452698023839	5.43316085754377	5.53644559929327e-08	8.3029273783112e-07
Zo_SA_chr02A_2485-Zo_SB_chr02B_2442	2277.39019023907	1.07050414864298	0.198270090909011	5.39922155548036	6.69306762027395e-08	9.88211748640449e-07
Zo_SA_chr01A_408-Zo_SB_chr01B_459	7629.58023091258	1.18114940980863	0.218998132539361	5.39342229138113	6.91282292489349e-08	1.01126541499439e-06
Zo_SA_chr02A_3607-Zo_SB_chr02B_3626	424.957312567242	1.53808180270879	0.285148951037211	5.39395918208402	6.89218812204425e-08	1.01126541499439e-06
Zo_SA_chr01A_2258-Zo_SB_chr01B_2270	107.091193044824	2.86512948757021	0.532598982049022	5.3795249036103	7.46826637471186e-08	1.0760169891541e-06
Zo_SA_chr02A_3481-Zo_SB_chr02B_3510	887.906265985384	1.28966179722096	0.240870284307067	5.35417559260597	8.59473671092171e-08	1.23458733055378e-06
Zo_SA_chr02A_3399-Zo_SB_chr02B_3424	76.253163867064	2.80059584744685	0.525236943350993	5.33206181114975	9.71038721333152e-08	1.3782391851303e-06
Zo_SA_chr01A_1991-Zo_SB_chr01B_2023	291.722200620507	1.54591125028411	0.290088536616568	5.32910148161923	9.86998385577664e-08	1.39673451062904e-06
Zo_SA_chr01A_593-Zo_SB_chr01B_642	492.133517626018	1.50024403757466	0.282435209685135	5.31181660830166	1.08537801137958e-07	1.5224022753733e-06
Zo_SA_chr02A_181-Zo_SB_chr02B_171	260.774729242192	2.02772643427582	0.385191858230931	5.26419858298291	1.40802194175391e-07	1.95199320936756e-06
Zo_SA_chr02A_3624-Zo_SB_chr02B_3641	113.7684130989	2.30239307346386	0.438159862379504	5.25468732110767	1.48276163106175e-07	2.04372549668597e-06
Zo_SA_chr01A_564-Zo_SB_chr01B_616	928.67885942101	1.21921892623903	0.232622807688392	5.24118395076817	1.59549562672389e-07	2.18647087466846e-06
Zo_SA_chr02A_1462-Zo_SB_chr02B_1453	1326.81801158993	1.01715787782618	0.194442344228031	5.23115415967889	1.68454950946687e-07	2.27581207100496e-06
Zo_SA_chr01A_1075-Zo_SB_chr01B_1101	224.543668049437	1.83264879477261	0.350679369059307	5.22599547184274	1.73220598184124e-07	2.32701135983123e-06
Zo_SA_chr02A_1591-Zo_SB_chr02B_1575	635.318362415283	1.9616468136038	0.381342838097238	5.14405049113207	2.68877218522816e-07	3.53139747043732e-06
Zo_SA_chr02A_707-Zo_SB_chr02B_681	301.159681710797	2.24054017417989	0.437895486371307	5.11660942830558	3.11076840885264e-07	4.01796088635073e-06
Zo_SA_chr02A_2846-Zo_SB_chr02B_2807	479.351448621534	1.17002997658471	0.229172013471368	5.10546623412589	3.29979909104897e-07	4.19646449739001e-06
Zo_SA_chr01A_1597-Zo_SB_chr01B_1619	282.944140878785	1.45063163095559	0.286010431042129	5.07195358459466	3.93752439553657e-07	4.94570593930721e-06
Zo_SA_chr02A_3333-Zo_SB_chr02B_3333	1221.69290403191	1.39656769170624	0.275359632727415	5.0717953022865	3.94080154526471e-07	4.94570593930721e-06
Zo_SA_chr01A_1880-Zo_SB_chr01B_1917	553.436021087212	1.4188568800145	0.280014107730921	5.06709069593716	4.03941848198158e-07	5.05616449883731e-06
Zo_SA_chr02A_2408-Zo_SB_chr02B_2373	259.034412580215	1.72376668041435	0.340312131636738	5.06525192658829	4.07860600522035e-07	5.09055986404154e-06
Zo_SA_chr02A_3712-Zo_SB_chr02B_3726	197.280957425592	1.67409880881746	0.330535870309294	5.06480221723272	4.08824581238815e-07	5.09055986404154e-06
Zo_SA_chr01A_446-Zo_SB_chr01B_502	522.347180584096	1.4375166001718	0.286295587618456	5.02109240358801	5.13784337288569e-07	6.33136306079892e-06
Zo_SA_chr01A_2236-Zo_SB_chr01B_2251	131.949570238749	2.10449680594803	0.419692225879546	5.01438119692984	5.32044139528306e-07	6.53948067373838e-06
Zo_SA_chr01A_39-Zo_SB_chr01B_89	535.599463029616	1.70761228559608	0.340980412383199	5.0079483265949	5.50132985083928e-07	6.72713898939808e-06
Zo_SA_chr01A_1920-Zo_SB_chr01B_1951	1360.96943200934	1.02036574053333	0.204460631031564	4.99052426565099	6.02156351673546e-07	7.32572357431413e-06
Zo_SA_chr02A_137-Zo_SB_chr02B_128	337.11268368425	1.71854886023463	0.345681029590694	4.97148733405905	6.64412057204779e-07	8.00146742628685e-06
Zo_SA_chr02A_507-Zo_SB_chr02B_492	77.4721752239872	2.42977604259373	0.492328938031081	4.93526960310494	8.00401169784681e-07	9.54278294675785e-06
Zo_SA_chr02A_1487-Zo_SB_chr02B_1476	568.468260583664	1.08363868404724	0.219946457628058	4.92682944628158	8.35746440181586e-07	9.91461386374623e-06
Zo_SA_chr02A_1481-Zo_SB_chr02B_1471	144.232820584256	2.26761311210374	0.460432907395401	4.92495882827161	8.437811825446e-07	9.98509295174987e-06
Zo_SA_chr01A_1720-Zo_SB_chr01B_1750	575.320982223954	1.33061077064235	0.273534398161923	4.86450983709431	1.14740800979732e-06	1.34446899231534e-05
Zo_SA_chr02A_1458-Zo_SB_chr02B_1449	1192.66047633807	1.03349962063183	0.213518195053935	4.84033513102134	1.29620353365396e-06	1.50770601268189e-05
Zo_SA_chr02A_2843-Zo_SB_chr02B_2804	442.815845977374	1.4530432077382	0.300488413920017	4.83560477018912	1.32741435770344e-06	1.54025281554446e-05
Zo_SA_chr02A_1281-Zo_SB_chr02B_1274	4267.86812137875	1.09034786811143	0.227101444793531	4.80114897156521	1.5775785212008e-06	1.78704797330323e-05
Zo_SA_chr01A_3353-Zo_SB_chr01B_3372	750.429604596228	1.32874010603016	0.281807658659852	4.71506030868374	2.41639166448534e-06	2.67994694137921e-05
Zo_SA_chr02A_3638-Zo_SB_chr02B_3658	144.085327371558	2.30355955271684	0.48958124361453	4.70516299952565	2.53663201879736e-06	2.79381018421353e-05
Zo_SA_chr02A_1626-Zo_SB_chr02B_1608	195.719129975913	1.80692486451885	0.386341136749886	4.67701907107201	2.91075196431094e-06	3.15485820859065e-05
Zo_SA_chr02A_1472-Zo_SB_chr02B_1462	1173.30071892164	1.64447869427675	0.35334561939151	4.65402315474769	3.25520224305873e-06	3.50992363241085e-05
Zo_SA_chr02A_3439-Zo_SB_chr02B_3471	692.10145830628	1.55167599554167	0.333496905304135	4.65274481071004	3.27545508013074e-06	3.51816335070799e-05
Zo_SA_chr01A_1395-Zo_SB_chr01B_1421	938.149297066547	1.01454333186209	0.218285933211007	4.64777238248044	3.35538867643219e-06	3.5959210332371e-05
Zo_SA_chr01A_971-Zo_SB_chr01B_1003	1717.41400565907	1.05125560490382	0.227525209875131	4.62039176001973	3.8301612556775e-06	4.08636219873064e-05
Zo_SA_chr02A_80-Zo_SB_chr02B_78	250.089988773368	2.4677171032606	0.535632968398115	4.60710458252906	4.08314666346799e-06	4.33686557640955e-05
Zo_SA_chr01A_4183-Zo_SB_chr01B_4208	3970.72312815617	1.7717428898499	0.385544968170302	4.595424752288	4.31868625892148e-06	4.5666995052764e-05
Zo_SA_chr02A_1410-Zo_SB_chr02B_1394	304.695606954729	2.38785858379607	0.526063483420065	4.53910727327438	5.64928922037278e-06	5.85683919390386e-05
Zo_SA_chr02A_2727-Zo_SB_chr02B_2693	230.377964384315	1.85781716320975	0.410237172957117	4.52864168748538	5.93640681786486e-06	6.14115490550922e-05
Zo_SA_chr02A_2736-Zo_SB_chr02B_2701	304.303662821328	1.32928859982782	0.297530272351012	4.46774235550588	7.90494310854977e-06	8.03809673447204e-05
Zo_SA_chr02A_1798-Zo_SB_chr02B_1772	186.301082062203	1.55291506060879	0.348472366884408	4.45635065555689	8.33666299079352e-06	8.42153618362047e-05
Zo_SA_chr01A_2723-Zo_SB_chr01B_2713	1242.94110154435	1.30817249226329	0.298173122521838	4.38729178941165	1.14770773661114e-05	0.000112853983420588
Zo_SA_chr02A_577-Zo_SB_chr02B_562	429.642868934718	1.70374625188915	0.388378407939342	4.38682021724352	1.15019783186754e-05	0.000112866120579759
Zo_SA_chr02A_1921-Zo_SB_chr02B_1876	166.441613988157	2.08655353879143	0.477157431568816	4.37288282806616	1.2261654136766e-05	0.000120073569975846
Zo_SA_chr01A_3785-Zo_SB_chr01B_3768	229.274668946791	1.73575317453931	0.3970936409209	4.37114321577631	1.23597686034059e-05	0.000120786345224678
Zo_SA_chr02A_971-Zo_SB_chr02B_943	769.725134189525	1.10625525578328	0.258686342470387	4.27643471711275	1.89910213066024e-05	0.000181863816488327
Zo_SA_chr01A_923-Zo_SB_chr01B_956	822.925997304055	1.33083491013553	0.312530749997567	4.25825270040112	2.06030973562043e-05	0.000196120102378719
Zo_SA_chr01A_2488-Zo_SB_chr01B_2494	255.735265685339	1.56417316374268	0.367801553434876	4.25276388621789	2.11148173056654e-05	0.000200590764403821
Zo_SA_chr02A_235-Zo_SB_chr02B_221	454.577786282132	1.32151255931665	0.311439251423386	4.24324343600517	2.20312220844424e-05	0.000208053263605358
Zo_SA_chr01A_1039-Zo_SB_chr01B_1076	176.017581683424	1.61218152855124	0.381813113831524	4.2224362394808	2.41675777888407e-05	0.000224231864737318
Zo_SA_chr01A_1588-Zo_SB_chr01B_1609	925.681799730264	1.15087940780175	0.273068776539571	4.21461370423276	2.50206074011567e-05	0.000231246660263792
Zo_SA_chr02A_1812-Zo_SB_chr02B_1788	405.232083384324	1.56216530098843	0.372493252299688	4.19380832093999	2.74309799136632e-05	0.000250130675350402
Zo_SA_chr01A_360-Zo_SB_chr01B_413	358.165409742023	1.48459906872303	0.354109443980859	4.19248651499755	2.75913488026775e-05	0.000250928111144919
Zo_SA_chr02A_3392-Zo_SB_chr02B_3415	120.041354882256	2.49538652555033	0.595242116661379	4.19222104031645	2.76236649928879e-05	0.000250928111144919
Zo_SA_chr02A_1858-Zo_SB_chr02B_1825	232.284868001542	1.8421317548643	0.439777119694864	4.18878489208908	2.8045207635144e-05	0.000254272994699623
Zo_SA_chr01A_2022-Zo_SB_chr01B_2048	182.310906031542	1.91943017677488	0.458916627855482	4.18252479920891	2.88289559628289e-05	0.00026038880868699
Zo_SA_chr02A_555-Zo_SB_chr02B_539	413.044998593763	1.23884186358939	0.296301848488155	4.18101294308636	2.90213342050877e-05	0.000261630893807303
Zo_SA_chr02A_2529-Zo_SB_chr02B_2477	172.035873893022	1.87638315767259	0.457268797328451	4.10345767879893	4.07020935633975e-05	0.000356816698904122
Zo_SA_chr02A_574-Zo_SB_chr02B_559	838.770228791692	1.00683021692696	0.245791571683699	4.09627641025304	4.19848600323945e-05	0.000366043505474386
Zo_SA_chr01A_769-Zo_SB_chr01B_815	565.286669931611	1.27158115466636	0.310882778253222	4.09022706825731	4.30951070768778e-05	0.00037503752855772
Zo_SA_chr01A_2069-Zo_SB_chr01B_2093	798.748426929581	1.06816769437103	0.261476095903263	4.08514472682892	4.40493518177912e-05	0.000382643640836149
Zo_SA_chr01A_2361-Zo_SB_chr01B_2376	78.0257595986782	2.0240288444901	0.497572263009331	4.06780882891002	4.74572897590975e-05	0.0004085267416266
Zo_SA_chr02A_2396-Zo_SB_chr02B_2363	165.797244457982	2.81631139123044	0.692280517135941	4.06816503067558	4.73848175978344e-05	0.0004085267416266
Zo_SA_chr01A_534-Zo_SB_chr01B_590	336.797349904488	1.5819334311449	0.389811845272707	4.05819743635087	4.94529511294522e-05	0.000424938962047491
Zo_SA_chr02A_597-Zo_SB_chr02B_582	214.191228109925	1.51283316854524	0.375311436114853	4.03087415668911	5.55697920690629e-05	0.000472392760030947
Zo_SA_chr01A_445-Zo_SB_chr01B_501	331.679490062152	1.01068645756166	0.250906628863143	4.02813772653627	5.62204077392686e-05	0.000477073175282157
Zo_SA_chr01A_2025-Zo_SB_chr01B_2051	474.489801780396	1.0696545449539	0.268850780450151	3.97861796481647	6.93170172562745e-05	0.000576751606917325
Zo_SA_chr01A_171-Zo_SB_chr01B_238	312.905005837628	1.33133335918777	0.338489373080182	3.93316146699943	8.38358809357697e-05	0.000683673271583278
Zo_SA_chr02A_1374-Zo_SB_chr02B_1356	1658.87227963838	1.12223757398445	0.287000465147414	3.91022911202609	9.22086177589613e-05	0.000747862071585862
Zo_SA_chr01A_2853-Zo_SB_chr01B_2849	132.463169398482	1.89801588242897	0.486010643925989	3.90529694390398	9.41097528464788e-05	0.000761985418208586
Zo_SA_chr01A_3573-Zo_SB_chr01B_3571	92.7996656829839	2.67273376208878	0.687037317988779	3.8902308391528	0.000100148907094107	0.000806773881641545
Zo_SA_chr01A_1064-Zo_SB_chr01B_1091	159.170304962279	1.29734845721864	0.333976117529835	3.88455458077102	0.000102517661170232	0.000823075296499723
Zo_SA_chr02A_1890-Zo_SB_chr02B_1852	136.968086428345	1.68837770133727	0.43478689830401	3.88323040073927	0.000103077810393518	0.000824795432494444
Zo_SA_chr01A_88-Zo_SB_chr01B_152	135.296470183826	1.83922795865984	0.473689248245161	3.88277328538379	0.000103271847259208	0.000824963885392231
Zo_SA_chr01A_3630-Zo_SB_chr01B_3623	198.60811251029	1.80376745482542	0.464830799680096	3.88048179265833	0.000104249749354121	0.000831383034564888
Zo_SA_chr02A_1250-Zo_SB_chr02B_1239	1055.50592362297	1.11806029171722	0.288924486130884	3.86973186900723	0.000108955115506052	0.000861747795744257
Zo_SA_chr01A_413-Zo_SB_chr01B_465	449.783550507887	1.20658179393865	0.312988413899336	3.85503660952355	0.000115712312154706	0.000901868087434905
Zo_SA_chr02A_1476-Zo_SB_chr02B_1465	149.754762295436	2.32034248916452	0.602158084390089	3.85337762510444	0.000116499502563725	0.000906339523207841
Zo_SA_chr01A_2802-Zo_SB_chr01B_2793	533.879190791155	1.34507524677158	0.349784489262286	3.84543994391636	0.000120336335989282	0.000934664472854859
Zo_SA_chr02A_1768-Zo_SB_chr02B_1739	288.226880039308	1.25672647345192	0.327525584154458	3.83703299605218	0.000124529745439256	0.000965662367479372
Zo_SA_chr02A_209-Zo_SB_chr02B_195	114.85808574093	2.09665142554057	0.546588650758542	3.83588540053089	0.000125112740824314	0.000968608215894733
Zo_SA_chr01A_2033-Zo_SB_chr01B_2060	914.179923578078	1.39666725167618	0.365606657361635	3.82013626818256	0.000133377964791914	0.00102099440464308
Zo_SA_chr02A_2269-Zo_SB_chr02B_2240	76.5857598981149	2.20404660975334	0.578651546816338	3.80893582999943	0.000139566169548436	0.00106154874414113
Zo_SA_chr01A_1018-Zo_SB_chr01B_1054	383.950949651052	1.43638623042118	0.377692145659789	3.80306089741942	0.000142919205307044	0.00108532116259441
Zo_SA_chr01A_2130-Zo_SB_chr01B_2152	494.631933060874	1.0871242116691	0.28705019822397	3.78722682790441	0.000152338021254275	0.001151347105169
Zo_SA_chr02A_1414-Zo_SB_chr02B_1400	243.031997326462	1.48387653394392	0.392507919477335	3.78050087733224	0.000156513167831232	0.00117450198865503
Zo_SA_chr01A_3710-Zo_SB_chr01B_3700	123.257817404124	1.69404093448814	0.451968432938309	3.74813993861239	0.000178150854226826	0.00132750222469958
Zo_SA_chr02A_2954-Zo_SB_chr02B_2934	194.420151008389	1.49352129160033	0.400832814669795	3.72604546569046	0.000194507334821376	0.0014426212749038
Zo_SA_chr01A_2045-Zo_SB_chr01B_2074	381.877318039658	1.04718985429243	0.281189568249518	3.72414190473519	0.000195980673017086	0.00144904159630773
Zo_SA_chr02A_102-Zo_SB_chr02B_99	45.3325621719082	2.85305382851595	0.76607842172097	3.72423207288186	0.000195910647774149	0.00144904159630773
Zo_SA_chr02A_2203-Zo_SB_chr02B_2172	482.753970011578	1.5685986033269	0.424041581034192	3.69916223664022	0.00021631230178972	0.00158706671882335
Zo_SA_chr02A_1978-Zo_SB_chr02B_1937	485.436494558396	1.65518915932648	0.450295681646533	3.6757828839801	0.000237121125883768	0.0017212034236525
Zo_SA_chr02A_2313-Zo_SB_chr02B_2284	563.934974163482	1.16836487061173	0.317896475625093	3.67529985450239	0.000237570223176423	0.00172184254457198
Zo_SA_chr02A_3401-Zo_SB_chr02B_3429	120.434085184051	1.35653181302105	0.369275079265429	3.67349948368976	0.000239251160891223	0.00173139421288353
Zo_SA_chr02A_2164-Zo_SB_chr02B_2140	220.498876409032	1.80354459972619	0.49173564478115	3.66771174485199	0.000244730860231511	0.00176569057858408
Zo_SA_chr01A_3499-Zo_SB_chr01B_3512	403.106439607659	1.02923296105437	0.28178945929752	3.65248921524663	0.000259710506897414	0.00185135935335391
Zo_SA_chr01A_1592-Zo_SB_chr01B_1613	376.065373393481	1.06631686634257	0.292265435068664	3.64845355760955	0.000263823581761125	0.00187228372234942
Zo_SA_chr02A_3169-Zo_SB_chr02B_3173	163.9834335447	1.31030921978159	0.359281265629703	3.64702906923089	0.00026528992152436	0.00187747156460118
Zo_SA_chr02A_3335-Zo_SB_chr02B_3334	260.10036512737	1.33942481585007	0.370121953734293	3.61887427194234	0.000295887339113008	0.0020751275297499
Zo_SA_chr01A_3548-Zo_SB_chr01B_3549	125.955810856929	1.52612270169823	0.422046933326087	3.61600234758511	0.000299187662402441	0.00209519230836599
Zo_SA_chr02A_3428-Zo_SB_chr02B_3461	244.422119810286	1.34520022601824	0.37399596496331	3.59683085391098	0.000322117795627606	0.00223932910692136
Zo_SA_chr02A_2478-Zo_SB_chr02B_2438	95.2224542010435	1.5694851191015	0.437846638400809	3.58455445686163	0.000337654111068367	0.00233372819664499
Zo_SA_chr01A_613-Zo_SB_chr01B_661	101.417081832318	1.78134442310269	0.49785354909244	3.57804905950753	0.000346168485390409	0.00237878603289173
Zo_SA_chr01A_3928-Zo_SB_chr01B_3917	219.141471528756	1.5504846973479	0.43491204675414	3.56505346062398	0.000363782030260757	0.00248194063278047
Zo_SA_chr02A_602-Zo_SB_chr02B_586	567.827056096514	1.23237649809755	0.34606267073317	3.56113676024816	0.000369252681016619	0.00251566576538322
Zo_SA_chr02A_3376-Zo_SB_chr02B_3398	26.7974311988191	2.8623940781415	0.805181744870497	3.55496643630673	0.00037802734234972	0.00257177231906678
Zo_SA_chr01A_3222-Zo_SB_chr01B_3230	335.225741023343	1.56430939211099	0.44096341349767	3.547481138408	0.000388933599290562	0.00263844144383597
Zo_SA_chr02A_3544-Zo_SB_chr02B_3578	204.208216065686	1.39568206140786	0.395541380466308	3.52853615407438	0.000417864862573824	0.00279494744686475
Zo_SA_chr02A_1387-Zo_SB_chr02B_1369	164.647283215919	2.22138225556615	0.630425058958364	3.52362620108485	0.000425684322919787	0.00284192229859181
Zo_SA_chr02A_1290-Zo_SB_chr02B_1285	101.281674130005	1.55481153649464	0.441757237554615	3.51960625501334	0.000432187882548335	0.0028786368880908
Zo_SA_chr02A_236-Zo_SB_chr02B_226	791.163911653813	1.31384572800125	0.375194831974478	3.50176925702065	0.00046217970106467	0.00305705269677866
Zo_SA_chr01A_901-Zo_SB_chr01B_938	411.410541590563	1.04860020722995	0.301579881241288	3.47702307897319	0.000507014172984522	0.0033011985887883
Zo_SA_chr02A_1502-Zo_SB_chr02B_1489	74.7317044248006	2.76655624841852	0.798291098347356	3.46559826878431	0.000529053147334505	0.0034280631245085
Zo_SA_chr02A_2802-Zo_SB_chr02B_2765	36.5187824617045	2.5798462872298	0.745292495340296	3.46152189021018	0.000537130436504858	0.00347567849618951
Zo_SA_chr02A_779-Zo_SB_chr02B_740	358.648909266969	1.10084155991292	0.318079762601424	3.4608978292415	0.000538377099090009	0.00347902491268327
Zo_SA_chr01A_928-Zo_SB_chr01B_961	144.416194577448	1.54639817573304	0.44814690070213	3.45065016250304	0.000559237963645316	0.00359434750488479
Zo_SA_chr02A_1901-Zo_SB_chr02B_1859	283.448342580157	1.1951174901486	0.346778361689824	3.44634389621338	0.000568226748743357	0.0036374139124256
Zo_SA_chr01A_414-Zo_SB_chr01B_466	283.498545870401	1.21621214691078	0.355135886773133	3.42463882758129	0.000615617226846817	0.00390409382291552
Zo_SA_chr01A_779-Zo_SB_chr01B_820	30.0488567345895	2.85731121824271	0.835326300891507	3.42059290506384	0.000624847892257585	0.00395736998429804
Zo_SA_chr02A_1357-Zo_SB_chr02B_1342	112.384100517353	1.79211325889001	0.524675512515724	3.41566018642104	0.000636275938160904	0.00401907278025079
Zo_SA_chr02A_2539-Zo_SB_chr02B_2486	573.21365715842	1.45208649183387	0.429557575529468	3.38042342762561	0.000723742381930526	0.00450591046922543
Zo_SA_chr01A_229-Zo_SB_chr01B_289	1192.17550456122	1.10206784207464	0.328372147367585	3.35615505428653	0.000790342447830809	0.00485830326437262
Zo_SA_chr01A_2957-Zo_SB_chr01B_2954	261.257395831139	1.70053626214137	0.506701775786342	3.35608901212619	0.000790531208461555	0.00485830326437262
Zo_SA_chr02A_2613-Zo_SB_chr02B_2559	855.232512627727	1.13382808609576	0.337829207571698	3.35621687137611	0.000790165801133735	0.00485830326437262
Zo_SA_chr01A_2719-Zo_SB_chr01B_2710	117.911725149501	1.38120013179031	0.413023655014672	3.34411870850654	0.000825444091686548	0.00505982374454132
Zo_SA_chr01A_3757-Zo_SB_chr01B_3739	27.6496190170102	2.68315944434095	0.806741022905388	3.32592414189854	0.000881259088890319	0.00537432812649352
Zo_SA_chr02A_732-Zo_SB_chr02B_706	218.450789542046	1.45101680429513	0.436915122157082	3.32104962888755	0.000896795890969777	0.00546209400259881
Zo_SA_chr02A_5-Zo_SB_chr02B_6	242.23883567401	1.36992309954935	0.41394793761453	3.30940916735531	0.000934930965214232	0.00565967437769375
Zo_SA_chr01A_3853-Zo_SB_chr01B_3842	2679.58363373153	1.28146889116448	0.38791667985953	3.30346426874068	0.000954981386063902	0.0057565365025467
Zo_SA_chr01A_4069-Zo_SB_chr01B_4067	99.8940292831217	1.28772297110674	0.393321088476089	3.27397388249887	0.00106046412359105	0.00632960376145895
Zo_SA_chr02A_2897-Zo_SB_chr02B_2868	31.4028322213656	2.5212918172359	0.770882309606327	3.27065725314603	0.00107297868401334	0.00638830879408192
Zo_SA_chr01A_2-Zo_SB_chr01B_48	204.457615204837	1.06629455508713	0.326375639767379	3.26707764049767	0.0010866387474862	0.00646157130518914
Zo_SA_chr01A_3623-Zo_SB_chr01B_3617	128.460700871678	2.08703642953899	0.64322107514948	3.24466425335019	0.00117589178740792	0.00686392647998575
Zo_SA_chr01A_1865-Zo_SB_chr01B_1901	57.1673380235217	2.68501837816766	0.828774238736723	3.23974642631311	0.00119636039862402	0.00697033145849496
Zo_SA_chr02A_3270-Zo_SB_chr02B_3267	444.384112268775	1.10083937549726	0.339835222127463	3.23933278194562	0.0011980969599017	0.00697033145849496
Zo_SA_chr02A_3521-Zo_SB_chr02B_3553	128.018865105854	1.23410373727511	0.381392468295267	3.23578423766798	0.00121309041539894	0.00702090799883198
Zo_SA_chr02A_2535-Zo_SB_chr02B_2480	349.131911644647	1.59364024615416	0.493101537232912	3.23187036709931	0.00122982834289006	0.00710915317241536
Zo_SA_chr02A_740-Zo_SB_chr02B_713	1316.98645002872	1.20254225937873	0.372953744310098	3.22437373997474	0.00126248514579944	0.00728028012130295
Zo_SA_chr01A_163-Zo_SB_chr01B_227	145.889561133276	1.92212313319029	0.597267877715342	3.21819271537381	0.00129001112032472	0.00741212413593808
Zo_SA_chr01A_1666-Zo_SB_chr01B_1689	201.369594086764	1.50494176570125	0.469844719210504	3.20306199935599	0.00135974704140712	0.00775673880439059
Zo_SA_chr02A_1016-Zo_SB_chr02B_991	192.970024974723	1.25111036778844	0.391312077513549	3.19721889428553	0.00138759584421172	0.00787791021553057
Zo_SA_chr02A_557-Zo_SB_chr02B_541	112.476633417013	1.8682535064025	0.585143462369198	3.19281274858323	0.00140894278930054	0.00798010470567014
Zo_SA_chr01A_3007-Zo_SB_chr01B_3005	179.86858435879	1.07318245582066	0.33684054482544	3.18602517513685	0.00144242045037302	0.00813109116764647
Zo_SA_chr02A_1231-Zo_SB_chr02B_1215	270.169575396134	1.01549073302452	0.3196078108892	3.1773026140984	0.00148651839480286	0.00833044209731473
Zo_SA_chr01A_334-Zo_SB_chr01B_394	1048.64033722514	1.29617674035693	0.408181129217558	3.17549403335126	0.00149581597739238	0.00836289143749622
Zo_SA_chr02A_2028-Zo_SB_chr02B_1976	178.546362805967	1.14540914672137	0.360691222099242	3.17559473739068	0.0014952968710448	0.00836289143749622
Zo_SA_chr01A_2379-Zo_SB_chr01B_2387	216.303154161731	1.16593596639786	0.367584211789519	3.17188804361785	0.0015145138119016	0.00844762148416226
Zo_SA_chr01A_1811-Zo_SB_chr01B_1839	189.946696765807	1.11269475783387	0.353537658675143	3.14731607943439	0.00164776732581168	0.0090741366937597
Zo_SA_chr01A_2778-Zo_SB_chr01B_2773	185.362530559486	1.34316429794191	0.42860323357096	3.13381746271762	0.00172548157350711	0.00941459802464592
Zo_SA_chr01A_2170-Zo_SB_chr01B_2188	165.513422047718	1.52223328147039	0.489129848926997	3.11212510299609	0.00185745767105371	0.00998671435541732
Zo_SA_chr02A_1718-Zo_SB_chr02B_1693	991.404991522284	1.76461119268401	0.567369201942559	3.11016386973833	0.00186983577125415	0.0100419445868368
Zo_SA_chr01A_1820-Zo_SB_chr01B_1851	19.4687610937896	2.81792085878048	0.906947036735801	3.10704015189517	0.00188970730269416	0.010137248736275
Zo_SA_chr02A_2181-Zo_SB_chr02B_2153	73.2576908009543	1.51570499499025	0.488635719370445	3.10191198658802	0.0019227511542446	0.0103029216343736
Zo_SA_chr02A_2011-Zo_SB_chr02B_1958	101.187675482121	1.94727901027856	0.628433627171333	3.09862318960163	0.00194422122889331	0.0103946087899015
Zo_SA_chr01A_1984-Zo_SB_chr01B_2013	123.072551119851	1.56676696501801	0.506205547572065	3.09512009999251	0.00196733218166831	0.0104946388975125
Zo_SA_chr01A_712-Zo_SB_chr01B_758	195.761008546227	1.07453639427464	0.349667730937679	3.07302132625488	0.00211903343485553	0.011203625776969
Zo_SA_chr02A_2246-Zo_SB_chr02B_2215	75.7499613925596	1.6642943853065	0.543972806046358	3.05951762074788	0.00221693745871336	0.0116309953141959
Zo_SA_chr02A_374-Zo_SB_chr02B_369	72.3657419264085	1.67321563373451	0.547162645702434	3.05798586010285	0.00222830090185294	0.0116777659350952
Zo_SA_chr01A_2589-Zo_SB_chr01B_2588	34.3149909058752	2.81058623493768	0.922691206423333	3.04607458635319	0.0023185031331164	0.0120708967705591
Zo_SA_chr01A_1933-Zo_SB_chr01B_1965	125.987366217754	1.36867482910043	0.451219336035086	3.03328053519853	0.00241910598387544	0.012539909170763
Zo_SA_chr01A_2160-Zo_SB_chr01B_2178	102.833026118613	1.79819419647309	0.593308192126205	3.03079279931903	0.00243912566557818	0.0126299568937485
Zo_SA_chr01A_4255-Zo_SB_chr01B_4273	149.799677671451	1.2022323765302	0.397664976638815	3.02322921845378	0.00250092733003251	0.0129219094657909
Zo_SA_chr02A_1274-Zo_SB_chr02B_1267	238.633401826918	1.05798983889661	0.350192676830768	3.02116494402848	0.00251804149648966	0.0129962552995229
Zo_SA_chr01A_2092-Zo_SB_chr01B_2117	117.220794199294	1.21751989298063	0.403428877262549	3.01792945820354	0.00254508140618857	0.01307919528676
Zo_SA_chr02A_1518-Zo_SB_chr02B_1503	179.123450676442	1.08880386292336	0.36138166356075	3.01289183351255	0.00258771133161688	0.0132696724091193
Zo_SA_chr02A_1024-Zo_SB_chr02B_1002	52.8499888614843	1.62406349614888	0.541158695450927	3.00108546679753	0.00269019046486779	0.013662958814648
Zo_SA_chr02A_2720-Zo_SB_chr02B_2685	107.019418968215	1.69145780799708	0.563566529437192	3.00134539516792	0.00268789492573334	0.013662958814648
Zo_SA_chr01A_2294-Zo_SB_chr01B_2311	98.6602902266606	1.76161473232377	0.587114642212319	3.00046124839571	0.00269571052478903	0.0136764292475733
Zo_SA_chr01A_1340-Zo_SB_chr01B_1365	42.3072110663267	2.43485042371346	0.812095769211451	2.99823064720275	0.00271552075871571	0.0137622938345539
Zo_SA_chr01A_183-Zo_SB_chr01B_249	218.961919639285	1.2720851908348	0.428234706422888	2.9705326816239	0.00297283772261896	0.0148144859970426
Zo_SA_chr01A_602-Zo_SB_chr01B_652	92.7904970275024	1.1948325333808	0.406199809919541	2.9414896418033	0.0032663776664058	0.0159931777115906
Zo_SA_chr02A_3300-Zo_SB_chr02B_3296	709.125771175564	1.07839147502438	0.367034852662213	2.9381173673358	0.00330211988764659	0.016118536073886
Zo_SA_chr01A_778-Zo_SB_chr01B_819	107.616464852922	1.12748276697155	0.384237149508822	2.93434085801655	0.00334256912853966	0.0162826477773295
Zo_SA_chr01A_2847-Zo_SB_chr01B_2844	140.683879782685	1.72187721373816	0.588279048488916	2.92697354794644	0.0034227799088577	0.0166055314194734
Zo_SA_chr01A_2117-Zo_SB_chr01B_2140	148.391778430146	1.22326690063869	0.418885460497878	2.92028971161889	0.00349706120199802	0.016862977626217
Zo_SA_chr01A_1220-Zo_SB_chr01B_1251	41.0457248090662	1.77824579402495	0.613149057900238	2.90018515255434	0.00372942293928862	0.0178570461821962
Zo_SA_chr01A_1460-Zo_SB_chr01B_1494	68.6900478075894	1.96792446379827	0.678807280012552	2.89909157097119	0.00374245576391951	0.0179014759660303
Zo_SA_chr01A_3158-Zo_SB_chr01B_3164	281.30900685994	1.01231112605159	0.350251626889761	2.8902396115642	0.00384948290013297	0.0183581839507341
Zo_SA_chr01A_1828-Zo_SB_chr01B_1860	134.588331086186	1.09513145780774	0.379759094235659	2.8837530803888	0.00392966744062966	0.0187031776690248
Zo_SA_chr01A_3235-Zo_SB_chr01B_3245	66.6908869627254	1.72248637435509	0.600672196653783	2.8675979743206	0.00413600722975649	0.0195680738876078
Zo_SA_chr01A_3768-Zo_SB_chr01B_3753	127.28158958241	1.13992276288046	0.397745577694748	2.86595961540848	0.00415747278313436	0.0196112638009573
Zo_SA_chr01A_724-Zo_SB_chr01B_765	179.688687657316	1.2755226042522	0.445242594745606	2.86478117616079	0.00417297497589827	0.0196649383992676
Zo_SA_chr01A_1042-Zo_SB_chr01B_1079	44.4144371012978	2.34231807048802	0.822371332975176	2.84824868835588	0.00439605578653788	0.0204734277792961
Zo_SA_chr01A_3402-Zo_SB_chr01B_3417	375.721159345075	1.84307837743862	0.647825605563424	2.84502242827476	0.00444082960695247	0.0206416339137976
Zo_SA_chr01A_3848-Zo_SB_chr01B_3837	238.624980671435	1.41701455754647	0.506612293554119	2.79703942359049	0.00515732398960759	0.0236265879985001
Zo_SA_chr01A_1368-Zo_SB_chr01B_1390	76.823796445935	1.28049126587378	0.460641469915252	2.77980023402879	0.0054392347322502	0.0247516320974248
Zo_SA_chr01A_4012-Zo_SB_chr01B_3988	172.063953668345	1.25271109069503	0.451992572561066	2.77153025678488	0.00557934868104512	0.0253408703427659
Zo_SA_chr01A_1285-Zo_SB_chr01B_1313	173.983268321784	1.66563962675395	0.602538461553628	2.76437063031487	0.00570327177162651	0.025758854511702
Zo_SA_chr01A_3369-Zo_SB_chr01B_3386	49.2988255991318	2.76408367055452	1.00761460537486	2.74319532072106	0.00608444824020966	0.0272202004292306
Zo_SA_chr01A_3450-Zo_SB_chr01B_3467	554.456199263313	1.00418342947442	0.366694865494708	2.73847147578593	0.00617255147024893	0.027588470442003
Zo_SA_chr01A_1030-Zo_SB_chr01B_1061	37.01756231094	2.83332690719542	1.0351395756854	2.73714480032259	0.00619750072279234	0.0276740458305212
Zo_SA_chr01A_3553-Zo_SB_chr01B_3553	191.170889152331	1.42019008440264	0.521791170170668	2.72175951911591	0.0064935376732854	0.028688767257496
Zo_SA_chr01A_2962-Zo_SB_chr01B_2959	122.976232247254	1.54459702668493	0.567778170315568	2.72042341083042	0.0065198373368314	0.0287632786857992
Zo_SA_chr01A_3051-Zo_SB_chr01B_3054	122.660587012956	2.16545710388975	0.799032224337349	2.71009984069867	0.00672629575346526	0.0295392753671731
Zo_SA_chr02A_1898-Zo_SB_chr02B_1856	186.778275436926	1.32995078561964	0.491178525074096	2.70767290858047	0.00677567650698303	0.0296996335126857
Zo_SA_chr01A_4161-Zo_SB_chr01B_4182	235.095311137676	1.07756305918336	0.398277516584742	2.70555834641017	0.00681896681630463	0.0298619400798501
Zo_SA_chr01A_2445-Zo_SB_chr01B_2456	80.8427113496956	1.53009277588605	0.567388401737354	2.69672903288273	0.0070024224811311	0.0305531132776891
Zo_SA_chr02A_2294-Zo_SB_chr02B_2264	116.02981462284	1.31776095157398	0.489720439888928	2.69084327350694	0.00712716687637204	0.0310122799574984
Zo_SA_chr01A_1888-Zo_SB_chr01B_1921	38.9609178228349	2.22686900987969	0.836073528725306	2.6634846498188	0.00773359402187374	0.0330775873455748
Zo_SA_chr01A_1063-Zo_SB_chr01B_1090	140.470202951589	1.84537345631135	0.699108146799462	2.63961085957806	0.00830012717602679	0.0349367224205399
Zo_SA_chr02A_1411-Zo_SB_chr02B_1395	57.92458584352	1.67482376372854	0.635334233850706	2.63613020437696	0.00838575472066647	0.0352660178684818
Zo_SA_chr02A_2922-Zo_SB_chr02B_2894	42.4683772447915	1.63308535502622	0.623080746044624	2.62098510569168	0.00876760923722972	0.0366778319757443
Zo_SA_chr01A_4102-Zo_SB_chr01B_4124	68.5282176965756	1.57391208286805	0.600763400532667	2.61985347554884	0.00879675544490668	0.0367675080777914
Zo_SA_chr02A_2889-Zo_SB_chr02B_2861	146.00428092759	1.31949630439242	0.50388332450058	2.61865443890256	0.00882773219948219	0.0368646715055434
Zo_SA_chr01A_1647-Zo_SB_chr01B_1665	471.984587529458	1.69990823067128	0.650038822660911	2.61508724004016	0.00892046675656431	0.0371886640876864
Zo_SA_chr02A_703-Zo_SB_chr02B_676	243.779067192634	1.03189461087491	0.397918441548817	2.59323143420665	0.00950787653564939	0.0394974418105505
Zo_SA_chr02A_3441-Zo_SB_chr02B_3472	115.026622389006	1.49223828055085	0.576406785957003	2.58886313781559	0.00962933575231458	0.0399324366980767
Zo_SA_chr02A_3514-Zo_SB_chr02B_3545	353.815262872813	1.09338818546496	0.422812454765406	2.58598859409575	0.00971001436652784	0.0401622363521
Zo_SA_chr02A_3197-Zo_SB_chr02B_3203	20.1153153606601	2.89624179791378	1.12880874285872	2.56575067852417	0.0102952799601511	0.0421805757130246
Zo_SA_chr01A_3880-Zo_SB_chr01B_3865	36.3043911371643	2.34915577414996	0.931172793192207	2.52279253788835	0.0116427066022917	0.0465415488569398
Zo_SA_chr02A_342-Zo_SB_chr02B_341	105.5917105992	1.64939656372222	0.655889990491396	2.51474574644215	0.0119118253659451	0.0473001625064047
Zo_SA_chr01A_2979-Zo_SB_chr01B_2976	312.28275653902	1.19868959990361	0.478805483198905	2.50350015186783	0.0122971627613548	0.0486278351649264
