baseMean	log2FoldChange	lfcSE	stat	pvalue	padj
Zo_SA_chr01A_247-Zo_SB_chr01B_310	878.418245415686	-5.57347507988006	0.281742089255203	-19.7821883645918	4.23889364917586e-87	6.73842793763989e-84
Zo_SA_chr02A_1493-Zo_SB_chr02B_1480	1990.52378065345	-4.03766000582985	0.216558263410922	-18.6446822311663	1.39480666937943e-77	1.66295825156762e-74
Zo_SA_chr01A_3975-Zo_SB_chr01B_3954	16020.2499764915	-3.11253528189478	0.170516222705104	-18.2536021061039	1.93705563538383e-74	1.53963638752425e-71
Zo_SA_chr01A_562-Zo_SB_chr01B_615	805.402617541306	-6.16641944233247	0.356120033446585	-17.3155645939177	3.58983993800184e-67	1.71199466643308e-64
Zo_SA_chr02A_1969-Zo_SB_chr02B_1930	516.327229338602	-6.78967906037719	0.414522265157084	-16.3795280280161	2.67813200398068e-60	1.06433429391532e-57
Zo_SA_chr02A_2725-Zo_SB_chr02B_2692	578.185779310318	-6.30333661488133	0.387163260906678	-16.2808232375145	1.35039999675449e-59	4.95389044963245e-57
Zo_SA_chr01A_161-Zo_SB_chr01B_225	543.109010143766	-8.21323213171127	0.504786808696831	-16.2706948561408	1.59339287077837e-59	5.42777900053003e-57
Zo_SA_chr02A_2672-Zo_SB_chr02B_2618	1605.30861527364	-8.53551585738927	0.53897673273091	-15.8365200926971	1.74198023566338e-56	5.19218983992416e-54
Zo_SA_chr01A_1148-Zo_SB_chr01B_1171	645.136930526579	-6.7452343223375	0.440596111886428	-15.3093369196054	6.6235742914955e-53	1.85810739977306e-50
Zo_SA_chr02A_1114-Zo_SB_chr02B_1091	1824.93964410011	-4.82716582823809	0.324439469947766	-14.8784789625481	4.54720130716348e-50	1.20475572410348e-47
Zo_SA_chr02A_2883-Zo_SB_chr02B_2852	304.482453155026	-5.81579915032635	0.411869918623753	-14.1204756340536	2.84067551182377e-45	6.1578097799489e-43
Zo_SA_chr02A_2979-Zo_SB_chr02B_2970	846.913800684342	-5.80227870153049	0.412512164904845	-14.0657153780396	6.16958043324495e-45	1.27924909070196e-42
Zo_SA_chr01A_996-Zo_SB_chr01B_1026	411.880769319481	-4.56105182345465	0.325358525105998	-14.0185409986375	1.20057507906978e-44	2.38564273003491e-42
Zo_SA_chr02A_3644-Zo_SB_chr02B_3670	391.449926426613	-8.20275556117227	0.59983478000519	-13.6750249145295	1.43158243900157e-42	2.62585255830711e-40
Zo_SA_chr02A_230-Zo_SB_chr02B_215	1218.06324495341	-3.23014286951218	0.238080095781379	-13.5674629116342	6.24463359568022e-42	1.06359491492139e-39
Zo_SA_chr01A_2314-Zo_SB_chr01B_2336	310.106782180447	-6.33468234397289	0.470803718641624	-13.455038890198	2.87587965644597e-41	4.72933451089338e-39
Zo_SA_chr01A_1687-Zo_SB_chr01B_1718	596.96760980057	-3.46629143349191	0.267266222873497	-12.9694332348633	1.823738388674e-38	2.89913612519543e-36
Zo_SA_chr02A_774-Zo_SB_chr02B_735	742.762572396082	-3.34806641357251	0.259541444525771	-12.899929796145	4.50507406706664e-38	6.93054781478736e-36
Zo_SA_chr01A_3689-Zo_SB_chr01B_3680	3946.41789676427	-3.3636543132982	0.262301293119374	-12.8236284057029	1.20907263757067e-37	1.80189606517954e-35
Zo_SA_chr01A_3808-Zo_SB_chr01B_3792	4176.90465618295	-15.4801232792411	1.21712026513378	-12.7186472222115	4.65855449375255e-37	6.7323170850624e-35
Zo_SA_chr02A_2148-Zo_SB_chr02B_2106	2436.69029879544	-14.7026419916591	1.21098939907974	-12.1410162655693	6.40258397372249e-34	8.98056557961251e-32
Zo_SA_chr01A_1846-Zo_SB_chr01B_1870	365.056463700265	-4.18972013249901	0.348525272460362	-12.021280703469	2.74680743701011e-33	3.63875685197256e-31
Zo_SA_chr02A_433-Zo_SB_chr02B_422	434.615203849592	-3.87687812361479	0.326957576752699	-11.8574347232429	1.96916037185927e-32	2.40792969574278e-30
Zo_SA_chr01A_2612-Zo_SB_chr01B_2606	1648.54877523076	-14.1388902626043	1.19863148215754	-11.7958609239549	4.09986210171743e-32	4.8880605907726e-30
Zo_SA_chr01A_3509-Zo_SB_chr01B_3517	156.263350073537	-6.1649412021969	0.540757509814902	-11.4005651152346	4.15413734466825e-30	4.50251840834611e-28
Zo_SA_chr01A_3514-Zo_SB_chr01B_3523	702.109814949214	-3.12589362650156	0.277849652250836	-11.2503060600543	2.30789828795607e-29	2.34178019899202e-27
Zo_SA_chr02A_812-Zo_SB_chr02B_814	186.612151217813	-7.54277299438366	0.693763166623252	-10.8722592337909	1.56282218744637e-27	1.43328827152534e-25
Zo_SA_chr01A_3970-Zo_SB_chr01B_3950	684.245103961918	-12.8702644276487	1.20382148268259	-10.6911735774716	1.11945402729104e-26	9.88643751139069e-25
Zo_SA_chr02A_1503-Zo_SB_chr02B_1490	323.604459109763	-4.28008171833829	0.405152169842016	-10.564133767338	4.36984334663565e-26	3.72138980716168e-24
Zo_SA_chr01A_4156-Zo_SB_chr01B_4178	196.827585812118	-7.88960965054873	0.754333769440739	-10.4590434237063	1.33193515970425e-25	1.04131127485731e-23
Zo_SA_chr02A_1825-Zo_SB_chr02B_1801	163.430669537759	-4.80036118668034	0.472791398864379	-10.1532329018898	3.20564654883972e-24	2.31632248354797e-22
Zo_SA_chr01A_1852-Zo_SB_chr01B_1879	427.200620542235	-12.1907071199033	1.217289573956	-10.0146319994226	1.31450193471505e-23	9.21891136272951e-22
Zo_SA_chr01A_2963-Zo_SB_chr01B_2960	185.308624306828	-8.1229765007494	0.813856110294805	-9.98085091209428	1.84874463668394e-23	1.27777727135445e-21
Zo_SA_chr01A_653-Zo_SB_chr01B_704	135.107794370171	-4.23548293761467	0.424800442717064	-9.9705238311997	2.05143994402767e-23	1.39761672758114e-21
Zo_SA_chr01A_2712-Zo_SB_chr01B_2703	368.185639405464	-11.9761940041182	1.21341922396769	-9.86979089136068	5.6281816541648e-23	3.69357529302674e-21
Zo_SA_chr02A_1091-Zo_SB_chr02B_1075	187.447854217576	-3.24640546488187	0.32893862788467	-9.86933485361318	5.65382672239363e-23	3.69357529302674e-21
Zo_SA_chr02A_3750-Zo_SB_chr02B_3760	773.800355691633	-3.81164300669684	0.386322878337628	-9.86646978583972	5.8176097678691e-23	3.74921364634699e-21
Zo_SA_chr02A_1269-Zo_SB_chr02B_1264	143.04074437624	-5.92036456282867	0.607880317472236	-9.73935887157438	2.04842620206749e-22	1.30252594102131e-20
Zo_SA_chr01A_3462-Zo_SB_chr01B_3478	277.70811264589	-11.569434957993	1.22347451606562	-9.45621245565232	3.19299754673568e-21	1.92751965827626e-19
Zo_SA_chr01A_536-Zo_SB_chr01B_591	257.619904038009	-11.4610022187325	1.21928435429142	-9.39977797500158	5.46783278124299e-21	3.25951181671848e-19
Zo_SA_chr01A_1837-Zo_SB_chr01B_1866	113.918288520885	-4.61410180452382	0.498789411337769	-9.25060095431586	2.23233995207003e-20	1.28265412426771e-18
Zo_SA_chr02A_3023-Zo_SB_chr02B_3020	115.803821774635	-3.83120537784655	0.418301954128094	-9.15894688044739	5.24062315110266e-20	2.90610834972193e-18
Zo_SA_chr02A_121-Zo_SB_chr02B_117	267.085031573951	-9.65735108845737	1.07200615105908	-9.00867133916763	2.08567924159892e-19	1.06952734442852e-17
Zo_SA_chr02A_2041-Zo_SB_chr02B_1990	119.136509348389	-6.91126326448121	0.777086921511529	-8.89380978261475	5.90487396153376e-19	2.87350448189332e-17
Zo_SA_chr01A_76-Zo_SB_chr01B_138	193.374046211522	-11.0474472433466	1.26230486656951	-8.7518059511008	2.09965216183154e-18	9.91410015819269e-17
Zo_SA_chr02A_1761-Zo_SB_chr02B_1733	927.705721340247	-3.01639353944425	0.345297668425205	-8.73563251440729	2.42296478272201e-18	1.12185621833022e-16
Zo_SA_chr01A_3508-Zo_SB_chr01B_3516	146.403466215738	-10.64570433132	1.24197334815212	-8.57160449309101	1.0205305756292e-17	4.46505533502354e-16
Zo_SA_chr01A_2961-Zo_SB_chr01B_2957	119.848804471342	-10.3569161126459	1.2481384952724	-8.29789013949576	1.05976607102718e-16	4.55317512858436e-15
Zo_SA_chr02A_1431-Zo_SB_chr02B_1423	181.976925592233	-3.95666441538798	0.477310713967641	-8.28949424264594	1.13731020593795e-16	4.84270747510544e-15
Zo_SA_chr01A_4147-Zo_SB_chr01B_4172	121.55224337878	-4.78013184846465	0.5807513594761	-8.23094388065978	1.85743978959676e-16	7.77028978647977e-15
Zo_SA_chr02A_402-Zo_SB_chr02B_394	94.5819822045899	-7.14744913952991	0.874370920684715	-8.17439026212442	2.97365836932643e-16	1.20181159011167e-14
Zo_SA_chr02A_281-Zo_SB_chr02B_280	876.144240155629	-4.21358256415839	0.51832989572507	-8.12915210739328	4.3230357297301e-16	1.73248381471285e-14
Zo_SA_chr01A_801-Zo_SB_chr01B_845	3964.82890074793	-7.1435903755524	0.892966975306356	-7.99983714190729	1.2458387937791e-15	4.91025223763019e-14
Zo_SA_chr02A_1257-Zo_SB_chr02B_1241	92.6343517986121	-5.79708354783314	0.726689309226201	-7.97738933851392	1.49460800408339e-15	5.84244718973254e-14
Zo_SA_chr01A_2479-Zo_SB_chr01B_2489	157.064413118905	-9.78390817671698	1.23645696789976	-7.91285781124746	2.51546602248651e-15	9.7530548465351e-14
Zo_SA_chr01A_4166-Zo_SB_chr01B_4185	99.6218196505553	-4.26239244595865	0.541657283385207	-7.86916852538176	3.5700599384817e-15	1.37303353601768e-13
Zo_SA_chr02A_776-Zo_SB_chr02B_737	147.898771329041	-9.69674118065906	1.24136611993034	-7.81134672920122	5.65801259950259e-15	2.12465055803369e-13
Zo_SA_chr02A_1077-Zo_SB_chr02B_1053	165.755770825206	-6.38289867333929	0.823216364655215	-7.7536100439556	8.93163206420842e-15	3.27653487032384e-13
Zo_SA_chr02A_52-Zo_SB_chr02B_56	85.7147266189553	-9.87326193055398	1.27639260832726	-7.73528604454482	1.03170870633507e-14	3.72743850038783e-13
Zo_SA_chr02A_3106-Zo_SB_chr02B_3103	160.797302915239	-3.96884299127206	0.514423730035306	-7.71512424397619	1.20864435361917e-14	4.30151113612672e-13
Zo_SA_chr01A_2003-Zo_SB_chr01B_2034	84.0612777077042	-9.84507228685905	1.27812828684957	-7.70272623503699	1.33193515946197e-14	4.67058733490745e-13
Zo_SA_chr01A_4177-Zo_SB_chr01B_4201	88.3800155843378	-9.91736725628481	1.30373025074664	-7.60691657695691	2.80712372748368e-14	9.56226646883548e-13
Zo_SA_chr02A_1427-Zo_SB_chr02B_1418	87.2383178105402	-9.89835431232676	1.32305371708198	-7.4814455260046	7.35095092772883e-14	2.40114280646156e-12
Zo_SA_chr02A_1719-Zo_SB_chr02B_1694	94.1458966100874	-3.31329328153697	0.44938734097212	-7.37291191685467	1.66940794933276e-13	5.34322584588453e-12
Zo_SA_chr01A_257-Zo_SB_chr01B_311	71.248560615277	-7.14716319169474	0.984297637206912	-7.26118088830921	3.83725374191276e-13	1.17306814712705e-11
Zo_SA_chr01A_622-Zo_SB_chr01B_671	124.717808262866	-9.45058638127295	1.30778498218004	-7.22640687119615	4.95940441772845e-13	1.49692402962956e-11
Zo_SA_chr02A_3794-Zo_SB_chr02B_3797	147.941017253172	-5.13941069352817	0.716104817689192	-7.17689724545157	7.13112417871479e-13	2.11231870858949e-11
Zo_SA_chr02A_485-Zo_SB_chr02B_469	72.2490917963217	-4.91929311137095	0.690130014207695	-7.12806719038087	1.01788090168316e-12	2.95992318300425e-11
Zo_SA_chr02A_3435-Zo_SB_chr02B_3467	751.839780785226	-3.1899589766856	0.46103635341461	-6.91910508370882	4.54505636236106e-12	1.21771762876966e-10
Zo_SA_chr02A_172-Zo_SB_chr02B_166	51.0913555523431	-9.12696014806956	1.32476307995469	-6.88950370535821	5.59873665054256e-12	1.47515884455456e-10
Zo_SA_chr02A_1270-Zo_SB_chr02B_1265	62.8177642334434	-6.97573421576701	1.01769496988724	-6.85444501758704	7.15898986732526e-12	1.85550123246055e-10
Zo_SA_chr02A_1122-Zo_SB_chr02B_1098	230.370103672434	-4.60662079163262	0.673988520037801	-6.83486536443418	8.20820806705765e-12	2.1159429336107e-10
Zo_SA_chr02A_467-Zo_SB_chr02B_449	49.4819607146678	-9.08042746382876	1.33114697793534	-6.82150627567275	9.00908329395353e-12	2.30990958219701e-10
Zo_SA_chr01A_3555-Zo_SB_chr01B_3554	48.5055395800156	-9.05215923263544	1.3396152317296	-6.75728300054339	1.40603394961058e-11	3.54781793952002e-10
Zo_SA_chr01A_3493-Zo_SB_chr01B_3499	148.254801370706	-3.56823253126573	0.530008460176159	-6.73240674324284	1.66879347275073e-11	4.18867161660434e-10
Zo_SA_chr01A_41-Zo_SB_chr01B_91	69.3974544232175	-7.71270836778143	1.15195521807505	-6.69531961552254	2.15200755634626e-11	5.31757722083695e-10
Zo_SA_chr01A_3476-Zo_SB_chr01B_3489	57.6027510039544	-9.29972359005902	1.39456195009545	-6.66856254712995	2.58320958405955e-11	6.2853706665204e-10
Zo_SA_chr01A_1161-Zo_SB_chr01B_1181	114.41739801395	-3.68988184760408	0.559211123605396	-6.59836990332801	4.15703031264054e-11	9.86312316466802e-10
Zo_SA_chr02A_2344-Zo_SB_chr02B_2309	68.4393744335133	-7.69298349368161	1.16899260339158	-6.58086584240319	4.67716471390169e-11	1.09340188826457e-09
Zo_SA_chr01A_3766-Zo_SB_chr01B_3751	44.9437266304303	-8.9419660707119	1.3798736504306	-6.48027887765048	9.15532384399629e-11	2.05951601000086e-09
Zo_SA_chr01A_3490-Zo_SB_chr01B_3497	44.4628098650385	-8.92595211848986	1.377641198187	-6.47915591536938	9.22371531624494e-11	2.0651595466278e-09
Zo_SA_chr01A_3393-Zo_SB_chr01B_3409	56.616423281737	-4.92921933502323	0.764840189601322	-6.44477029586092	1.1577562822877e-10	2.52115968503654e-09
Zo_SA_chr02A_655-Zo_SB_chr02B_629	703.421024534301	-7.17548005875441	1.12025903225263	-6.40519723757628	1.50175112683139e-10	3.22605906480131e-09
Zo_SA_chr02A_895-Zo_SB_chr02B_860	145.67325198937	-3.54309663558624	0.554348849347912	-6.39145664278735	1.64312875193873e-10	3.49825045446241e-09
Zo_SA_chr02A_2175-Zo_SB_chr02B_2148	161.560194915809	-4.77683791164122	0.750136823726742	-6.36795549898416	1.91564474957216e-10	4.02454176683244e-09
Zo_SA_chr02A_2556-Zo_SB_chr02B_2503	1064.27585001861	-7.51798280905758	1.19521860595897	-6.29004834059257	3.17367127031371e-10	6.44052693111748e-09
Zo_SA_chr02A_2025-Zo_SB_chr02B_1972	78.9411382199795	-5.07618373374917	0.809960310620847	-6.26720058648083	3.67596514391033e-10	7.42825329292728e-09
Zo_SA_chr02A_460-Zo_SB_chr02B_442	109.822155672329	-4.76227660372263	0.763334307121681	-6.23878235170621	4.40990061020071e-10	8.87376202955578e-09
Zo_SA_chr02A_2301-Zo_SB_chr02B_2270	34.9764076179179	-8.57980352898957	1.39199512091236	-6.16367356472202	7.10763919094848e-10	1.40067484717493e-08
Zo_SA_chr01A_2782-Zo_SB_chr01B_2777	32.86526168554	-8.49044934430279	1.42472861523422	-5.95934499631495	2.53250944789287e-09	4.66314191390003e-08
Zo_SA_chr02A_2879-Zo_SB_chr02B_2836	30.8915007117902	-8.40060961780216	1.42220421281034	-5.9067534339546	3.48915363582476e-09	6.35105866001842e-08
Zo_SA_chr02A_1559-Zo_SB_chr02B_1549	325.210408526058	-8.17312502853844	1.38556007085804	-5.89878793452605	3.66181508255248e-09	6.63999852802007e-08
Zo_SA_chr01A_3097-Zo_SB_chr01B_3106	90.3585690487495	-3.35516679388522	0.57038451103975	-5.88228945377411	4.04629897411301e-09	7.3093938664943e-08
Zo_SA_chr01A_2717-Zo_SB_chr01B_2708	30.3119821900298	-8.37395218263721	1.42971625897839	-5.85707277933655	4.71096712552348e-09	8.38306053045577e-08
Zo_SA_chr01A_926-Zo_SB_chr01B_959	86.9579513384271	-4.68712355456935	0.800999914834175	-5.8515905779337	4.86893997593144e-09	8.59999064637668e-08
Zo_SA_chr01A_283-Zo_SB_chr01B_338	206.310580051507	-3.404317269736	0.583779687898343	-5.83151031169282	5.4927916679229e-09	9.59528332026531e-08
Zo_SA_chr01A_2511-Zo_SB_chr01B_2519	27.7904385424217	-8.24853527550744	1.42450638485457	-5.7904516000815	7.01974248393674e-09	1.208561440646e-07
Zo_SA_chr02A_2869-Zo_SB_chr02B_2828	161.311030557542	-3.1018705477287	0.539503792945492	-5.74948793370595	8.95141408778425e-09	1.52461763516582e-07
Zo_SA_chr01A_2620-Zo_SB_chr01B_2621	83.2135044853297	-4.4426302559904	0.778900943005028	-5.70371662261773	1.17222897975586e-08	1.94109722376933e-07
Zo_SA_chr01A_526-Zo_SB_chr01B_583	25.913674605969	-8.1475000915371	1.4309829705491	-5.69363874988023	1.24360065601804e-08	2.04403405446222e-07
Zo_SA_chr01A_3120-Zo_SB_chr01B_3130	38.8006888150899	-6.87298281030793	1.2363234369018	-5.55921096790938	2.70996969727234e-08	4.22347891708882e-07
Zo_SA_chr01A_3015-Zo_SB_chr01B_3013	3041.17775659552	-5.85254323929006	1.06963144013634	-5.47155124623495	4.46113299935244e-08	6.7755233356407e-07
Zo_SA_chr01A_530-Zo_SB_chr01B_586	76.2391323408586	-3.31156375024651	0.606021054089243	-5.46443680116574	4.64378783903176e-08	7.03054736645792e-07
Zo_SA_chr02A_2178-Zo_SB_chr02B_2150	32.2750108358511	-7.4949508614204	1.38921303907681	-5.39510546661807	6.84833143073703e-08	1.00801520349336e-06
Zo_SA_chr02A_2371-Zo_SB_chr02B_2337	43.5205795102704	-4.67553497378559	0.868397571515495	-5.3840949435476	7.28100663360251e-08	1.0554140010836e-06
Zo_SA_chr02A_2643-Zo_SB_chr02B_2591	130.55705510487	-3.16300346748475	0.591105629451846	-5.35099533803784	8.74717756949744e-08	1.24896077332136e-06
Zo_SA_chr01A_402-Zo_SB_chr01B_452	128.838649338094	-3.17453732623101	0.603633754315074	-5.25904541211925	1.44805129547829e-07	2.0016685878655e-06
Zo_SA_chr02A_3477-Zo_SB_chr02B_3505	20.9129137060152	-7.83846433102332	1.49240919314319	-5.25222195563846	1.50275215334963e-07	2.06530980383987e-06
Zo_SA_chr02A_3016-Zo_SB_chr02B_3009	61.9898565833648	-3.89657051661321	0.744527554982345	-5.23361491530775	1.66226580993589e-07	2.25850303349979e-06
Zo_SA_chr01A_902-Zo_SB_chr01B_939	21.1043922601598	-7.85152643191299	1.50076621744824	-5.23167855234839	1.67977671703342e-07	2.27581112600352e-06
Zo_SA_chr01A_282-Zo_SB_chr01B_337	119.888568547934	-3.82489373554952	0.736768050301069	-5.19144896957263	2.08663781008688e-07	2.79527407761358e-06
Zo_SA_chr01A_3061-Zo_SB_chr01B_3067	31.0665138718105	-6.53580346143408	1.25978979385707	-5.18801112162018	2.1255191241307e-07	2.83938395041437e-06
Zo_SA_chr02A_3769-Zo_SB_chr02B_3772	83.078621604112	-3.22654094234356	0.627504469846625	-5.14186128926252	2.72029932549003e-07	3.55427602281149e-06
Zo_SA_chr02A_1315-Zo_SB_chr02B_1299	46.5224085686179	-3.98053935625363	0.776168669086638	-5.12844632203173	2.92143169766326e-07	3.80664146616286e-06
Zo_SA_chr02A_348-Zo_SB_chr02B_347	19.2030532400957	-7.71519493041293	1.51652697280276	-5.08741029258063	3.62985987432548e-07	4.59172459964409e-06
Zo_SA_chr01A_2529-Zo_SB_chr01B_2544	27.2649581235371	-5.3396114701263	1.05758948263594	-5.04885076657327	4.44475766271963e-07	5.52006492018488e-06
Zo_SA_chr02A_3022-Zo_SB_chr02B_3014	23.0170738755422	-7.97642467095384	1.58640310450105	-5.0279936091417	4.95638390424871e-07	6.12357379258086e-06
Zo_SA_chr01A_2533-Zo_SB_chr01B_2548	18.6043181186456	-7.67017259283212	1.58399449004068	-4.84229752127175	1.2834639474881e-06	1.49653779109309e-05
Zo_SA_chr02A_1483-Zo_SB_chr02B_1472	22.1111585567314	-7.91867070733697	1.67583547723293	-4.7252077038087	2.29880272046341e-06	2.55547556500932e-05
Zo_SA_chr02A_1578-Zo_SB_chr02B_1563	54.3695906312927	-3.73559016468599	0.795412590612131	-4.69641819701542	2.64763197734679e-06	2.90265675861307e-05
Zo_SA_chr02A_3642-Zo_SB_chr02B_3662	18.5766634786159	-7.6680029414383	1.63433721041834	-4.69181200339649	2.70795907301754e-06	2.96198550899556e-05
Zo_SA_chr01A_80-Zo_SB_chr01B_145	494.946684093911	-5.2333637153336	1.13028703934183	-4.63011919377664	3.6545530151029e-06	3.90774962534209e-05
Zo_SA_chr01A_3159-Zo_SB_chr01B_3165	17.1345221143539	-7.55067306809158	1.67043638160066	-4.52017996689961	6.17870839980484e-06	6.36420310122447e-05
Zo_SA_chr02A_676-Zo_SB_chr02B_648	15.1820556452579	-7.37609510147117	1.64012338269786	-4.49728061881425	6.88281198872662e-06	7.02872170754545e-05
Zo_SA_chr01A_3319-Zo_SB_chr01B_3326	15.2876787348846	-7.38578043739607	1.65565737407369	-4.46093530766187	8.1602723038444e-06	8.26249227537875e-05
Zo_SA_chr02A_1772-Zo_SB_chr02B_1743	23.1637791121772	-6.12686835749139	1.3795533603028	-4.44119708145728	8.94598138474938e-06	8.94410591695384e-05
Zo_SA_chr01A_2219-Zo_SB_chr01B_2236	15.1381019710664	-7.37109499072622	1.69069160466761	-4.35981048842754	1.30175130817491e-05	0.00012695402839849
Zo_SA_chr02A_3158-Zo_SB_chr02B_3161	32.5777677401111	-4.20627212068591	0.964909162293715	-4.35924155874638	1.30513985899841e-05	0.00012702473444007
Zo_SA_chr02A_831-Zo_SB_chr02B_792	40.5981903238375	-3.3237629325815	0.76485329118407	-4.34562153408005	1.38881849743745e-05	0.000134893592958843
Zo_SA_chr01A_309-Zo_SB_chr01B_367	25.1024739244941	-4.61385578835943	1.06718205862108	-4.32340082096307	1.53642225028725e-05	0.000148624700032858
Zo_SA_chr01A_2353-Zo_SB_chr01B_2367	27.4226811621229	-4.13925194022616	0.967520032261877	-4.27820799797745	1.88403932043016e-05	0.000180921560111706
Zo_SA_chr01A_1907-Zo_SB_chr01B_1939	15.1726419745628	-7.37520573555483	1.7372022070594	-4.24545036011611	2.18154803315949e-05	0.000206835041155817
Zo_SA_chr02A_68-Zo_SB_chr02B_66	46.7284398478287	-3.10024801376925	0.731415397719401	-4.23869667419638	2.24821175917488e-05	0.000211057517313091
Zo_SA_chr02A_3093-Zo_SB_chr02B_3091	30.2554109943982	-3.96878879239262	0.938415547008713	-4.22924450158941	2.3447740473747e-05	0.000218402879529881
Zo_SA_chr02A_1348-Zo_SB_chr02B_1331	12.5417440323356	-7.10122419184744	1.68831401046841	-4.20610392842577	2.59810791728366e-05	0.000239196460569995
Zo_SA_chr02A_3417-Zo_SB_chr02B_3447	37.5762072084551	-3.71516152350728	0.884179412041863	-4.20181862742963	2.64779238932737e-05	0.000242833113551966
Zo_SA_chr02A_3327-Zo_SB_chr02B_3326	27.5349735206805	-3.34684621495442	0.805865702572466	-4.15310665818224	3.27991767223818e-05	0.000291283563852959
Zo_SA_chr02A_833-Zo_SB_chr02B_790	13.152447376579	-7.16872362197987	1.74951077690131	-4.0975589957079	4.17529775082295e-05	0.000364688552631403
Zo_SA_chr02A_3602-Zo_SB_chr02B_3621	36.0297993087218	-4.73403256375768	1.16162221822872	-4.07536330613259	4.5942563382305e-05	0.000396920443424298
Zo_SA_chr02A_3687-Zo_SB_chr02B_3714	19.4847972986486	-5.83284339441788	1.43990377649849	-4.05085637639066	5.10305241732291e-05	0.000436920233002028
Zo_SA_chr01A_2687-Zo_SB_chr01B_2682	30.0698336267038	-4.28638465683667	1.06852700368829	-4.01148931383216	6.03369085886855e-05	0.000509286224883967
Zo_SA_chr02A_869-Zo_SB_chr02B_837	11.2618869158646	-6.94589239210258	1.74118936549508	-3.98916541172856	6.63061739759896e-05	0.000552821929530585
Zo_SA_chr01A_128-Zo_SB_chr01B_193	15.2108125598967	-7.37876545962141	1.8561587273166	-3.97528797027434	7.02941468256336e-05	0.000582001364950428
Zo_SA_chr02A_778-Zo_SB_chr02B_739	12.3666779222866	-7.07977056219066	1.78841155949531	-3.95869201616465	7.53613406362621e-05	0.000619652126714369
Zo_SA_chr02A_1927-Zo_SB_chr02B_1884	14.5742154748085	-6.33797841449439	1.62002023303744	-3.91228349204692	9.14274945471886e-05	0.000742789985511997
Zo_SA_chr01A_656-Zo_SB_chr01B_708	10.6407680257011	-6.86316920228083	1.76057172695181	-3.89826162559334	9.68857094314711e-05	0.000783132115726586
Zo_SA_chr02A_2150-Zo_SB_chr02B_2108	19.151828671257	-6.73764805724626	1.73046444954965	-3.89354895964475	9.87882531473962e-05	0.000797159355769767
Zo_SA_chr01A_3876-Zo_SB_chr01B_3868	50.2364162593425	-3.66073074877812	0.942519125688373	-3.88398563912906	0.000102757979601102	0.000823618159189338
Zo_SA_chr01A_1370-Zo_SB_chr01B_1392	10.2089493853338	-6.80393871193935	1.76266904641366	-3.86002053294276	0.000113377497830475	0.000887844478084625
Zo_SA_chr02A_3159-Zo_SB_chr02B_3162	47.3927693157089	-3.23828388669845	0.839232038117752	-3.85862757809074	0.000114025540491794	0.000891455414107153
Zo_SA_chr01A_2614-Zo_SB_chr01B_2609	34.8112331902146	-3.82963148865003	1.00354984386687	-3.81608498277848	0.000135585823316119	0.00103457406623132
Zo_SA_chr02A_2433-Zo_SB_chr02B_2402	9.84105306680598	-6.75031261423545	1.76919951851883	-3.81546148050435	0.000135928659892804	0.00103553319333672
Zo_SA_chr02A_3585-Zo_SB_chr02B_3606	200.419803994641	-6.69878464428376	1.76907806584254	-3.78659640500002	0.000152724858953353	0.00115244438662744
Zo_SA_chr02A_1980-Zo_SB_chr02B_1939	11.0947954333418	-6.92484958529319	1.85378514347125	-3.73551897838941	0.000187328450324961	0.00139371198065482
Zo_SA_chr01A_4033-Zo_SB_chr01B_4008	28.458267877529	-4.18410306969935	1.12119499916548	-3.73182459145256	0.000190097857857713	0.00141211321514553
Zo_SA_chr02A_2502-Zo_SB_chr02B_2454	39.8079115911679	-3.47329145438616	0.936275345750434	-3.70969017837619	0.000207513031829686	0.00152720624814163
Zo_SA_chr02A_2039-Zo_SB_chr02B_1989	13.2121750806122	-7.17675246372105	1.9445986422007	-3.69060859550901	0.000223718153305427	0.00163136372035716
Zo_SA_chr01A_3626-Zo_SB_chr01B_3620	8.96354465975385	-6.61592565967332	1.80547093912421	-3.6643767098697	0.000247941636453731	0.00177809573571104
Zo_SA_chr01A_3857-Zo_SB_chr01B_3846	25.2929759520613	-3.30937499935448	0.91890380398562	-3.60143791439378	0.00031646200248605	0.00220322232095763
Zo_SA_chr02A_2638-Zo_SB_chr02B_2584	9.55401674230395	-6.7074979835312	1.88841287545505	-3.55192345419424	0.000382426094574649	0.00259799151713176
Zo_SA_chr02A_3230-Zo_SB_chr02B_3233	27.520590485228	-3.9947262644299	1.126972960396	-3.54465138456049	0.000393132675499845	0.00265559451764697
Zo_SA_chr02A_2244-Zo_SB_chr02B_2211	28.8549929494642	-3.10168947955351	0.887286551577689	-3.49570212017569	0.000472816209361061	0.00311875588166376
Zo_SA_chr02A_151-Zo_SB_chr02B_145	29.3225931142103	-3.79917058598437	1.09099876657605	-3.48228678379496	0.000497150953385834	0.003261228193531
Zo_SA_chr01A_1568-Zo_SB_chr01B_1585	18.9938270811011	-3.23645709232967	0.929571817565294	-3.48166438695021	0.000498307813736821	0.00326432687322926
Zo_SA_chr01A_867-Zo_SB_chr01B_913	17.2109900242878	-4.05472521553896	1.16524899584916	-3.479707109796	0.00050196221900072	0.00327477130289252
Zo_SA_chr01A_3830-Zo_SB_chr01B_3816	8.4950077115418	-6.5393396046041	1.88083902827633	-3.47682045421878	0.000507397476532151	0.0033011985887883
Zo_SA_chr01A_3488-Zo_SB_chr01B_3495	16.2606017850329	-3.95579208905172	1.15838618919016	-3.41491648119291	0.000638015714299873	0.00402473140409536
Zo_SA_chr01A_1921-Zo_SB_chr01B_1953	30.2517718967894	-3.40847995536525	0.998940310323262	-3.41209571797363	0.000644654725291247	0.00406123961019017
Zo_SA_chr01A_1732-Zo_SB_chr01B_1761	10.8501859034863	-6.89173539584776	2.04877212311287	-3.36383696268601	0.000768669374198091	0.00476075876045545
Zo_SA_chr01A_3420-Zo_SB_chr01B_3436	8.89726880835528	-6.60477550094644	1.96922948332529	-3.3539897492259	0.000796553136438014	0.00488901146418647
Zo_SA_chr01A_1855-Zo_SB_chr01B_1882	22.9016873506486	-3.80806730929915	1.14727782795124	-3.31921982323972	0.000902693386550195	0.00549100096997178
Zo_SA_chr01A_3428-Zo_SB_chr01B_3445	19.8027488365005	-4.19996845438476	1.29673161633876	-3.23888798689362	0.00119996689608395	0.00697033145849496
Zo_SA_chr02A_2946-Zo_SB_chr02B_2919	15.6415479516662	-4.4613100858794	1.39244190858565	-3.20394700731962	0.00135557425071957	0.00774219593015765
Zo_SA_chr02A_2095-Zo_SB_chr02B_2052	9.03220703781246	-5.63686433413933	1.76844284996322	-3.18747328151236	0.00143521717266833	0.00810005999580507
Zo_SA_chr01A_3579-Zo_SB_chr01B_3577	12.2366677610381	-7.06469997180607	2.23148148655821	-3.16592363161502	0.00154591374307904	0.00860264018756587
Zo_SA_chr01A_1326-Zo_SB_chr01B_1353	44.6091547556539	-3.19054214127806	1.01820449141399	-3.13349839662103	0.00172735862268089	0.00941459802464592
Zo_SA_chr01A_4078-Zo_SB_chr01B_4102	11.4737717331426	-6.97198120749742	2.23302873350665	-3.12220846193453	0.00179499788578736	0.00973873141902152
Zo_SA_chr02A_2515-Zo_SB_chr02B_2465	78.6911091871331	-3.17337965002222	1.01755840944823	-3.11862161479553	0.00181699139087387	0.00983567757443529
Zo_SA_chr01A_3058-Zo_SB_chr01B_3062	7.52230454756182	-6.36290996109291	2.05376686200878	-3.09816565784365	0.00194722548810352	0.0103990127130635
Zo_SA_chr02A_272-Zo_SB_chr02B_271	6.58270212013853	-6.17000084010215	2.00319953105779	-3.08007302539857	0.00206949846885798	0.0109710105941339
Zo_SA_chr02A_2822-Zo_SB_chr02B_2783	33.3635026884234	-3.04465220545209	0.988582040928476	-3.07981743487122	0.00207127516230273	0.0109710105941339
Zo_SA_chr01A_3994-Zo_SB_chr01B_3969	10.8760252525972	-6.89540742211413	2.24929507189132	-3.06558597326056	0.00217243910550357	0.011447913916184
Zo_SA_chr02A_1168-Zo_SB_chr02B_1141	6.83400877770048	-6.22469119177704	2.03703818550181	-3.05575577133505	0.0022449403696969	0.0117391673498734
Zo_SA_chr02A_729-Zo_SB_chr02B_702	48.4936570559055	-3.38295680707394	1.11382312994352	-3.03724776055376	0.00238749128913658	0.0124165168570255
Zo_SA_chr02A_1916-Zo_SB_chr02B_1871	36.415190208825	-3.26982341178556	1.08385396599263	-3.01684868476811	0.00255417275103524	0.0131117867057988
Zo_SA_chr02A_255-Zo_SB_chr02B_242	12.7902335237539	-7.12874319522567	2.39425790529036	-2.97743329132337	0.00290672892334059	0.0145611241968606
Zo_SA_chr01A_211-Zo_SB_chr01B_280	6.0462620415987	-6.04773347400949	2.03262445868453	-2.97533243200441	0.00292671197230728	0.0146304920292803
Zo_SA_chr02A_2648-Zo_SB_chr02B_2596	10.336229993044	-6.82173375905035	2.29604873176289	-2.97107533680814	0.00296758973542636	0.0148038027701342
Zo_SA_chr02A_595-Zo_SB_chr02B_578	6.71143500533788	-6.19830320213324	2.11222564408016	-2.93448913448473	0.00334097250433435	0.0162826477773295
Zo_SA_chr02A_2609-Zo_SB_chr02B_2554	9.76145733827975	-6.73898375070102	2.30340330215742	-2.92566384027892	0.00343722129143022	0.0166586466858036
Zo_SA_chr02A_2445-Zo_SB_chr02B_2413	7.55521727212895	-6.37064794659092	2.17876229838708	-2.92397566788587	0.00345591759895929	0.0167152850197128
Zo_SA_chr01A_3700-Zo_SB_chr01B_3691	9.48770670949367	-4.75960833717734	1.66361204222179	-2.86100858636535	0.00422295614703396	0.0198221238830757
Zo_SA_chr02A_1049-Zo_SB_chr02B_1031	5.76730074400707	-5.97912848433858	2.09465799690319	-2.85446526028513	0.00431093462016229	0.0201557325525039
Zo_SA_chr01A_1869-Zo_SB_chr01B_1904	6.54987700817677	-6.16314590563992	2.16269103260994	-2.84975792321209	0.0043752515324707	0.0203976689793128
Zo_SA_chr02A_2284-Zo_SB_chr02B_2254	8.78531160445177	-6.58697999875771	2.35696878658622	-2.79468274516191	0.00519506695399279	0.0237766548019113
Zo_SA_chr02A_2961-Zo_SB_chr02B_2945	5.90184273916305	-6.01271536165053	2.20001125822599	-2.73303845113	0.00627530059110143	0.0279429584677523
Zo_SA_chr02A_228-Zo_SB_chr02B_213	203.887138796867	-3.85214730371361	1.42141476975198	-2.71007969361805	0.00672670435075487	0.0295392753671731
Zo_SA_chr02A_1546-Zo_SB_chr02B_1533	5.18444005178287	-5.82635308492916	2.15889900232434	-2.69876130317181	0.00695980757726849	0.0303949838241698
Zo_SA_chr01A_977-Zo_SB_chr01B_1010	5.28307737855872	-5.85418151495655	2.17675306327744	-2.68941002712644	0.00715784395742264	0.0310991121044303
Zo_SA_chr01A_4269-Zo_SB_chr01B_4287	10.2316949831661	-4.25563287810812	1.58243036616385	-2.68930182907491	0.00716016462375014	0.0310991121044303
Zo_SA_chr02A_2677-Zo_SB_chr02B_2636	8.59760445217311	-4.60968236310612	1.71565616808611	-2.68683343950462	0.00721329121850885	0.0312728962009716
Zo_SA_chr01A_1280-Zo_SB_chr01B_1305	26.0788262548009	-3.07682230933969	1.17162283789611	-2.62612012144177	0.00863643334093002	0.0361925752222278
Zo_SA_chr02A_596-Zo_SB_chr02B_579	4.69976606029953	-5.68475925197864	2.20619691431984	-2.576723417153	0.00997417245046338	0.0410412669683001
Zo_SA_chr01A_1693-Zo_SB_chr01B_1726	23.4619275159015	-4.09062025301464	1.60163104800201	-2.55403406303691	0.010648283885072	0.0434402616320858
Zo_SA_chr01A_2553-Zo_SB_chr01B_2565	4.87265364222947	-5.73676074514671	2.24996257008992	-2.54971385809206	0.0107811365457485	0.043666777633676
Zo_SA_chr01A_118-Zo_SB_chr01B_184	10.4703130394702	-3.93322038054092	1.55827082876796	-2.52409292911598	0.0115997260451718	0.0464086354944836
Zo_SA_chr02A_2688-Zo_SB_chr02B_2651	5.00593137188586	-5.7743417541688	2.30023033233442	-2.51033197545423	0.0120617708664911	0.047776233606558
Zo_SA_chr02A_2256-Zo_SB_chr02B_2228	24.6163275884958	-4.0827646446369	1.6332411496605	-2.4997929090175	0.0124265924370925	0.0489772060599127
