baseMean	log2FoldChange	lfcSE	stat	pvalue	padj
Zo_SA_chr02A_1533-Zo_SB_chr02B_1519	3248.5649043044	2.90556902076767	0.272709151809698	10.6544609943829	1.6620465467278e-26	2.89552251962079e-24
Zo_SA_chr02A_1524-Zo_SB_chr02B_1509	1799.13359440995	-2.35855206909556	0.253591542325929	-9.30059436313623	1.39662746963274e-20	1.41932266601428e-18
Zo_SA_chr01A_1846-Zo_SB_chr01B_1870	477.102605205935	-2.81611733015172	0.308638743657004	-9.12431568630712	7.21908814932777e-20	6.90484548870997e-18
Zo_SA_chr02A_1282-Zo_SB_chr02B_1275	1914.50297517845	2.13872436611702	0.251780035086415	8.49441603017879	1.98930550015988e-17	1.38626174711141e-15
Zo_SA_chr02A_1571-Zo_SB_chr02B_1559	393.503337571094	2.64608166017651	0.322565244233874	8.20324479303787	2.33984068733565e-16	1.44477757883839e-14
Zo_SA_chr02A_1044-Zo_SB_chr02B_1025	1688.84951695216	2.20357663311751	0.276813559229722	7.96050829030672	1.71333974704412e-15	9.83255445421319e-14
Zo_SA_chr01A_2191-Zo_SB_chr01B_2209	291.212854705549	-2.87466140782558	0.371131764126642	-7.74566255354164	9.50847226946027e-15	4.98734706778787e-13
Zo_SA_chr01A_462-Zo_SB_chr01B_518	1335.40658030126	-2.67230231288336	0.347826041749219	-7.68287014808995	1.5556325257396e-14	7.90455777141435e-13
Zo_SA_chr01A_884-Zo_SB_chr01B_924	1747.85002766933	-1.90218077730157	0.249513278900923	-7.62356530955167	2.4676336077306e-14	1.24093986994947e-12
Zo_SA_chr02A_3372-Zo_SB_chr02B_3393	1823.76226833627	-2.07809707618114	0.275384281527826	-7.54617171558195	4.48238969326565e-14	2.12282494405338e-12
Zo_SA_chr02A_230-Zo_SB_chr02B_215	679.635243677885	-2.69296289484691	0.365252388335708	-7.37288237078348	1.66977811827119e-13	7.47264005589622e-12
Zo_SA_chr02A_134-Zo_SB_chr02B_125	3111.10531664017	1.96795414261524	0.267177209293249	7.3657260955041	1.76185241225169e-13	7.74262708735471e-12
Zo_SA_chr02A_235-Zo_SB_chr02B_221	387.759906995142	2.35689655162137	0.319960446322742	7.36621222625744	1.75544287619858e-13	7.74262708735471e-12
Zo_SA_chr01A_2008-Zo_SB_chr01B_2039	4506.87808949025	-1.77245818214323	0.241246687917168	-7.34707778766192	2.02586981746557e-13	8.82338657999736e-12
Zo_SA_chr02A_1492-Zo_SB_chr02B_1479	4078.17545012018	-2.1301450398243	0.290831099939674	-7.32433718493706	2.40082344824718e-13	1.02729971759208e-11
Zo_SA_chr01A_3924-Zo_SB_chr01B_3913	947.49991426213	-1.81505016884954	0.249277813086653	-7.28123432396528	3.30779550527624e-13	1.37425601749455e-11
Zo_SA_chr02A_1761-Zo_SB_chr02B_1733	640.840053788136	-2.99627076867907	0.412325218763859	-7.26676572842625	3.68196537469646e-13	1.49671892481411e-11
Zo_SA_chr02A_3346-Zo_SB_chr02B_3347	1039.15471084284	-2.30271668792493	0.318881146893168	-7.22123810190757	5.15163599651937e-13	2.07683309016706e-11
Zo_SA_chr02A_3227-Zo_SB_chr02B_3230	2148.58638792883	-1.77605647364625	0.246159038817637	-7.21507722071508	5.39033789328761e-13	2.15525149536532e-11
Zo_SA_chr01A_4228-Zo_SB_chr01B_4246	1042.77527665131	-2.07565940146876	0.290324556440699	-7.14944483827268	8.71295516293468e-13	3.4275641358706e-11
Zo_SA_chr02A_1331-Zo_SB_chr02B_1312	1789.78898862581	-1.77833631568514	0.252543832134844	-7.04169371570955	1.89916940167016e-12	7.29460499318666e-11
Zo_SA_chr01A_1067-Zo_SB_chr01B_1093	2764.04729105456	1.78252067840783	0.260004435388366	6.85573180990276	7.09483712100582e-12	2.58273249822883e-10
Zo_SA_chr01A_1880-Zo_SB_chr01B_1917	470.559308542836	2.09875639466565	0.310472813706473	6.75987172471034	1.38113966316436e-11	4.81228519779696e-10
Zo_SA_chr02A_2304-Zo_SB_chr02B_2273	363.907877647647	2.23528168124949	0.333839040631993	6.69568687058848	2.14660936259037e-11	7.32248983966143e-10
Zo_SA_chr02A_3248-Zo_SB_chr02B_3245	546.654125051951	-1.86523683453156	0.281753927701489	-6.62009168691246	3.58976144414773e-11	1.19937372085977e-09
Zo_SA_chr01A_32-Zo_SB_chr01B_79	433.362739814109	2.03017204537465	0.307178678081576	6.60909167932386	3.86685206421485e-11	1.28316356253334e-09
Zo_SA_chr01A_2188-Zo_SB_chr01B_2207	362.837483516723	1.84806173670701	0.280774384122616	6.58201688334911	4.64108868941342e-11	1.52967774506478e-09
Zo_SA_chr02A_2488-Zo_SB_chr02B_2445	299.648646830989	2.79110167577095	0.426715825467871	6.54089093768823	6.11534171849128e-11	1.98870912685336e-09
Zo_SA_chr01A_975-Zo_SB_chr01B_1008	243.085523868791	2.65893011740969	0.407874450240042	6.51899160598281	7.07816145109496e-11	2.25668441558439e-09
Zo_SA_chr01A_3898-Zo_SB_chr01B_3885	3781.69894569157	1.60123726280545	0.247314839577771	6.47448922005316	9.51332025711363e-11	2.97474206501284e-09
Zo_SA_chr02A_3368-Zo_SB_chr02B_3368	981.396702214486	-2.3848808380719	0.370261280310473	-6.44107543751839	1.18629887076161e-10	3.66251005795894e-09
Zo_SA_chr02A_3459-Zo_SB_chr02B_3488	1057.59148036049	-2.3557034712734	0.365815852883516	-6.43958825924231	1.19798037432575e-10	3.67531337481823e-09
Zo_SA_chr01A_2171-Zo_SB_chr01B_2189	521.698654539061	-2.03490931445468	0.31749034847661	-6.40935802999566	1.46133654434416e-10	4.37325132718456e-09
Zo_SA_chr01A_906-Zo_SB_chr01B_942	746.292230139625	-1.56691578549183	0.245314667132791	-6.38737097869345	1.68761887174785e-10	5.01963710755244e-09
Zo_SA_chr01A_1655-Zo_SB_chr01B_1673	498.514281659973	1.90951411171033	0.303940885003538	6.28251810113701	3.33132468645667e-10	9.67273917889027e-09
Zo_SA_chr02A_1832-Zo_SB_chr02B_1807	356.157617599765	-2.21075888077534	0.356282243385486	-6.20507735599771	5.4670004611487e-10	1.56870754408726e-08
Zo_SA_chr01A_2081-Zo_SB_chr01B_2103	813.581198505894	-1.88387981461958	0.30376529896516	-6.20176109989328	5.58347913058255e-10	1.59276088882934e-08
Zo_SA_chr01A_1219-Zo_SB_chr01B_1250	296.130232840249	-2.46473913923809	0.402387887872027	-6.12528163378009	9.05233425951346e-10	2.55244430739345e-08
Zo_SA_chr02A_3039-Zo_SB_chr02B_3036	1560.01251071503	1.49888650486189	0.24616817292742	6.0888720383192	1.13708954815711e-09	3.15154705449453e-08
Zo_SA_chr02A_669-Zo_SB_chr02B_642	286.874266360397	2.57503579453897	0.431557193031249	5.9668471204291	2.41881842763452e-09	6.34354639247375e-08
Zo_SA_chr02A_158-Zo_SB_chr02B_151	2001.17166024429	1.7700712885132	0.297491367725138	5.94999210245531	2.68155427414588e-09	6.99498489266503e-08
Zo_SA_chr01A_4193-Zo_SB_chr01B_4216	330.47520121018	1.71014273482037	0.288402694017138	5.92970443860953	3.03480447529676e-09	7.7914611739461e-08
Zo_SA_chr01A_295-Zo_SB_chr01B_353	15025.7349942622	1.84970955692831	0.312387307360617	5.92120586638633	3.19589491252894e-09	8.16208135252156e-08
Zo_SA_chr01A_600-Zo_SB_chr01B_650	478.742989347869	-1.61648689285201	0.274410357170419	-5.89076487316444	3.84412181962444e-09	9.76647199798335e-08
Zo_SA_chr01A_2084-Zo_SB_chr01B_2106	109.238422232053	2.98799246367398	0.507607445897827	5.88642362877281	3.94641989255496e-09	9.97442292014669e-08
Zo_SA_chr02A_1225-Zo_SB_chr02B_1205	343.349754459374	-2.82084216572461	0.481222323017626	-5.86182733177422	4.57800943369992e-09	1.15110979472104e-07
Zo_SA_chr01A_2430-Zo_SB_chr01B_2441	1328.54916520797	-1.56865929937692	0.268673596248482	-5.83853166548659	5.26628747731627e-09	1.31066073032392e-07
Zo_SA_chr02A_834-Zo_SB_chr02B_789	459.841029242176	2.37442553512634	0.410208248866283	5.78834175492249	7.10846716742348e-09	1.73375514213459e-07
Zo_SA_chr01A_3333-Zo_SB_chr01B_3350	978.790121601006	-1.63624353576066	0.285748175860315	-5.72617316220602	1.02721373766049e-08	2.45624931975876e-07
Zo_SA_chr02A_1472-Zo_SB_chr02B_1462	883.955480888036	1.62138961137324	0.283205115630567	5.72514238580456	1.03347026086369e-08	2.45915508902101e-07
Zo_SA_chr02A_404-Zo_SB_chr02B_396	912.502453933017	-2.27256835344643	0.399483605258756	-5.68876500444724	1.27961415281623e-08	2.99311035196738e-07
Zo_SA_chr01A_1796-Zo_SB_chr01B_1831	237.527437170064	-2.98644705619174	0.528485535386284	-5.65095325458409	1.59560482642019e-08	3.67139638833852e-07
Zo_SA_chr01A_3601-Zo_SB_chr01B_3593	151.91877106119	-2.18672617616464	0.387548994092509	-5.64245091458722	1.67646339982001e-08	3.83933730719344e-07
Zo_SA_chr02A_982-Zo_SB_chr02B_955	178.231116412009	2.56941429751137	0.455870784504848	5.63627761384661	1.73765178033587e-08	3.96087167498988e-07
Zo_SA_chr02A_2237-Zo_SB_chr02B_2207	220.331080260783	-2.25966289522703	0.401252301436702	-5.63152631682411	1.78621712807596e-08	4.05263588407188e-07
Zo_SA_chr01A_324-Zo_SB_chr01B_384	803.35349217829	-1.64864003361685	0.292826994764983	-5.63008214095841	1.80123818109039e-08	4.06779622562913e-07
Zo_SA_chr02A_736-Zo_SB_chr02B_709	477.810132423118	-2.02985164045534	0.361269886894183	-5.61865717042143	1.92447284060422e-08	4.30772675643614e-07
Zo_SA_chr02A_2846-Zo_SB_chr02B_2807	431.745666689824	1.57075650745634	0.284113201164282	5.52862908523594	3.22742903160638e-08	7.02830304293568e-07
Zo_SA_chr01A_4134-Zo_SB_chr01B_4156	379.875676894466	1.88750005366498	0.343811872418503	5.48992110245522	4.02113322598901e-08	8.71781683394418e-07
Zo_SA_chr01A_1720-Zo_SB_chr01B_1750	473.434323476384	1.5465234311629	0.282178456691934	5.48065734462254	4.23748469301286e-08	9.14621696129059e-07
Zo_SA_chr02A_528-Zo_SB_chr02B_511	1449.8589174516	1.44983953846953	0.266826702470813	5.43363735729606	5.5216742616824e-08	1.18134767756521e-06
Zo_SA_chr02A_2926-Zo_SB_chr02B_2899	474.48482484464	-1.54169833499529	0.285494769218413	-5.40009310578941	6.66063194357781e-08	1.41880186116911e-06
Zo_SA_chr01A_3928-Zo_SB_chr01B_3917	202.440882343526	2.91217263766316	0.540615230472486	5.38677505463171	7.17331187131293e-08	1.51840163877807e-06
Zo_SA_chr02A_248-Zo_SB_chr02B_236	326.383423769572	2.46309240437382	0.457284506405946	5.38634563355892	7.19046286506221e-08	1.51840163877807e-06
Zo_SA_chr02A_1592-Zo_SB_chr02B_1576	611.627538735481	-2.23285546265746	0.416440677623509	-5.3617611886515	8.24144489989506e-08	1.72539777775485e-06
Zo_SA_chr02A_1827-Zo_SB_chr02B_1802	208.910567115768	-2.21380357072721	0.413445609535487	-5.35452190002563	8.57829311856861e-08	1.78824418087084e-06
Zo_SA_chr02A_1222-Zo_SB_chr02B_1202	1700.56586293794	1.27698857029281	0.239444416795062	5.33313153584939	9.65333320215479e-08	1.97852770420635e-06
Zo_SA_chr02A_1091-Zo_SB_chr02B_1075	233.94804260079	-1.98811530857202	0.373391612315089	-5.32447768776963	1.01243527835406e-07	2.05777470325462e-06
Zo_SA_chr01A_3222-Zo_SB_chr01B_3230	1001.62500825713	2.52317032148881	0.477405057984785	5.28517718714496	1.25583144230608e-07	2.49022185998742e-06
Zo_SA_chr01A_3331-Zo_SB_chr01B_3347	6278.76150895528	-1.22776456787564	0.233274410333265	-5.26317724315156	1.41586960303529e-07	2.78492416274441e-06
Zo_SA_chr01A_2113-Zo_SB_chr01B_2137	2768.21979332053	1.36416346454783	0.259847786578	5.24985601190925	1.52218145408512e-07	2.98200848715953e-06
Zo_SA_chr01A_2608-Zo_SB_chr01B_2604	316.961330110719	-2.1930753189471	0.418194596720584	-5.24415029783944	1.57004180305381e-07	3.0634655661186e-06
Zo_SA_chr02A_3541-Zo_SB_chr02B_3575	382.046644540506	-1.78865776222445	0.341234724239849	-5.24172258907399	1.59084418393838e-07	3.09168841802846e-06
Zo_SA_chr02A_3750-Zo_SB_chr02B_3760	380.021376919258	-2.41793293629927	0.462779118952314	-5.22480993043339	1.74334093061291e-07	3.36127156503152e-06
Zo_SA_chr01A_2752-Zo_SB_chr01B_2736	167.329465450152	2.04320693132338	0.391466829993276	5.21936157747635	1.79540943964976e-07	3.44803434905966e-06
Zo_SA_chr02A_23-Zo_SB_chr02B_25	1232.76753312257	1.54155391746633	0.296266384990257	5.20326974495276	1.95812325010108e-07	3.73114266171603e-06
Zo_SA_chr02A_1919-Zo_SB_chr02B_1874	1341.05967526639	1.53670915744705	0.29612435873855	5.18940476221956	2.10967369933387e-07	3.94290739668606e-06
Zo_SA_chr02A_1442-Zo_SB_chr02B_1436	460.726296052314	-1.52886092794752	0.294777574383027	-5.1864899531365	2.14294578916134e-07	3.98980517539276e-06
Zo_SA_chr01A_2795-Zo_SB_chr01B_2788	332.774806949872	-1.69512974987071	0.328064208805689	-5.16706700813781	2.37796027811425e-07	4.39382205933384e-06
Zo_SA_chr01A_1161-Zo_SB_chr01B_1181	182.926074672934	-2.45705629992419	0.475905123833938	-5.16291205299474	2.4313739090943e-07	4.47556299191018e-06
Zo_SA_chr02A_1126-Zo_SB_chr02B_1101	264.49089661603	2.44780991371442	0.476081274586855	5.14157990321849	2.72437742595227e-07	4.95877353872954e-06
Zo_SA_chr02A_2338-Zo_SB_chr02B_2304	276.090043914763	1.98171813464131	0.386035910088234	5.13350722783371	2.84392103775782e-07	5.15711777776307e-06
Zo_SA_chr02A_2409-Zo_SB_chr02B_2375	716.663088469471	1.55590509276116	0.303312421477031	5.12971109189796	2.90187198497653e-07	5.24271538619092e-06
Zo_SA_chr01A_2723-Zo_SB_chr01B_2713	282.475562576174	1.81723367545144	0.35441814008102	5.12737207817867	2.93814485299827e-07	5.28866073539688e-06
Zo_SA_chr02A_2797-Zo_SB_chr02B_2759	418.743634726373	1.92836990119784	0.376146213684822	5.12664977352038	2.94943438659819e-07	5.28946358008308e-06
Zo_SA_chr02A_2942-Zo_SB_chr02B_2915	953.15911247643	1.69855784930554	0.331787638421778	5.11941269839079	3.06488605715096e-07	5.47637882299721e-06
Zo_SA_chr02A_2788-Zo_SB_chr02B_2752	190.317493774941	-2.78566989599642	0.549811989447806	-5.06658630488242	4.05013166408746e-07	7.15816748457197e-06
Zo_SA_chr01A_3644-Zo_SB_chr01B_3636	426.631253444534	2.01375718549342	0.400458593557382	5.02862772304289	4.94002415601391e-07	8.66814310540858e-06
Zo_SA_chr01A_2653-Zo_SB_chr01B_2653	184.200750536596	-2.15502057520513	0.429259699864126	-5.02031887896129	5.15857715927127e-07	9.01918974298396e-06
Zo_SA_chr01A_4080-Zo_SB_chr01B_4103	472.767328741805	-1.94533979910658	0.38943419386251	-4.99529787000005	5.87450240876099e-07	1.01978016903687e-05
Zo_SA_chr02A_59-Zo_SB_chr02B_61	2095.29187154193	-1.69649861253629	0.339911850025573	-4.99099579025754	6.00688070263503e-07	1.03206891008013e-05
Zo_SA_chr02A_969-Zo_SB_chr02B_942	3952.0257305061	-1.06708896748033	0.213805413873929	-4.99093520667133	6.00876528213932e-07	1.03206891008013e-05
Zo_SA_chr02A_988-Zo_SB_chr02B_959	135.125051522641	-2.23613434399533	0.448138039958648	-4.98983381147841	6.04312601636963e-07	1.03331418948054e-05
Zo_SA_chr02A_3063-Zo_SB_chr02B_3062	375.397259724677	-1.64319044468742	0.329339797307932	-4.98934674193366	6.05838167674119e-07	1.03331418948054e-05
Zo_SA_chr01A_756-Zo_SB_chr01B_801	793.935307430521	1.72529822484786	0.345914062891376	4.98764985276022	6.1118209649356e-07	1.03879660860473e-05
Zo_SA_chr01A_1193-Zo_SB_chr01B_1208	148.121508436889	1.98561382335905	0.39824506788724	4.98590938964563	6.1671043853145e-07	1.04455330526264e-05
Zo_SA_chr02A_1281-Zo_SB_chr02B_1274	3906.31697681256	1.35828238440963	0.272715315952154	4.98058709928831	6.33916634170247e-07	1.06998108701815e-05
Zo_SA_chr01A_2294-Zo_SB_chr01B_2311	135.055783131137	1.96664563202979	0.399255333240565	4.92578424956147	8.40226676528873e-07	1.39884837136786e-05
Zo_SA_chr02A_1926-Zo_SB_chr02B_1882	563.191676676578	-1.47174264201504	0.298832470441865	-4.9249756555533	8.43708574950533e-07	1.39986749272405e-05
Zo_SA_chr01A_1258-Zo_SB_chr01B_1285	433.433392834882	-1.73276650835167	0.352635564953803	-4.91375992826665	8.93461441511511e-07	1.47240030800444e-05
Zo_SA_chr01A_2498-Zo_SB_chr01B_2503	447.866586593323	1.81715152830949	0.371097685620351	4.89669323933352	9.74628030205134e-07	1.6007527041551e-05
Zo_SA_chr01A_3891-Zo_SB_chr01B_3879	748.0057196016	-1.91247118167871	0.391345687842544	-4.88691006721448	1.02430854088624e-06	1.67670371222921e-05
Zo_SA_chr01A_952-Zo_SB_chr01B_982	606.114118457988	1.8826711081317	0.386575478888685	4.87012552773378	1.11527374533298e-06	1.81950011027902e-05
Zo_SA_chr02A_2644-Zo_SB_chr02B_2594	200.853378709753	-1.91782848806051	0.394295401775226	-4.86393825397386	1.15072824746666e-06	1.87108413038079e-05
Zo_SA_chr02A_1601-Zo_SB_chr02B_1583	481.006991565172	-1.49782196856374	0.30901925200052	-4.847018296974	1.25330872658532e-06	2.03110962401434e-05
Zo_SA_chr02A_1591-Zo_SB_chr02B_1575	449.106675483877	1.64188378405456	0.340007022456083	4.82897021418617	1.37240932935385e-06	2.21675917502917e-05
Zo_SA_chr01A_2022-Zo_SB_chr01B_2048	151.871360440486	2.1248961758423	0.441022874806097	4.81810875859113	1.44925371432457e-06	2.32548013765634e-05
Zo_SA_chr02A_2979-Zo_SB_chr02B_2970	289.014086004865	-2.81880107776759	0.585021377640849	-4.81828730624283	1.44795768744527e-06	2.32548013765634e-05
Zo_SA_chr02A_506-Zo_SB_chr02B_491	628.650115642031	-1.3915245590689	0.289394500081811	-4.80840015506694	1.52142985167728e-06	2.43329010376451e-05
Zo_SA_chr02A_2011-Zo_SB_chr02B_1958	100.229100410766	2.72120979334551	0.566890273369671	4.80024075412386	1.58475000747471e-06	2.52627795309204e-05
Zo_SA_chr02A_2394-Zo_SB_chr02B_2361	1137.06957759229	-1.35085509012086	0.282302015849016	-4.78514149485683	1.70866917482831e-06	2.71494730775651e-05
Zo_SA_chr02A_1016-Zo_SB_chr02B_991	221.67646993095	1.94465958311256	0.408451591173598	4.76105277867812	1.9258567038167e-06	3.01100288500572e-05
Zo_SA_chr02A_1839-Zo_SB_chr02B_1815	319.038470962863	1.90377411348375	0.402530889262849	4.72951061462665	2.25061688574807e-06	3.48524100592987e-05
Zo_SA_chr01A_1666-Zo_SB_chr01B_1689	208.900895445781	2.46355693841833	0.526675520708823	4.67756111980061	2.90307058778642e-06	4.45320073183087e-05
Zo_SA_chr01A_90-Zo_SB_chr01B_156	357.927179739323	1.54205496050719	0.332404712786698	4.63908874088893	3.49948775297854e-06	5.31791316480664e-05
Zo_SA_chr02A_2886-Zo_SB_chr02B_2858	305.707949429004	2.27467296666885	0.493021652246227	4.61373847640432	3.95490006618835e-06	5.95432176631691e-05
Zo_SA_chr01A_1645-Zo_SB_chr01B_1662	594.372648623482	1.72220201436969	0.373972028606106	4.60516263953963	4.12143625024149e-06	6.18595877805476e-05
Zo_SA_chr02A_2676-Zo_SB_chr02B_2623	118.931644757982	-2.1500935692971	0.468733908220137	-4.58702374970348	4.49609551491007e-06	6.68657131760101e-05
Zo_SA_chr02A_1738-Zo_SB_chr02B_1706	97.1757505066892	-2.48425809973687	0.541720828128852	-4.58586410331998	4.52112617555632e-06	6.7033597216911e-05
Zo_SA_chr01A_3070-Zo_SB_chr01B_3077	172.827710939237	2.48732418504716	0.543010088940117	4.58062241514165	4.6359416580256e-06	6.85276466904512e-05
Zo_SA_chr02A_1287-Zo_SB_chr02B_1281	179.653404320287	1.66683862905279	0.364149555939161	4.57734631792678	4.70911506487357e-06	6.91899496579918e-05
Zo_SA_chr01A_1299-Zo_SB_chr01B_1326	316.880799412363	2.32467504391207	0.510601522167212	4.55281651736006	5.29324363179578e-06	7.75388661738733e-05
Zo_SA_chr01A_4166-Zo_SB_chr01B_4185	51.8888364086242	-2.94017305927896	0.646537103030319	-4.54757050368552	5.42687430123733e-06	7.92583618007056e-05
Zo_SA_chr02A_1872-Zo_SB_chr02B_1838	380.168512858087	-2.11744070418411	0.467374844450869	-4.53049779919573	5.88448678017234e-06	8.54301384335734e-05
Zo_SA_chr01A_2526-Zo_SB_chr01B_2542	275.175177058178	-1.97650928023366	0.436734275254583	-4.52565642822859	6.02083267716907e-06	8.68923721870732e-05
Zo_SA_chr01A_1647-Zo_SB_chr01B_1665	256.407512366487	2.89347883255198	0.641024176163964	4.51383729373083	6.36650670860361e-06	9.16100876830927e-05
Zo_SA_chr01A_4187-Zo_SB_chr01B_4211	1014.95288577184	1.38755234605947	0.307874398508347	4.50687797615577	6.57884413902477e-06	9.43870638534201e-05
Zo_SA_chr02A_2485-Zo_SB_chr02B_2442	1610.81187750695	1.14460992584221	0.254553930495602	4.49653212430748	6.90707480011618e-06	9.88056037389053e-05
Zo_SA_chr02A_30-Zo_SB_chr02B_32	299.354656782803	1.87351084599626	0.417811760711076	4.48410270406874	7.32213915385344e-06	0.000104436826878646
Zo_SA_chr02A_1377-Zo_SB_chr02B_1359	86.6595613351831	2.60207215781418	0.58445258705222	4.45215269032883	8.50136766138368e-06	0.00011985454176945
Zo_SA_chr02A_3763-Zo_SB_chr02B_3768	833.398577437245	-1.41437833354587	0.31919065917621	-4.43113948633773	9.37364267110926e-06	0.000131016128795619
Zo_SA_chr01A_1511-Zo_SB_chr01B_1540	87.5935406270567	-2.47685801955255	0.559181646062771	-4.42943368580183	9.44808586745604e-06	0.000131342585246561
Zo_SA_chr02A_1507-Zo_SB_chr02B_1493	2189.61767639686	1.18896763808082	0.268463036638849	4.42879456690449	9.47612297146013e-06	0.000131342585246561
Zo_SA_chr02A_732-Zo_SB_chr02B_706	143.493664918429	2.13189053802214	0.481600199526373	4.42668117687396	9.5694010053024e-06	0.000132236651852309
Zo_SA_chr01A_2012-Zo_SB_chr01B_2042	409.423303883426	-1.55471197973722	0.351573408484541	-4.42215464030347	9.77214726437355e-06	0.000134656876710775
Zo_SA_chr02A_1795-Zo_SB_chr02B_1768	398.529689264688	-1.60059416481485	0.362524079431675	-4.41513889870182	1.00945153396601e-05	0.000138707171343273
Zo_SA_chr02A_2203-Zo_SB_chr02B_2172	251.463536522942	1.62613763135258	0.368864467353843	4.40849627782842	1.04090809055586e-05	0.000142228281953263
Zo_SA_chr01A_1576-Zo_SB_chr01B_1594	2095.08382366997	-1.64253271507092	0.372809848082858	-4.40581900804796	1.0538493149602e-05	0.000143594328446253
Zo_SA_chr01A_4150-Zo_SB_chr01B_4174	334.601925539495	-1.84160897926951	0.418489266581255	-4.40061221716409	1.07945884965339e-05	0.000145861503285575
Zo_SA_chr01A_1679-Zo_SB_chr01B_1705	1200.89118905211	-1.03498683600363	0.235939703038818	-4.38665821255756	1.15105447286349e-05	0.0001551061800726
Zo_SA_chr01A_3233-Zo_SB_chr01B_3242	1116.3510334843	-1.63343980507064	0.372706507060013	-4.38264364621794	1.17247808739171e-05	0.000157557799181729
Zo_SA_chr02A_3333-Zo_SB_chr02B_3333	818.928454469167	1.27967997651887	0.293046289921011	4.36681855574354	1.26069369928373e-05	0.000168483941509755
Zo_SA_chr01A_2701-Zo_SB_chr01B_2693	1112.45069110768	-1.05604886937969	0.243139136322109	-4.3433931918745	1.40298703158119e-05	0.000186478766758938
Zo_SA_chr02A_2870-Zo_SB_chr02B_2829	258.883116675668	1.72443934521315	0.39741277659759	4.3391643317982	1.43025545108179e-05	0.000189586578542852
Zo_SA_chr02A_1014-Zo_SB_chr02B_989	1094.58882062974	1.7304818712136	0.399115591795387	4.33579120131382	1.452367598404e-05	0.000191995911789017
Zo_SA_chr01A_150-Zo_SB_chr01B_214	640.165929700942	-1.28091611281881	0.296479802958851	-4.32041609592067	1.55735263552896e-05	0.000204764586418066
Zo_SA_chr01A_2259-Zo_SB_chr01B_2271	345.599230916283	-1.63248954321941	0.378001702320598	-4.31873595594243	1.56925390149028e-05	0.000205223070548783
Zo_SA_chr02A_952-Zo_SB_chr02B_931	83.1061992154915	2.75266024092865	0.638872663575783	4.308621103808	1.64275517951575e-05	0.000213689593751408
Zo_SA_chr02A_185-Zo_SB_chr02B_176	421.655783583864	-1.65302841603732	0.384952262279474	-4.29411274595193	1.75393331970424e-05	0.00022754485993397
Zo_SA_chr01A_4102-Zo_SB_chr01B_4124	198.838901523375	1.75764984514107	0.409562341431013	4.29153188010361	1.77444720906364e-05	0.000228383996987135
Zo_SA_chr01A_577-Zo_SB_chr01B_628	1751.04592102897	1.06303176750515	0.247848854018516	4.28903240934789	1.79453188663392e-05	0.000230361224815797
Zo_SA_chr01A_1992-Zo_SB_chr01B_2024	2683.97951722404	1.28055397420299	0.299735662845279	4.27227765307326	1.93486446458282e-05	0.000246429996298564
Zo_SA_chr01A_157-Zo_SB_chr01B_223	519.163212651176	1.89810215635264	0.446283428382293	4.25313161018091	2.10801598004001e-05	0.000266396423591584
Zo_SA_chr02A_2738-Zo_SB_chr02B_2704	1225.96415204276	-1.21642073106005	0.285968980943171	-4.25368068609437	2.10285108993559e-05	0.000266396423591584
Zo_SA_chr02A_48-Zo_SB_chr02B_52	543.103201275859	-1.3366320262416	0.316138529313312	-4.22799469949111	2.35783345239492e-05	0.000296430710844908
Zo_SA_chr02A_1231-Zo_SB_chr02B_1215	339.839348568299	1.25699982363163	0.297412543229582	4.22645195115836	2.37404936016739e-05	0.000297702127992198
Zo_SA_chr01A_1339-Zo_SB_chr01B_1363	99.8046531242928	2.49401488284206	0.591618316200931	4.21558091517069	2.49136042244498e-05	0.000310814735055924
Zo_SA_chr01A_3392-Zo_SB_chr01B_3408	79958.6550068993	-1.02212523233703	0.242563579610711	-4.2138446092255	2.51060047584322e-05	0.000312416049009266
Zo_SA_chr01A_3305-Zo_SB_chr01B_3313	143.976530067	2.13725354648314	0.507349809644836	4.21258371611353	2.52466096562108e-05	0.0003133663152748
Zo_SA_chr02A_3072-Zo_SB_chr02B_3072	132.387151987458	2.54525672340338	0.604670137253086	4.20933095020377	2.56127993303287e-05	0.000317104657698841
Zo_SA_chr02A_2869-Zo_SB_chr02B_2828	212.417733895105	-2.63068796104194	0.626150984806141	-4.20136360858142	2.65312069796094e-05	0.000326816231430643
Zo_SA_chr01A_1865-Zo_SB_chr01B_1901	1167.2166032715	-2.57483170755677	0.617611864056464	-4.16901270426594	3.0592193866176e-05	0.000375890986597498
Zo_SA_chr02A_712-Zo_SB_chr02B_683	59.5254329463838	-2.51388707190641	0.60583142268706	-4.14948280621779	3.33227314934893e-05	0.000406370710563102
Zo_SA_chr02A_1676-Zo_SB_chr02B_1656	368.057140747032	1.81091233641567	0.437128068446048	4.14275007059901	3.43165857435255e-05	0.000416408719544571
Zo_SA_chr01A_4016-Zo_SB_chr01B_3991	152.733636921267	-2.0530694725671	0.496001102840138	-4.13924376540914	3.48452547663383e-05	0.000421774572581137
Zo_SA_chr02A_1185-Zo_SB_chr02B_1159	49.4838180606004	-2.95320315157004	0.713578924753298	-4.13857955879377	3.4946269119607e-05	0.000421950249419414
Zo_SA_chr01A_537-Zo_SB_chr01B_592	171.761011834724	1.84544541668121	0.447162271208935	4.12701503570934	3.67502373948346e-05	0.00044154595569459
Zo_SA_chr01A_4145-Zo_SB_chr01B_4170	3159.05200488902	-1.33060072152281	0.322787780394714	-4.12221528304361	3.75246260281159e-05	0.000449742323747295
Zo_SA_chr01A_386-Zo_SB_chr01B_444	258.142219609009	-2.52507203265906	0.613403835631819	-4.11649208234602	3.84682538477183e-05	0.000459921917326396
Zo_SA_chr02A_457-Zo_SB_chr02B_438	432.634476058286	1.43813274435093	0.349877875248025	4.11038492597296	3.95000093917282e-05	0.000471102801498411
Zo_SA_chr02A_800-Zo_SB_chr02B_827	476.703257371872	2.2252205120332	0.541856700917937	4.10665865765533	4.01423765369271e-05	0.000477596372553977
Zo_SA_chr02A_3013-Zo_SB_chr02B_3006	202.124164037732	-1.90857713022871	0.465276416444223	-4.10202852062567	4.09543776202722e-05	0.000486071664310675
Zo_SA_chr01A_2214-Zo_SB_chr01B_2232	2532.6824213344	-1.00564593244219	0.245368982808474	-4.09850471290888	4.15827772798576e-05	0.000492332008667828
Zo_SA_chr02A_3607-Zo_SB_chr02B_3626	378.001373867754	1.47291300025241	0.360447554353596	4.08634483009279	4.38222331705426e-05	0.000517590444082099
Zo_SA_chr01A_2221-Zo_SB_chr01B_2238	83.5908317421888	-2.59850422110932	0.636609967353121	-4.08178375200958	4.46913705892828e-05	0.000523244826901746
Zo_SA_chr01A_3641-Zo_SB_chr01B_3634	1116.45803895503	-1.29054048684444	0.316186279055206	-4.08158282737852	4.47300313280091e-05	0.000523244826901746
Zo_SA_chr02A_111-Zo_SB_chr02B_108	244.24691202417	-1.58645141588516	0.38860652809694	-4.08241061634818	4.45709566111468e-05	0.000523244826901746
Zo_SA_chr02A_572-Zo_SB_chr02B_557	159.057240426302	2.62890075052066	0.644273148806042	4.08041333926845	4.49556877441041e-05	0.000524626423004162
Zo_SA_chr02A_3350-Zo_SB_chr02B_3351	332.403895196587	-1.39026539511223	0.34199300675921	-4.06518661971086	4.79940432571479e-05	0.000558746880688228
Zo_SA_chr02A_2529-Zo_SB_chr02B_2477	148.881864454063	2.27340325682572	0.560453842149178	4.05636126626928	4.98431456693506e-05	0.000578892534702601
Zo_SA_chr01A_895-Zo_SB_chr01B_934	511.022488147122	-1.53515884933632	0.380161308105045	-4.03817752255873	5.38680817350803e-05	0.000621202134051351
Zo_SA_chr02A_1489-Zo_SB_chr02B_1478	995.116808764339	-2.29217906679928	0.5689820438399	-4.02856134321921	5.61192184363087e-05	0.000645635725312061
Zo_SA_chr01A_1120-Zo_SB_chr01B_1147	167.877276080027	-1.85592261227345	0.462477914142275	-4.01299728164425	5.99526040067499e-05	0.000686499536020952
Zo_SA_chr01A_570-Zo_SB_chr01B_620	518.571204676878	-1.13220635169603	0.282670700739669	-4.00538983606495	6.19152846762196e-05	0.000705660651052802
Zo_SA_chr01A_3964-Zo_SB_chr01B_3945	148.021758985601	1.6175972735424	0.404385038743813	4.00014124797327	6.33046878482319e-05	0.00071981414294563
Zo_SA_chr01A_4107-Zo_SB_chr01B_4127	1869.5091079373	-1.18906709182187	0.297595970056329	-3.99557524786645	6.45373537550936e-05	0.000732123747947318
Zo_SA_chr02A_2135-Zo_SB_chr02B_2093	75.8065167940921	2.05365339520704	0.517971046410534	3.96480345656108	7.34564459542793e-05	0.000829445702233737
Zo_SA_chr01A_2794-Zo_SB_chr01B_2787	152.972483803193	-1.96488721188246	0.495751698988372	-3.96345028346246	7.38742538240125e-05	0.000832236974950422
Zo_SA_chr02A_2795-Zo_SB_chr02B_2757	493.301412081506	-1.2843908954521	0.324313647670419	-3.96033563397047	7.48444942095433e-05	0.000839290672998051
Zo_SA_chr02A_94-Zo_SB_chr02B_92	95.4384947789838	-2.28941093376403	0.579243103225588	-3.95241811428597	7.73654073655095e-05	0.000863589146748182
Zo_SA_chr02A_2649-Zo_SB_chr02B_2599	118.862991793463	2.15272035626596	0.545523886442939	3.94615233129876	7.94170986652741e-05	0.000884467139929697
Zo_SA_chr02A_1141-Zo_SB_chr02B_1114	1624.68755629269	-2.01404620787144	0.510965610798687	-3.94164727587695	8.09239218704705e-05	0.000899195651216755
Zo_SA_chr01A_2284-Zo_SB_chr01B_2299	451.07645477204	1.35587241174026	0.344046488226165	3.9409569873271	8.11571792942921e-05	0.000899738001358084
Zo_SA_chr02A_3137-Zo_SB_chr02B_3137	125.298427329503	2.43462092110709	0.618166094950383	3.93845754562535	8.2007100545953e-05	0.000907098948896052
Zo_SA_chr01A_534-Zo_SB_chr01B_590	287.021018494191	1.74660649737757	0.443823184347898	3.9353656117443	8.30701377090521e-05	0.000916778578608045
Zo_SA_chr02A_3727-Zo_SB_chr02B_3747	243.440180336045	-1.34799208813895	0.342749971842632	-3.9328729361876	8.39366119463865e-05	0.000924250097233574
Zo_SA_chr01A_2747-Zo_SB_chr01B_2734	118.534234005202	-2.39722465365901	0.609963300103687	-3.93011293179689	8.49059735550346e-05	0.000932818331084366
Zo_SA_chr01A_1508-Zo_SB_chr01B_1536	121.743131042065	2.22428087563961	0.566124692192913	3.92895930227622	8.53142751218923e-05	0.000935197829313687
Zo_SA_chr01A_1819-Zo_SB_chr01B_1850	518.647588045129	-1.4412726283398	0.367666645733803	-3.92005270280434	8.85296062966261e-05	0.000966747800367473
Zo_SA_chr01A_4225-Zo_SB_chr01B_4244	489.421984069778	-2.55217878097934	0.651084026627531	-3.91989156023232	8.85888205748792e-05	0.000966747800367473
Zo_SA_chr01A_1446-Zo_SB_chr01B_1475	264.966634130032	-1.57188284885824	0.401120448456221	-3.91873028390322	8.90166568742464e-05	0.000969248330876281
Zo_SA_chr02A_1203-Zo_SB_chr02B_1180	2584.27607184292	-1.13743254963437	0.29303791049133	-3.88152013412619	0.000103805555846322	0.00112027323322645
Zo_SA_chr01A_2568-Zo_SB_chr01B_2573	601.382147958408	1.24018453905365	0.319686389241897	3.87937860599764	0.000104723648107354	0.00112768643591098
Zo_SA_chr02A_1554-Zo_SB_chr02B_1542	2320.84864382146	-1.42703521953175	0.367913774699606	-3.87872191166775	0.000105006710511415	0.00112824390721296
Zo_SA_chr02A_757-Zo_SB_chr02B_724	313.17183821254	-1.17312156706572	0.302677351311465	-3.87581549125735	0.000106268189456275	0.0011392884135554
Zo_SA_chr01A_2635-Zo_SB_chr01B_2633	1236.82865825191	-1.07209462733119	0.276766133367454	-3.87364817467677	0.000107218167015887	0.00114444249169255
Zo_SA_chr01A_2676-Zo_SB_chr01B_2670	147.975705487947	-2.72596751164622	0.704411560501875	-3.86985061645502	0.000108902060949462	0.00115735131440409
Zo_SA_chr01A_593-Zo_SB_chr01B_642	392.653180619138	1.42327774653246	0.36825502650087	3.86492415339537	0.000111123725574319	0.00117736583993296
Zo_SA_chr02A_95-Zo_SB_chr02B_93	63.1750611841007	2.75445351788969	0.714129188845478	3.85708014868119	0.000114749544901829	0.00120895956810177
Zo_SA_chr01A_1075-Zo_SB_chr01B_1101	316.693827983877	1.17733316982285	0.305544413544213	3.85323088112192	0.000116569375371545	0.00122548580401379
Zo_SA_chr02A_2046-Zo_SB_chr02B_1995	710.755497859844	-1.47048005387755	0.382221251558852	-3.8471959575255	0.000119477406929539	0.00124798884582932
Zo_SA_chr02A_2895-Zo_SB_chr02B_2866	1455.68488818293	-1.1073639967686	0.288083481808205	-3.84389965650942	0.000121094535576171	0.0012621776592747
Zo_SA_chr02A_262-Zo_SB_chr02B_262	168.124067997519	-1.89232195343058	0.492568543604068	-3.84174340404419	0.000122163509973594	0.00126520934533161
Zo_SA_chr01A_3493-Zo_SB_chr01B_3499	142.621002835932	-2.8044159755023	0.733162596471649	-3.82509417283229	0.000130722107478269	0.00134812355238689
Zo_SA_chr01A_640-Zo_SB_chr01B_688	221.589482526984	-2.83595547661822	0.742667797652667	-3.81860568827915	0.000134208084471261	0.00138115408449538
Zo_SA_chr02A_2898-Zo_SB_chr02B_2870	939.88442873821	1.01627127830175	0.266505295578003	3.81332489509311	0.000137109679052657	0.00140804424088181
Zo_SA_chr02A_1742-Zo_SB_chr02B_1710	179.719359837733	-1.35355479258306	0.35535137743696	-3.80906021061698	0.00013949598856828	0.00142954082402536
Zo_SA_chr01A_3594-Zo_SB_chr01B_3587	89.0346201437414	-1.94438043830939	0.512259407689296	-3.79569493331536	0.000147230455682972	0.00150248988037979
Zo_SA_chr01A_1018-Zo_SB_chr01B_1054	398.808746409138	1.34863645242634	0.355749480631742	3.79097237199455	0.000150058647500312	0.00152497100522192
Zo_SA_chr01A_1417-Zo_SB_chr01B_1451	278.894659322197	-1.33162259392022	0.351442299393859	-3.78902197093778	0.000151241538907419	0.00153379672929395
Zo_SA_chr02A_3428-Zo_SB_chr02B_3461	361.50397648076	1.43138446673498	0.378157986599579	3.78514937528116	0.000153616279744241	0.00155464774396765
Zo_SA_chr01A_3512-Zo_SB_chr01B_3521	260.681875966365	-1.32173071153247	0.349866155483866	-3.77781814792721	0.000158208331522757	0.00159450463051241
Zo_SA_chr01A_2160-Zo_SB_chr01B_2178	108.784431830715	1.77148697010606	0.470921522607525	3.76174560953854	0.000168731617775781	0.00169008794971305
Zo_SA_chr01A_2639-Zo_SB_chr01B_2637	327.329132393999	-1.51293049903594	0.402703904995692	-3.75693029113319	0.000172010386203874	0.00171653119095062
Zo_SA_chr02A_1623-Zo_SB_chr02B_1605	151.057013370512	2.2776510744754	0.606466523575528	3.755608901621	0.000172920548892675	0.00172144170918055
Zo_SA_chr01A_133-Zo_SB_chr01B_203	2229.58051000362	-1.21173865989988	0.322799746695524	-3.75384018204584	0.000174145919484345	0.00173010956261636
Zo_SA_chr01A_3630-Zo_SB_chr01B_3623	215.880658670492	1.85045006024895	0.494161487143509	3.74462621712074	0.00018066253781073	0.00178756969460597
Zo_SA_chr02A_340-Zo_SB_chr02B_340	170.065003719416	-2.54162866866875	0.679050372577212	-3.74291624201967	0.000181896873364373	0.00179613957139962
Zo_SA_chr01A_2045-Zo_SB_chr01B_2074	347.624919681178	1.25515785324362	0.335514763093285	3.74099142962196	0.000183295771927075	0.00180629651608136
Zo_SA_chr01A_1857-Zo_SB_chr01B_1885	175.475552928679	1.86320674486821	0.499070520928345	3.73335363788342	0.000188947010239756	0.00185823289505953
Zo_SA_chr02A_1274-Zo_SB_chr02B_1267	330.074068900873	1.19602335842171	0.320910187969957	3.72697222854664	0.000193793802305701	0.00190206472363624
Zo_SA_chr01A_1144-Zo_SB_chr01B_1167	7393.1540519909	-1.45022163198329	0.389820192094994	-3.72023220292779	0.000199039694196218	0.0019484234015889
Zo_SA_chr02A_1458-Zo_SB_chr02B_1449	520.241866102224	1.41988384737896	0.381753220479592	3.71937621271453	0.00019971539581682	0.0019484234015889
Zo_SA_chr02A_3716-Zo_SB_chr02B_3736	7315.54304791219	-1.0159249382145	0.273941010706755	-3.70855366121875	0.000208446489526213	0.00202147510121047
Zo_SA_chr02A_2613-Zo_SB_chr02B_2559	784.279002089322	1.35785507282472	0.368628162781756	3.68353590397982	0.000230020867681625	0.00222186493574448
Zo_SA_chr02A_1476-Zo_SB_chr02B_1465	177.984233989627	1.73589527362963	0.472842932997186	3.67118794104924	0.000241425723721314	0.00230916603982857
Zo_SA_chr02A_3583-Zo_SB_chr02B_3604	2072.32272009572	-1.02865212850788	0.281140608538696	-3.65885289163518	0.000253346707287863	0.0024137211682621
Zo_SA_chr01A_1971-Zo_SB_chr01B_2004	1019.71115857148	-1.08242072998046	0.296643540330014	-3.64889364783159	0.000263372100326766	0.0024897850879728
Zo_SA_chr01A_4226-Zo_SB_chr01B_4245	1028.55405933594	-1.47475839764314	0.404822587730463	-3.64297458279442	0.000269505459495924	0.00254283874549539
Zo_SA_chr02A_3579-Zo_SB_chr02B_3600	2012.3439234022	-1.02393074912046	0.282245777060097	-3.62779829617234	0.000285848432054755	0.00268147817608288
Zo_SA_chr02A_1662-Zo_SB_chr02B_1642	208.641486856345	-1.44522216181291	0.398471177496614	-3.62691768798055	0.000286824677576181	0.00268547174129868
Zo_SA_chr01A_3875-Zo_SB_chr01B_3864	241.096660827818	-1.3360931551336	0.368476614001636	-3.62599173017711	0.000287854566409829	0.0026899512930022
Zo_SA_chr01A_1920-Zo_SB_chr01B_1951	1050.51929001724	1.09442329275589	0.302052663093281	3.62328635526018	0.000290883480099849	0.00271305853905748
Zo_SA_chr02A_1261-Zo_SB_chr02B_1254	398.586489891596	-1.42597456011052	0.394950983330299	-3.61051021594236	0.000305595264137363	0.00282864079404565
Zo_SA_chr01A_369-Zo_SB_chr01B_423	59.2732368208787	2.99908226093556	0.831564531273675	3.60655384897427	0.000310290490025487	0.00286666100444001
Zo_SA_chr02A_80-Zo_SB_chr02B_78	135.547539119689	1.74452403227698	0.483992768391486	3.60444235163838	0.000312823872138299	0.00287916009111438
Zo_SA_chr01A_2439-Zo_SB_chr01B_2450	485.338281832558	1.3182048888311	0.366171569265206	3.59996515151719	0.000318259830698134	0.00292367505488794
Zo_SA_chr01A_758-Zo_SB_chr01B_803	427.830885602207	1.55415723869322	0.432038922906164	3.59726208981124	0.00032158440841866	0.002948663053132
Zo_SA_chr02A_1208-Zo_SB_chr02B_1184	49.0671093698309	2.69693685762268	0.751972352836697	3.58648406081541	0.000335166540983465	0.00306743412179614
Zo_SA_chr01A_514-Zo_SB_chr01B_572	108.126929834187	2.56985405450742	0.717152719578018	3.58341254847302	0.000339134339740561	0.00309793503605703
Zo_SA_chr01A_318-Zo_SB_chr01B_377	80.4473892528208	2.08595746011745	0.583889666020431	3.57251991516572	0.000353562585692591	0.00321169142087237
Zo_SA_chr02A_1414-Zo_SB_chr02B_1400	88.7014553377405	2.04732389493705	0.57301203678187	3.57291603582214	0.000353027981850889	0.00321169142087237
Zo_SA_chr02A_711-Zo_SB_chr02B_682	826.380584927462	-2.3411222237671	0.657758554053209	-3.55924253563979	0.00037192594471338	0.00337222074035664
Zo_SA_chr01A_2519-Zo_SB_chr01B_2525	117.001713339033	-2.11196611363753	0.593479127312605	-3.55861902540861	0.000372809836939709	0.00337396360777718
Zo_SA_chr01A_1211-Zo_SB_chr01B_1245	1246.0648544015	1.02499035853619	0.288668187120666	3.55075621169068	0.000384126048951507	0.00346993864219528
Zo_SA_chr02A_3638-Zo_SB_chr02B_3658	153.76738620319	1.85350859200841	0.522113779972381	3.55000895036033	0.000385218054158181	0.00347337092085694
Zo_SA_chr02A_70-Zo_SB_chr02B_68	6111.02175537285	1.06248823456218	0.299844078657406	3.5434691234178	0.000394899549502735	0.00355409594552461
Zo_SA_chr01A_2258-Zo_SB_chr01B_2270	53.3318129095525	2.66860200422346	0.75338470707813	3.54215048321483	0.000396878991862143	0.00356533282192179
Zo_SA_chr01A_973-Zo_SB_chr01B_1005	1634.90550355632	-1.22917835788536	0.347627209129236	-3.53590951917805	0.00040637385204274	0.00364391847475089
Zo_SA_chr02A_505-Zo_SB_chr02B_489	2087.01929696105	-1.29957054006665	0.367936459543925	-3.53205154411045	0.000412348972777902	0.00368395291064214
Zo_SA_chr02A_1705-Zo_SB_chr02B_1685	403.416047067112	-1.40921308154067	0.39931405174255	-3.5290846274782	0.000416999757067195	0.00371869253194475
Zo_SA_chr01A_3402-Zo_SB_chr01B_3417	166.481167401309	1.94097773190816	0.55086511168832	3.52350818870949	0.000425873936941137	0.00379089975255268
Zo_SA_chr02A_1454-Zo_SB_chr02B_1447	212.542356629281	-1.6415670691285	0.466485903349063	-3.51900680672906	0.000433165593986693	0.00384878281870143
Zo_SA_chr02A_1610-Zo_SB_chr02B_1593	518.610232207605	2.08865784359605	0.594779940469288	3.51164809281913	0.000445337264826695	0.00394973668695385
Zo_SA_chr02A_386-Zo_SB_chr02B_378	753.892680628948	1.46767188922608	0.418849127425077	3.50405860518026	0.000458224503655465	0.00405665903599158
Zo_SA_chr02A_2944-Zo_SB_chr02B_2917	779.395991399201	-1.15700904923634	0.330519977868229	-3.50057220957946	0.000464260442742114	0.00409523045152989
Zo_SA_chr02A_2407-Zo_SB_chr02B_2372	311.188797442234	-1.13918686703981	0.326111569212771	-3.49324272607006	0.000477192550482964	0.00417907587299084
Zo_SA_chr01A_1702-Zo_SB_chr01B_1736	407.880218216196	1.12513037311543	0.322697220873385	3.48664413678634	0.000489121730640976	0.00426822147060229
Zo_SA_chr01A_2473-Zo_SB_chr01B_2485	380.28016377125	1.59483989910174	0.459921668883913	3.46763374505037	0.000525062384546867	0.00455739201391391
Zo_SA_chr01A_3074-Zo_SB_chr01B_3082	274.826014661705	-1.50405873263046	0.435129087222373	-3.45658053390902	0.000547075708744285	0.00474002718872935
Zo_SA_chr02A_2189-Zo_SB_chr02B_2159	78.5756450528767	2.41119965136982	0.698229176302826	3.45330692730043	0.00055375854866122	0.00478942234108055
Zo_SA_chr02A_1920-Zo_SB_chr02B_1875	231.044623697175	-2.16805608853781	0.628615361913284	-3.44893908086975	0.000562793654917038	0.00485895123661117
Zo_SA_chr02A_2246-Zo_SB_chr02B_2215	82.0581972750731	2.02896822275277	0.589113754432603	3.4441026159828	0.000572958199140317	0.00493796836644252
Zo_SA_chr01A_3473-Zo_SB_chr01B_3486	87.3213834079722	-1.8608243521872	0.540398567878783	-3.4434294663131	0.000574386398234714	0.00494154647370183
Zo_SA_chr01A_402-Zo_SB_chr01B_452	59.4863222850477	-2.89401337969716	0.840758270648757	-3.44214678669059	0.000577116997163935	0.00495629702846069
Zo_SA_chr02A_3481-Zo_SB_chr02B_3510	455.424315127126	1.10994014873097	0.322507904137012	3.44159053000894	0.000578304922893631	0.00495777049890181
Zo_SA_chr01A_2942-Zo_SB_chr01B_2941	836.002319592284	1.12345370145812	0.326780715830879	3.43794369444844	0.000586149565728753	0.00500742133384388
Zo_SA_chr01A_368-Zo_SB_chr01B_422	210.241027125542	-1.29414935542567	0.377047105856666	-3.43232804422491	0.000598423235264963	0.00509443026461167
Zo_SA_chr01A_3214-Zo_SB_chr01B_3216	439.687089926224	1.68089528594359	0.48980997870911	3.4317293624225	0.000599745741422082	0.00509618430948429
Zo_SA_chr02A_3635-Zo_SB_chr02B_3654	620.192952481231	1.44224137826202	0.420320494739655	3.431289685637	0.000600718732667787	0.00509618430948429
Zo_SA_chr01A_3224-Zo_SB_chr01B_3232	37.9337748518085	-2.55012246358536	0.74400174740812	-3.42757590619811	0.000608996021957242	0.00515743506095039
Zo_SA_chr01A_3048-Zo_SB_chr01B_3051	204.790987449329	-2.19001069635555	0.639584322601711	-3.42411566225856	0.000616803630428369	0.00521450278895942
Zo_SA_chr01A_510-Zo_SB_chr01B_568	902.650376346079	-1.0266125201079	0.299978217223043	-3.42229022364175	0.000620959935669044	0.00523640188362249
Zo_SA_chr01A_2950-Zo_SB_chr01B_2947	288.240633347257	-1.4178785295132	0.414337706537532	-3.42203595555395	0.000621540936985942	0.00523640188362249
Zo_SA_chr01A_3509-Zo_SB_chr01B_3517	164.719759064641	-2.36909848099073	0.693013341511115	-3.41854671343688	0.00062956510108305	0.0052857462359434
Zo_SA_chr01A_2744-Zo_SB_chr01B_2730	141.313816259396	1.69380867205932	0.497903597586185	3.40188076621826	0.000669238289764992	0.00558041773927116
Zo_SA_chr02A_345-Zo_SB_chr02B_346	1178.04178913767	-1.28314723892577	0.377538136300249	-3.39872218340694	0.000677014481364219	0.00563562566569054
Zo_SA_chr02A_137-Zo_SB_chr02B_128	305.877295212972	1.28515168252868	0.378329115867244	3.39691456097087	0.000681502417451793	0.0056633199187902
Zo_SA_chr01A_446-Zo_SB_chr01B_502	292.561206863872	1.40519616786705	0.413799903763388	3.39583493153867	0.000684196079417608	0.0056760348221073
Zo_SA_chr02A_3665-Zo_SB_chr02B_3687	106.607799585441	1.54820798848345	0.456071313283218	3.39466207014432	0.000687133567251539	0.00569072587615111
Zo_SA_chr01A_1305-Zo_SB_chr01B_1333	27.3723336554842	2.99720401148034	0.883542399921525	3.39225826824671	0.000693190673117157	0.00573115949739914
Zo_SA_chr01A_1426-Zo_SB_chr01B_1457	72.9845054327402	-2.13985393901944	0.631106168931057	-3.39064018759925	0.000697295821136378	0.00575534520389721
Zo_SA_chr01A_887-Zo_SB_chr01B_927	998.577915265682	1.13250003484761	0.334146214617983	3.38923496751969	0.000700879250735642	0.00576622815815274
Zo_SA_chr01A_2866-Zo_SB_chr01B_2867	192.430889478167	1.42891515560497	0.421608871656158	3.3891961286107	0.000700978535831197	0.00576622815815274
Zo_SA_chr02A_1955-Zo_SB_chr02B_1914	120.615832175415	1.85494214335461	0.548862635496214	3.37961089604432	0.000725885165483902	0.00594105341817193
Zo_SA_chr02A_3125-Zo_SB_chr02B_3117	235.537223596167	-1.79652284768421	0.532319488754114	-3.37489587670168	0.000738436241068815	0.00602356519052455
Zo_SA_chr02A_2822-Zo_SB_chr02B_2783	27.8692183570117	-2.70067148075462	0.801096974025381	-3.37121667952906	0.000748369712632514	0.00609440310220602
Zo_SA_chr01A_2095-Zo_SB_chr01B_2120	507.59601915618	1.12343791937837	0.334200029011788	3.36157337478491	0.000774997627271765	0.00630073070971945
Zo_SA_chr01A_3268-Zo_SB_chr01B_3278	52.114907395041	-2.9377097472513	0.874667175781024	-3.35866010363096	0.000783213367649357	0.00635692979599594
Zo_SA_chr01A_1445-Zo_SB_chr01B_1474	197.824816203549	-1.41995255611271	0.422854075310604	-3.35802026992337	0.000785028562337801	0.00636107861641826
Zo_SA_chr01A_1365-Zo_SB_chr01B_1387	229.040729630885	-1.11041267079238	0.330945787872488	-3.35527059561856	0.000792873868016013	0.00640337537778496
Zo_SA_chr01A_3168-Zo_SB_chr01B_3173	57.2264001488779	-2.68483776613428	0.80165601604451	-3.34911447353899	0.000810702928614053	0.00653654361285843
Zo_SA_chr01A_3158-Zo_SB_chr01B_3164	330.523524653379	1.87955696693413	0.561900397004542	3.34500024729282	0.000822824970261023	0.00662333367150704
Zo_SA_chr01A_2886-Zo_SB_chr01B_2885	30.7638850980403	2.55039022550347	0.765274927961214	3.33264573595535	0.000860244032653309	0.00687913178898826
Zo_SA_chr01A_2824-Zo_SB_chr01B_2815	155.992534732379	2.99832477356005	0.901737230870823	3.32505376390472	0.000884014862402504	0.0070231669361554
Zo_SA_chr01A_1637-Zo_SB_chr01B_1653	436.290588693845	-1.17464064910488	0.354111303876908	-3.31715095294781	0.000909404677217624	0.00720142210303177
Zo_SA_chr01A_3145-Zo_SB_chr01B_3150	518.090016531442	1.03778600260266	0.313502549757083	3.31029525407939	0.000931976070639916	0.00736819979348705
Zo_SA_chr01A_1429-Zo_SB_chr01B_1459	216.924477129413	-2.16159278424079	0.653232752999792	-3.30906981365258	0.000936064928270647	0.00738855132702947
Zo_SA_chr02A_1269-Zo_SB_chr02B_1264	206.186763329481	-2.13230837069526	0.64629136069731	-3.29929889267686	0.000969266492334407	0.00762593862839877
Zo_SA_chr01A_204-Zo_SB_chr01B_270	157.018219095081	-1.63135079263943	0.494755404424672	-3.29728746376496	0.000976235285186762	0.00766839890682935
Zo_SA_chr02A_109-Zo_SB_chr02B_106	136.797916995445	-1.49391259256717	0.45349999798788	-3.29418434221711	0.000987077408644814	0.00774109903435595
Zo_SA_chr02A_2313-Zo_SB_chr02B_2284	335.685349422555	1.06822699424438	0.324492225258077	3.2919956507272	0.00099479150153058	0.00778907374713671
Zo_SA_chr02A_1979-Zo_SB_chr02B_1938	252.652073514357	1.62586266253748	0.494946790305092	3.28492414615978	0.00102009830800165	0.0079616632742913
Zo_SA_chr01A_334-Zo_SB_chr01B_394	5547.9333020011	1.66630797060146	0.508608702658147	3.27620813779399	0.00105210993234781	0.00818531459328969
Zo_SA_chr02A_3351-Zo_SB_chr02B_3352	455.646969733791	-1.77312960176936	0.541429304090622	-3.27490512311203	0.00105697465429775	0.00821006745806441
Zo_SA_chr02A_2061-Zo_SB_chr02B_2014	1257.22213835821	-1.72947014434567	0.530740264258147	-3.258599847824	0.00111963468988057	0.00864173736904654
Zo_SA_chr01A_1984-Zo_SB_chr01B_2013	180.159076663651	1.39184936651057	0.428218972921372	3.25032157499976	0.00115274578424014	0.00886923333678772
Zo_SA_chr02A_2715-Zo_SB_chr02B_2681	2933.03195811625	1.14819146053397	0.353240145857808	3.25045574235541	0.00115220200755314	0.00886923333678772
Zo_SA_chr02A_896-Zo_SB_chr02B_861	172.561500286011	2.79188680973518	0.859470255044396	3.24838095716409	0.00116063762961532	0.00891589032639928
Zo_SA_chr02A_3113-Zo_SB_chr02B_3109	84.3710196089148	-1.772047781595	0.547059212836602	-3.23922482249518	0.00119855057818078	0.00919265679302807
Zo_SA_chr02A_2308-Zo_SB_chr02B_2278	241.946983368421	-1.37613290165243	0.425203212034215	-3.23641229112282	0.00121042417844796	0.00926915093009286
Zo_SA_chr02A_1924-Zo_SB_chr02B_1880	229.299346899916	-1.49399699710312	0.462342834097241	-3.2313618529857	0.00123201862505558	0.0094049872504243
Zo_SA_chr02A_3102-Zo_SB_chr02B_3100	253.818967625225	-2.02923706632342	0.631009807775683	-3.21585661794466	0.00130055793587828	0.00991269001752225
Zo_SA_chr01A_1340-Zo_SB_chr01B_1365	67.7446476375789	2.69997111453466	0.84090662611373	3.21078587168785	0.00132372531468767	0.0100578381387016
Zo_SA_chr02A_2842-Zo_SB_chr02B_2803	801.374099316021	-1.06978110424926	0.333231198180804	-3.21032697445338	0.00132584061913971	0.0100582434528204
Zo_SA_chr01A_2634-Zo_SB_chr01B_2632	223.773647427003	-1.08113418153214	0.338421378779106	-3.19463913725681	0.00140005780121642	0.0105719534896806
Zo_SA_chr02A_3796-Zo_SB_chr02B_3799	181.56501640564	-1.4672938136338	0.459247846418199	-3.19499334635455	0.00139834064304861	0.0105719534896806
Zo_SA_chr02A_2754-Zo_SB_chr02B_2721	687.744581718687	-1.09562543477972	0.343311802751395	-3.19134217349673	0.00141613457166064	0.010676822937497
Zo_SA_chr01A_2646-Zo_SB_chr01B_2646	150.071988817763	1.34073314641989	0.421981755002577	3.17723013027353	0.0014868899942652	0.0111929774568297
Zo_SA_chr01A_2130-Zo_SB_chr01B_2152	413.988195668219	1.14868072972966	0.362378282730109	3.16983876924315	0.00152523544951563	0.0114463054195957
Zo_SA_chr01A_2122-Zo_SB_chr01B_2144	266.013927396213	-1.14838961963415	0.362402341370303	-3.1688250558534	0.00153056492134728	0.011468656968252
Zo_SA_chr01A_1494-Zo_SB_chr01B_1519	55.2611914539645	2.37502824454918	0.751824315393519	3.15902026034638	0.0015830048515581	0.0118071829753829
Zo_SA_chr01A_3516-Zo_SB_chr01B_3526	47.9344410448175	-2.33563558078562	0.741575121171634	-3.14956032653237	0.00163516345045937	0.0120760509486674
Zo_SA_chr02A_1758-Zo_SB_chr02B_1731	140.627740082937	-2.95699965158735	0.938925964536057	-3.14934272059295	0.00163638164761565	0.0120760509486674
Zo_SA_chr01A_2922-Zo_SB_chr01B_2920	933.681635059597	-1.06813325474814	0.33944203039193	-3.14673245830765	0.00165105960443593	0.012155272457365
Zo_SA_chr01A_3789-Zo_SB_chr01B_3772	119.282715009647	-2.92035330340371	0.928113327033912	-3.1465481836541	0.00165210037704653	0.012155272457365
Zo_SA_chr01A_503-Zo_SB_chr01B_562	466.257509444137	1.362673800453	0.43382861222641	3.14104178942867	0.00168348009295151	0.0123674938153877
Zo_SA_chr02A_2073-Zo_SB_chr02B_2027	436.874902880275	-1.23135625006948	0.392530623860487	-3.13696862160525	0.00170704395426305	0.0125217449757822
Zo_SA_chr01A_1690-Zo_SB_chr01B_1723	590.373217508787	2.62908594545376	0.838352465913836	3.13601504420692	0.00171260418200307	0.0125310445018856
Zo_SA_chr01A_1954-Zo_SB_chr01B_1992	235.823658475828	-1.31102081843249	0.418072395921974	-3.13587032107513	0.00171344950446037	0.0125310445018856
Zo_SA_chr02A_3662-Zo_SB_chr02B_3683	255.422399841433	1.35706734638444	0.433373055527346	3.13140683084947	0.00173970976806521	0.0126850586675965
Zo_SA_chr01A_2838-Zo_SB_chr01B_2835	149.275289394845	1.92660973431922	0.61754851868381	3.11977063506757	0.00180991911866576	0.0131476908987599
Zo_SA_chr02A_3417-Zo_SB_chr02B_3447	81.789943974674	-1.9645891887003	0.629765830591834	-3.1195550683562	0.00181124401065326	0.0131476908987599
Zo_SA_chr02A_424-Zo_SB_chr02B_412	83.7225795398825	2.37236539865038	0.760890201114603	3.1178813910012	0.00182156094298642	0.0132029335510962
Zo_SA_chr01A_3353-Zo_SB_chr01B_3372	456.403325749902	1.34787431699332	0.432491244402122	3.1165355008669	0.00182989646331	0.0132436720297124
Zo_SA_chr01A_913-Zo_SB_chr01B_947	183.777132640538	-1.62750547803624	0.523566991863517	-3.10849519417469	0.00188042704148794	0.0135691170242281
Zo_SA_chr02A_605-Zo_SB_chr02B_589	333.081848194607	1.02788750485174	0.331244403719478	3.10310904368434	0.00191499066935493	0.0137543230143831
Zo_SA_chr02A_2175-Zo_SB_chr02B_2148	93.2004068164991	-2.28190198049714	0.735644711871954	-3.10190767862724	0.00192277913470091	0.01377285847147
Zo_SA_chr01A_1592-Zo_SB_chr01B_1613	407.336814769425	1.08963083495297	0.351418643281993	3.10066314290161	0.00193087814146323	0.0138105917508177
Zo_SA_chr02A_2408-Zo_SB_chr02B_2373	252.478975057639	1.2792329990963	0.41269648136952	3.09969446517016	0.00193720362609701	0.0138153205966392
Zo_SA_chr02A_2343-Zo_SB_chr02B_2308	128.945868518351	-1.44561963111414	0.466802520102255	-3.096854813032	0.00195585641183058	0.0139279818641016
Zo_SA_chr02A_3712-Zo_SB_chr02B_3726	242.548891222813	1.37273287307446	0.443454048835615	3.09554705088131	0.00196450202312344	0.0139691557854171
Zo_SA_chr01A_2406-Zo_SB_chr01B_2415	665.877356439197	-1.11544250043403	0.360950795311598	-3.09028963205664	0.00199961399132912	0.0141774957117782
Zo_SA_chr01A_2616-Zo_SB_chr01B_2613	58.295012549099	-1.73822088766132	0.564346252181599	-3.0800610103139	0.00206958195832038	0.0146522798152204
Zo_SA_chr01A_2937-Zo_SB_chr01B_2936	56.8916256312263	2.11522374820119	0.688087101815119	3.07406394135481	0.00211164168699333	0.0149067845863292
Zo_SA_chr02A_591-Zo_SB_chr02B_575	440.701676302923	-1.59126971789719	0.518495366672358	-3.06901434454423	0.00214766278903429	0.0151173146968388
Zo_SA_chr02A_971-Zo_SB_chr02B_943	502.0009056932	1.0548068892576	0.343889170587859	3.06728731077651	0.00216011123226151	0.015183029669988
Zo_SA_chr02A_3240-Zo_SB_chr02B_3235	178.433068909694	-1.0813152829062	0.353721011348335	-3.05697215662811	0.00223585043534076	0.0156927747102047
Zo_SA_chr02A_3342-Zo_SB_chr02B_3342	234.879045354995	1.09795281426474	0.359312017307939	3.05570858022198	0.00224529370587673	0.0157364119213602
Zo_SA_chr02A_2779-Zo_SB_chr02B_2742	151.163058091705	-1.69537271565182	0.555801344282733	-3.05032136588248	0.00228596620662226	0.0159984837243951
Zo_SA_chr01A_4231-Zo_SB_chr01B_4248	194.740637377089	-1.09647101061267	0.360099932426815	-3.04490757113795	0.00232751827713248	0.0162659515126823
Zo_SA_chr02A_2878-Zo_SB_chr02B_2835	760.285406739994	-1.14205297413904	0.375382894802175	-3.04236817913851	0.00234724600340577	0.0163803519379304
Zo_SA_chr01A_1460-Zo_SB_chr01B_1494	75.1271246153898	1.93621044155072	0.636744060382823	3.04079859086024	0.00235951607840617	0.0164190006140732
Zo_SA_chr01A_4161-Zo_SB_chr01B_4182	185.834493167414	1.32642179044888	0.437005764579215	3.03525009956348	0.00240336300266615	0.016700291633911
Zo_SA_chr01A_53-Zo_SB_chr01B_109	141.624895668924	1.22431078743615	0.404513196451	3.02662755672163	0.00247298455861802	0.0170867120069953
Zo_SA_chr01A_1000-Zo_SB_chr01B_1032	526.360456989144	-1.00062005068404	0.331240236312352	-3.02082881543555	0.00252083833986627	0.0173927148824154
Zo_SA_chr02A_2838-Zo_SB_chr02B_2799	842.349469411919	-1.00809350968744	0.334475265087754	-3.01395533515147	0.00257865766022083	0.0177665142183011
Zo_SA_chr02A_870-Zo_SB_chr02B_839	312.104243123592	-1.14311393642867	0.379706344360047	-3.01052103397234	0.00260799883808878	0.0179433262795445
Zo_SA_chr02A_2317-Zo_SB_chr02B_2291	322.989634537523	1.17558753437221	0.390617432779517	3.00956238948958	0.0026162433989416	0.0179746976056861
Zo_SA_chr02A_1718-Zo_SB_chr02B_1693	381.761486551069	1.26102373085042	0.419700596690326	3.00457931390757	0.0026594840902722	0.0181948995685102
Zo_SA_chr01A_3598-Zo_SB_chr01B_3590	121.81500684058	1.58841746740038	0.529307977150051	3.00093241736671	0.00269154294800852	0.0183627223781617
Zo_SA_chr01A_2364-Zo_SB_chr01B_2378	26.5825015621484	-2.91042075814138	0.970133936975692	-3.00001953051386	0.00269962295577787	0.0183921239920174
Zo_SA_chr02A_1916-Zo_SB_chr02B_1871	651.728797327154	-1.37185413227669	0.457409467593352	-2.99918176047965	0.00270705759835426	0.0184170529494729
Zo_SA_chr01A_1308-Zo_SB_chr01B_1336	151.010724625824	1.27251170412476	0.425526996320335	2.9904370701003	0.00278578523846375	0.0188999449140837
Zo_SA_chr01A_2345-Zo_SB_chr01B_2362	247.975732142815	1.69096082494102	0.565914476164138	2.98801479050799	0.00280795965269793	0.0190239266470285
Zo_SA_chr01A_357-Zo_SB_chr01B_412	609.83925601701	1.02912079184369	0.345287054183252	2.98047893593345	0.0028779803029524	0.0193371734404984
Zo_SA_chr01A_2435-Zo_SB_chr01B_2447	2507.73571499788	1.19041225677922	0.399247771257857	2.98163782612674	0.00286710958607163	0.0193371734404984
Zo_SA_chr02A_3595-Zo_SB_chr02B_3615	547.824315252166	1.0277156839228	0.345116755655729	2.97787826027199	0.00290251246190449	0.0194751799025724
Zo_SA_chr02A_859-Zo_SB_chr02B_765	111.502689604302	1.52227734244023	0.51187227363043	2.97393983003524	0.00294002720136503	0.0196997976487069
Zo_SA_chr01A_2589-Zo_SB_chr01B_2588	40.8172065949076	2.78243926431648	0.936571729788888	2.9708768435106	0.00296950837145158	0.0198700436707007
Zo_SA_chr02A_75-Zo_SB_chr02B_73	298.978227824626	-1.09576507795727	0.371848551926705	-2.94680474693163	0.00321075869294178	0.0213089536111156
Zo_SA_chr01A_3772-Zo_SB_chr01B_3757	44.9275138524514	-2.42345946014011	0.823470230317286	-2.94298369378373	0.00325065539586949	0.0214860393239178
Zo_SA_chr01A_1949-Zo_SB_chr01B_1987	120.10038496389	1.23478882272315	0.419726635768964	2.94188816599867	0.00326217713893019	0.0215330177046028
Zo_SA_chr01A_1088-Zo_SB_chr01B_1109	693.025026496172	-1.3483261778962	0.458576438002037	-2.94024303509943	0.00327954899293686	0.0215892577429771
Zo_SA_chr01A_3553-Zo_SB_chr01B_3553	192.475634962611	1.39404253382932	0.47462785640104	2.93712750953963	0.00331267866463429	0.021777960277744
Zo_SA_chr01A_2195-Zo_SB_chr01B_2212	91.0700653480713	1.64630504682926	0.560637018278488	2.93649008744457	0.00331949429039985	0.0217933958930962
Zo_SA_chr01A_392-Zo_SB_chr01B_449	1031.84755479931	-1.10576417609133	0.378020990209911	-2.92513962115521	0.00344301707604516	0.0225436742240917
Zo_SA_chr01A_2215-Zo_SB_chr01B_2233	343.292703930438	-1.09496489439919	0.375055723359173	-2.91947256421573	0.00350624256276695	0.02292687831257
Zo_SA_chr02A_460-Zo_SB_chr02B_442	54.5248400008469	-2.8469578934874	0.977346443451501	-2.91294649155663	0.00358035946226872	0.0233006346036447
Zo_SA_chr01A_388-Zo_SB_chr01B_447	78.7166933189429	1.77503458730863	0.609629774252303	2.91165993243305	0.003595138070592	0.0233516424878133
Zo_SA_chr02A_707-Zo_SB_chr02B_681	241.190356280699	1.79853265552013	0.618174454722649	2.90942571596081	0.00362093424776663	0.023425619709026
Zo_SA_chr02A_3378-Zo_SB_chr02B_3400	56.0583387836229	-2.50839062932386	0.862533365811839	-2.90816648810205	0.00363554730938696	0.023434885127951
Zo_SA_chr01A_4235-Zo_SB_chr01B_4251	307.571543164731	-1.74223342854222	0.599969751152824	-2.90386877870854	0.00368582606300893	0.0236883524840021
Zo_SA_chr02A_3658-Zo_SB_chr02B_3679	108.825013721844	2.21643436210741	0.764947355128822	2.89749921644497	0.00376150677868235	0.0241429342979112
Zo_SA_chr02A_1411-Zo_SB_chr02B_1395	57.4318595520503	2.03325911098897	0.707313056083718	2.87462403457786	0.00404508852479882	0.0258271489842522
Zo_SA_chr01A_3848-Zo_SB_chr01B_3837	131.067473470903	1.82632332167698	0.636094101825843	2.87115273736183	0.00408977862882227	0.0260443082916384
Zo_SA_chr02A_3624-Zo_SB_chr02B_3641	61.1990214191029	1.68623796827007	0.588448680595699	2.86556504224473	0.0041626575061193	0.0264393793162108
Zo_SA_chr02A_1798-Zo_SB_chr02B_1772	213.877783451717	1.39764349580717	0.49037875480592	2.85013060233477	0.00437012804513926	0.027613322026152
Zo_SA_chr01A_1726-Zo_SB_chr01B_1757	83.4771355821047	-2.16701504285337	0.761009942208489	-2.84755155309087	0.00440569578261729	0.0278020491948346
Zo_SA_chr01A_2812-Zo_SB_chr01B_2803	111.37189026074	-1.84154675360102	0.647514097914372	-2.84402572782987	0.00445474506892332	0.0280028949049071
Zo_SA_chr01A_1191-Zo_SB_chr01B_1206	207.40670520253	-1.37588935141493	0.484010049927607	-2.84268756737741	0.00447348997081502	0.0280845354924526
Zo_SA_chr01A_1591-Zo_SB_chr01B_1612	28.8251013347111	2.47285535994632	0.87014216328608	2.84189809928026	0.00448458230194043	0.0281085834198345
Zo_SA_chr02A_2623-Zo_SB_chr02B_2569	142.800289918552	1.32621699559919	0.466715669886824	2.84159517489694	0.00448884511768164	0.0281085834198345
Zo_SA_chr02A_226-Zo_SB_chr02B_211	528.161526741764	-1.15252502202724	0.406381891599716	-2.83606392374015	0.00456733034019218	0.0284539430388984
Zo_SA_chr02A_3301-Zo_SB_chr02B_3297	64.5128742861085	-2.81622452462518	0.993901649341824	-2.83350422699281	0.00460406990606832	0.0286462410737261
Zo_SA_chr01A_3389-Zo_SB_chr01B_3405	473.54209816668	-1.11219719907872	0.393679041476001	-2.82513693111225	0.00472604143534924	0.0292558757888751
Zo_SA_chr01A_4172-Zo_SB_chr01B_4195	64.9491879344244	1.71878014500825	0.609357986695995	2.82064103947773	0.00479277998177596	0.0296314077960749
Zo_SA_chr02A_701-Zo_SB_chr02B_674	177.768927853788	1.30412994306234	0.462678212793425	2.81865431957266	0.00482254231299849	0.0297400270579098
Zo_SA_chr02A_1791-Zo_SB_chr02B_1765	210.942805297892	-1.22732506490838	0.435816731990733	-2.81614948398648	0.00486030464508304	0.0299350581549433
Zo_SA_chr02A_1560-Zo_SB_chr02B_1550	27.5694702771349	2.36155848445349	0.844044087295154	2.79790892442764	0.00514346135196393	0.0314803067438896
Zo_SA_chr01A_2938-Zo_SB_chr01B_2937	497.524333210373	-1.13246076017502	0.405156870818712	-2.79511676029737	0.00518809736820786	0.0316740162229261
Zo_SA_chr01A_2226-Zo_SB_chr01B_2242	23.2330191692127	2.43575529275594	0.873227771809116	2.78936993461585	0.00528107039999332	0.0320411211581685
Zo_SA_chr01A_2124-Zo_SB_chr01B_2145	906.861148887253	-1.80935610489967	0.650567209380449	-2.78119782062604	0.00541587242450292	0.0327774512242249
Zo_SA_chr01A_1651-Zo_SB_chr01B_1669	82.0834752484365	-1.82712719292791	0.658738602753481	-2.77367560560539	0.00554269170101646	0.0334205811094664
Zo_SA_chr02A_1772-Zo_SB_chr02B_1743	52.6990310503689	-2.20498720533575	0.795746532178806	-2.77096677920587	0.00558901286914864	0.0336582775008729
Zo_SA_chr02A_2123-Zo_SB_chr02B_2084	319.803749504941	-1.15591445732685	0.417558130174378	-2.7682719453795	0.00563544105745308	0.0338542875347982
Zo_SA_chr01A_411-Zo_SB_chr01B_462	378.451601171702	-1.34523465574426	0.48629972967664	-2.76626650941952	0.00567021738898768	0.0340213043339261
Zo_SA_chr02A_504-Zo_SB_chr02B_486	408.706218550566	-1.04366577159801	0.377531840582267	-2.76444437107176	0.00570198287066034	0.034169867866193
Zo_SA_chr02A_1809-Zo_SB_chr02B_1785	195.179590090884	-1.35550665260353	0.490587270771608	-2.76302858504983	0.00572677508559772	0.0342763298988291
Zo_SA_chr02A_3578-Zo_SB_chr02B_3599	66.87657275671	1.69903502124436	0.615140408570091	2.76202798186158	0.0057443555085544	0.034339419326873
Zo_SA_chr02A_1192-Zo_SB_chr02B_1165	82.5146086121194	-1.3940648760555	0.506764870060292	-2.750910645976	0.00594298516084794	0.0354833312296405
Zo_SA_chr01A_2687-Zo_SB_chr01B_2682	104.823153408432	-1.95326649829296	0.710677039612823	-2.74845870827219	0.00598761761515638	0.0357061109128763
Zo_SA_chr02A_1829-Zo_SB_chr02B_1805	67.9984048215856	-2.61663105902679	0.952962736849835	-2.74578528398336	0.0060366257548747	0.0359544083422207
Zo_SA_chr01A_1160-Zo_SB_chr01B_1180	283.100647118855	-1.13637938307251	0.414398935349548	-2.74223528618374	0.00610226134730733	0.0363010132343477
Zo_SA_chr02A_1133-Zo_SB_chr02B_1109	58.6080145177164	2.26545068486823	0.829311002804156	2.73172630919889	0.00630034544863412	0.0373881813849601
Zo_SA_chr02A_2467-Zo_SB_chr02B_2431	259.56306591741	1.29005139944286	0.472754232520402	2.72879925911014	0.00635653854536503	0.0376300910488964
Zo_SA_chr01A_240-Zo_SB_chr01B_300	91.8427406698299	-1.20152147757774	0.440626638297029	-2.72684711532985	0.00639426582467553	0.037807549930627
Zo_SA_chr02A_35-Zo_SB_chr02B_39	120.145508293466	-1.30635177114428	0.479586679966469	-2.72391170504489	0.00645137512625815	0.0380529720264658
Zo_SA_chr02A_177-Zo_SB_chr02B_175	473.649360044973	1.11084404229289	0.407945322934318	2.7230218851455	0.00646877724993367	0.0380782208369963
Zo_SA_chr02A_2298-Zo_SB_chr02B_2267	101.310073175152	-1.32455281250885	0.486520558461857	-2.72250121700191	0.00647897948036495	0.0380782208369963
Zo_SA_chr01A_3259-Zo_SB_chr01B_3269	175.536737875091	-1.3552022924396	0.499106238634201	-2.71525817058128	0.00662241224679746	0.0387386808344098
Zo_SA_chr02A_1941-Zo_SB_chr02B_1899	612.143340552605	1.2139425803672	0.447783580918006	2.71100288643565	0.00670800423065851	0.0391407232501821
Zo_SA_chr01A_556-Zo_SB_chr01B_609	635.579191637473	1.22924495250823	0.453619074444426	2.70986169180331	0.00673112701139369	0.0392129189779747
Zo_SA_chr02A_363-Zo_SB_chr02B_363	217.032483572878	-1.87644092804443	0.692516034765949	-2.70959924946519	0.00673645471577344	0.0392129189779747
Zo_SA_chr01A_3397-Zo_SB_chr01B_3412	329.836943392154	-1.29029370387439	0.476821821975457	-2.70602905405786	0.00680930882074814	0.0395897597468527
Zo_SA_chr01A_3051-Zo_SB_chr01B_3054	406.79458874036	1.39513212291312	0.516361349504345	2.70185234478201	0.00689543768038963	0.0399476781531361
Zo_SA_chr02A_2310-Zo_SB_chr02B_2280	223.094969395596	-1.00497729659199	0.372119934634089	-2.70068115963796	0.00691976401354834	0.0400410543986819
Zo_SA_chr02A_886-Zo_SB_chr02B_853	74.2157767722693	1.81108448758558	0.671474304632198	2.69717616160697	0.00699302653277357	0.0404170419749638
Zo_SA_chr01A_2685-Zo_SB_chr01B_2680	473.044213521754	1.16649464377639	0.433177744385794	2.69287759792546	0.00708382702861204	0.0407968220136594
Zo_SA_chr02A_3330-Zo_SB_chr02B_3330	37.2735859859146	2.22147307138237	0.824877086404554	2.69309586603412	0.00707919106510493	0.0407968220136594
Zo_SA_chr01A_2079-Zo_SB_chr01B_2101	35.7897187884376	2.17090021858228	0.806451530648856	2.69191654560519	0.00710427199567642	0.0408181846818723
Zo_SA_chr01A_1032-Zo_SB_chr01B_1068	209.454407530685	-1.00409976626055	0.3746687727198	-2.67996651808364	0.00736295244841469	0.0421554953560644
Zo_SA_chr02A_2912-Zo_SB_chr02B_2885	203.138063487757	-1.02711043229358	0.384016756837178	-2.67465003546465	0.00748072948408023	0.0426342319925007
Zo_SA_chr01A_3597-Zo_SB_chr01B_3589	63.3649123083003	1.36267136331795	0.509885711716466	2.67250352776251	0.00752875828739256	0.0428533056311562
Zo_SA_chr02A_399-Zo_SB_chr02B_391	183.473513315394	1.24017712562235	0.464217363603113	2.6715440284191	0.00755031667546839	0.0429052733259865
Zo_SA_chr01A_350-Zo_SB_chr01B_409	49.0984443549173	-2.38255717729116	0.892638034408256	-2.66911904428383	0.00760504903703829	0.0429741892738016
Zo_SA_chr01A_2716-Zo_SB_chr01B_2707	438.298812032227	-1.79941282143519	0.675675750220306	-2.66313068191138	0.00774173419191712	0.043557300332378
Zo_SA_chr02A_334-Zo_SB_chr02B_332	625.667287861963	-1.03532181972552	0.389746987832186	-2.65639466640676	0.00789811205028741	0.0442838972198874
Zo_SA_chr01A_406-Zo_SB_chr01B_457	57.1006652342628	-2.79431122520942	1.0530514573766	-2.65353720906545	0.00796529880373959	0.0446093313026886
Zo_SA_chr01A_3266-Zo_SB_chr01B_3276	543.291431296917	1.06263929963404	0.401348939602372	2.64766938387038	0.0081048745898993	0.0451835179994615
Zo_SA_chr02A_1537-Zo_SB_chr02B_1523	44.4553363449289	-1.59846030176744	0.605151845841488	-2.64142018693626	0.00825592567370885	0.0459254222243576
Zo_SA_chr02A_1901-Zo_SB_chr02B_1859	430.834753095293	1.21168531312034	0.458731058960949	2.6413849453858	0.00825678460245216	0.0459254222243576
Zo_SA_chr01A_410-Zo_SB_chr01B_461	255.784588251567	1.10751104139579	0.420607502581523	2.63312241127017	0.00846038489429688	0.0468432990882736
Zo_SA_chr01A_1740-Zo_SB_chr01B_1766	29.3657517877844	1.95859443889809	0.744360947669433	2.63124287354189	0.00850732150227413	0.0469442469322322
Zo_SA_chr01A_2702-Zo_SB_chr01B_2694	124.441063025293	-1.38735443962025	0.527491042246554	-2.63010047281862	0.00853596365395993	0.0469959714492286
Zo_SA_chr01A_618-Zo_SB_chr01B_667	100.240147481675	-1.51837040023813	0.577890049992623	-2.6274382129568	0.00860304640027173	0.0473119056826668
Zo_SA_chr01A_724-Zo_SB_chr01B_765	179.892770171014	1.71394489070323	0.652438659397976	2.62698242358099	0.00861457836219437	0.0473219743815136
Zo_SA_chr02A_845-Zo_SB_chr02B_780	236.803682122791	-1.06630758103292	0.406979523002797	-2.62005216666784	0.00879163170963865	0.048131963501254
Zo_SA_chr02A_3573-Zo_SB_chr02B_3595	1778.74716526389	-1.34803690597915	0.515785044405462	-2.61356338381817	0.00896034616785117	0.0489457655171086
Zo_SA_chr02A_1765-Zo_SB_chr02B_1736	299.423242247788	-1.16422675810226	0.446383148903769	-2.60813330646861	0.00910374932013438	0.0496179767414698
