baseMean	log2FoldChange	lfcSE	stat	pvalue	padj
Zo_SA_chr02A_2439-Zo_SB_chr02B_2406	3575.20055002694	4.90873585997199	0.259777095882044	18.8959532529414	1.23143137285194e-79	6.00692223677176e-76
Zo_SA_chr02A_1114-Zo_SB_chr02B_1091	1905.18400117075	-4.78005653205768	0.256177826185738	-18.6591345676888	1.06441112000558e-77	2.59609872169361e-74
Zo_SA_chr01A_2925-Zo_SB_chr01B_2924	1607.2234802431	5.74487364392226	0.317998287851891	18.0657376576756	5.9323700527686e-73	9.64603370580174e-70
Zo_SA_chr01A_3689-Zo_SB_chr01B_3680	6049.25730014277	-4.50390596316838	0.27001576056074	-16.6801595351884	1.82730271026157e-62	2.22839565516398e-59
Zo_SA_chr01A_80-Zo_SB_chr01B_145	349.965512705725	-6.38707619474341	0.447302782067224	-14.2790889098104	2.9543861807612e-46	2.88229915795063e-43
Zo_SA_chr01A_1148-Zo_SB_chr01B_1171	628.670374921226	-7.41339168662281	0.526122603334887	-14.0906162168897	4.33760067238932e-45	3.52646934665252e-42
Zo_SA_chr01A_161-Zo_SB_chr01B_225	432.734258541461	-8.19716076478176	0.591043400244937	-13.8689659023089	9.76747960377073e-44	6.2476947391657e-41
Zo_SA_chr02A_1493-Zo_SB_chr02B_1480	1988.85536831155	-4.06847767409494	0.293423836834115	-13.8655322552919	1.02463218354501e-43	6.2476947391657e-41
Zo_SA_chr01A_3868-Zo_SB_chr01B_3858	1209.7539305229	6.03701695283105	0.437213784556328	13.8079291323288	2.28300663120482e-43	1.23738959411301e-40
Zo_SA_chr02A_3103-Zo_SB_chr02B_3101	4216.88069417934	4.37312411496769	0.316919791639438	13.7988356370719	2.59002184861764e-43	1.26341265775569e-40
Zo_SA_chr02A_2883-Zo_SB_chr02B_2852	302.186655941641	-6.20211329411045	0.483794479637307	-12.8197272915559	1.2714692796425e-37	5.63838831463284e-35
Zo_SA_chr01A_4042-Zo_SB_chr01B_4020	1137.8492614128	4.69103996158645	0.379797338779557	12.3514292560887	4.78536349093143e-35	1.94525025906362e-32
Zo_SA_chr01A_2316-Zo_SB_chr01B_2338	783.020945901588	9.67714185375766	0.784769546565195	12.3311893231751	6.15317625834163e-35	2.30886106063004e-32
Zo_SA_chr01A_2620-Zo_SB_chr01B_2621	226.773289233278	-6.345372141489	0.540900251489377	-11.7311318011351	8.82704139646531e-32	3.07559342371127e-29
Zo_SA_chr01A_2264-Zo_SB_chr01B_2282	581.142186956589	4.51222940032125	0.387167826214652	11.6544534302796	2.17773263842043e-31	7.08198654014323e-29
Zo_SA_chr01A_1983-Zo_SB_chr01B_2012	1440.23941767773	3.85478593509145	0.332822066485273	11.5821224710232	5.07731614809269e-31	1.54794676064976e-28
Zo_SA_chr01A_3975-Zo_SB_chr01B_3954	21655.5579775671	-3.24389602898431	0.28196962923948	-11.5044164073047	1.25334257167907e-30	3.59635592038266e-28
Zo_SA_chr01A_702-Zo_SB_chr01B_747	1585.7140492431	14.1039838204388	1.23261215324288	11.4423533658439	2.56823089101151e-30	6.95990571464121e-28
Zo_SA_chr01A_3062-Zo_SB_chr01B_3069	874.489053987812	5.2367296966108	0.466471535585308	11.2262577609156	3.03043472406928e-29	7.78024241263681e-27
Zo_SA_chr02A_2747-Zo_SB_chr02B_2713	1328.24974857316	13.8482617780492	1.23622197745731	11.2020834692914	3.98255435298889e-29	9.71345006693991e-27
Zo_SA_chr01A_2612-Zo_SB_chr01B_2606	1025.46023372064	-13.4676144277742	1.22602482486952	-10.9847811843512	4.52333394842686e-28	1.05070585716315e-25
Zo_SA_chr02A_3555-Zo_SB_chr02B_3582	1347.15479153942	4.39750553855116	0.400998744285653	10.9663823171939	5.5446704958064e-28	1.22940466720653e-25
Zo_SA_chr01A_1389-Zo_SB_chr01B_1415	1214.12922774863	-3.07247335897356	0.280292616059196	-10.9616635720603	5.84155559301396e-28	1.23891774707487e-25
Zo_SA_chr02A_3526-Zo_SB_chr02B_3558	641.416016114852	-4.00433001305874	0.367828044482542	-10.886418458636	1.33799190886201e-27	2.71946855476203e-25
Zo_SA_chr02A_2042-Zo_SB_chr02B_1991	926.873405119436	13.3293820000765	1.22637084809666	10.8689651427738	1.62028193854976e-27	3.1614941184983e-25
Zo_SA_chr02A_2956-Zo_SB_chr02B_2937	1268.64673904382	6.44141708754342	0.596205192371053	10.8040271536826	3.29430431487334e-27	6.18062171075082e-25
Zo_SA_chr01A_94-Zo_SB_chr01B_159	506.609570006092	-3.56399559201496	0.334257587228366	-10.6624224196892	1.52570860596963e-26	2.7564468814518e-24
Zo_SA_chr01A_3015-Zo_SB_chr01B_3013	2466.29034795207	-5.15187788821736	0.487701071950125	-10.5635976308541	4.39488214657208e-26	7.39249486585468e-24
Zo_SA_chr02A_3709-Zo_SB_chr02B_3721	747.690840377665	-6.02527387831527	0.571719558202141	-10.5388626152001	5.71863132240198e-26	9.29849453022562e-24
Zo_SA_chr02A_655-Zo_SB_chr02B_629	672.264307755644	-12.8583253521676	1.23656431522721	-10.3984282853941	2.52056280809727e-25	3.96622754125757e-23
Zo_SA_chr01A_2644-Zo_SB_chr01B_2643	816.444542810572	5.19002110214123	0.502422483574128	10.3299937240478	5.15639584770275e-25	7.86028092034188e-23
Zo_SA_chr01A_3514-Zo_SB_chr01B_3523	684.578642321971	-3.1694210427507	0.307154172246061	-10.3186651171766	5.80242372763244e-25	8.57703725557305e-23
Zo_SA_chr02A_2746-Zo_SB_chr02B_2712	547.538021050918	-4.32296524187683	0.424941889490192	-10.1730738926754	2.61522624540236e-24	3.75208047796256e-22
Zo_SA_chr02A_920-Zo_SB_chr02B_893	405.365747144288	-3.83002066395534	0.378196383982245	-10.1270684389599	4.19023900038635e-24	5.8399959553956e-22
Zo_SA_chr02A_3402-Zo_SB_chr02B_3431	463.547049066199	12.3296324051633	1.22520977519027	10.0632827576392	8.02759964065241e-24	1.0877397513084e-21
Zo_SA_chr01A_536-Zo_SB_chr01B_591	481.932342057088	-12.3783168402372	1.23163204615696	-10.0503367697041	9.15540029721372e-24	1.18579740575229e-21
Zo_SA_chr01A_3970-Zo_SB_chr01B_3950	506.650788393615	-12.4502482158428	1.23889754423576	-10.0494574985399	9.23745416535201e-24	1.18579740575229e-21
Zo_SA_chr02A_3652-Zo_SB_chr02B_3673	3827.53385832445	3.1354003645195	0.317580955966912	9.8727593881485	5.46404153529005e-23	6.83425502798587e-21
Zo_SA_chr01A_2712-Zo_SB_chr01B_2703	398.944230135259	-12.1056932481281	1.23924253080992	-9.76862312836879	1.53524234533753e-22	1.87222804013911e-20
Zo_SA_chr02A_1368-Zo_SB_chr02B_1350	1591.27137498225	-3.26536907385341	0.335401347640413	-9.73570648068548	2.12337037851557e-22	2.52629285521926e-20
Zo_SA_chr01A_562-Zo_SB_chr01B_615	462.029057760875	-4.45207196772145	0.45757955345979	-9.72961299091936	2.25449050176099e-22	2.61842968275954e-20
Zo_SA_chr02A_433-Zo_SB_chr02B_422	400.808285689622	-6.68178797266959	0.695722374804953	-9.60410102455428	7.68253873355309e-22	8.71521487029581e-20
Zo_SA_chr02A_348-Zo_SB_chr02B_347	630.086300308827	-12.7648141903637	1.344825220358	-9.49180160895977	2.27075218887614e-21	2.51743844939495e-19
Zo_SA_chr01A_3303-Zo_SB_chr01B_3311	1846.06651731368	-3.68832556830125	0.391562782040291	-9.41949985410446	4.53241778384784e-21	4.91314087769105e-19
Zo_SA_chr01A_2480-Zo_SB_chr01B_2490	285.972323415146	-3.18179733440981	0.338869792699966	-9.38943925647265	6.0320529805263e-21	6.39659879108854e-19
Zo_SA_chr01A_1852-Zo_SB_chr01B_1879	282.734357287082	-11.6091283446135	1.24152437659438	-9.35070511982894	8.70653312409526e-21	9.03626991049716e-19
Zo_SA_chr01A_558-Zo_SB_chr01B_611	591.084837208759	-3.9924560663932	0.430184366834558	-9.28080231220637	1.68207128500424e-20	1.67451912821443e-18
Zo_SA_chr01A_33-Zo_SB_chr01B_81	161.578255863351	7.6338068754034	0.830026616152864	9.19706275298226	3.67867635401887e-20	3.58891665098081e-18
Zo_SA_chr02A_2311-Zo_SB_chr02B_2283	347.838281033772	10.0703001041526	1.10788940675729	9.08962577196909	9.93805259806036e-20	9.32265780256508e-18
Zo_SA_chr01A_2034-Zo_SB_chr01B_2061	223.726764789676	11.2786740092985	1.246555362797	9.0478725180658	1.45780832314826e-19	1.34173377364475e-17
Zo_SA_chr01A_1343-Zo_SB_chr01B_1366	982.460506462288	4.37828463099958	0.488661319160763	8.95975281718417	3.25407046332272e-19	2.93951031853486e-17
Zo_SA_chr01A_2640-Zo_SB_chr01B_2638	220.486154672545	3.49710688843843	0.390507151240727	8.9552953827538	3.38827236177165e-19	3.00508956013129e-17
Zo_SA_chr01A_2262-Zo_SB_chr01B_2276	224.062994147798	11.280681119211	1.26005587508587	8.95252452074178	3.47443679604559e-19	3.02648262341257e-17
Zo_SA_chr02A_2433-Zo_SB_chr02B_2402	150.332905224786	-7.27594223837967	0.815024816490823	-8.92726465643957	4.3667184037851e-19	3.73699164450241e-17
Zo_SA_chr02A_2167-Zo_SB_chr02B_2144	196.953532747134	11.0948397420059	1.25264785313391	8.85710993257089	8.21155457061043e-19	6.90620055093753e-17
Zo_SA_chr02A_3106-Zo_SB_chr02B_3103	214.973573887656	-4.13515129709066	0.467075866354307	-8.85327544188269	8.49875797666979e-19	7.02660023901614e-17
Zo_SA_chr02A_3413-Zo_SB_chr02B_3442	116.064270161147	6.43658687882054	0.735476599262582	8.7515862303085	2.10374504878133e-18	1.71034472465922e-16
Zo_SA_chr02A_1559-Zo_SB_chr02B_1549	189.113041444995	-11.0288358769349	1.26111151015401	-8.74532964621659	2.22365484167867e-18	1.77819480618173e-16
Zo_SA_chr02A_2556-Zo_SB_chr02B_2503	409.774191167532	-6.11405335972894	0.709438528432577	-8.61815804286416	6.80397286614932e-18	5.35319026468974e-16
Zo_SA_chr01A_2502-Zo_SB_chr01B_2510	378.523110179392	3.6180865518617	0.420307538376286	8.60818857981689	7.42240834441139e-18	5.74706474667282e-16
Zo_SA_chr01A_1402-Zo_SB_chr01B_1429	348.003002504899	3.1911479010097	0.370920426428608	8.60332209723671	7.744125047157e-18	5.90247530937998e-16
Zo_SA_chr01A_801-Zo_SB_chr01B_845	6858.25716939727	-5.19399984875532	0.607023223738278	-8.55650928273997	1.16336474290187e-17	8.73060494750049e-16
Zo_SA_chr01A_2961-Zo_SB_chr01B_2957	234.782378448361	-11.3403806787769	1.32993536200048	-8.52701642711329	1.50170550856645e-17	1.1098968895132e-15
Zo_SA_chr01A_3770-Zo_SB_chr01B_3755	515.590865051213	3.14855169142707	0.36972994492362	8.51581467678393	1.65423197953382e-17	1.2043796412188e-15
Zo_SA_chr01A_4156-Zo_SB_chr01B_4178	280.484000080282	-10.6349951427833	1.25065099235471	-8.50356750827817	1.83851542377029e-17	1.31886444663992e-15
Zo_SA_chr02A_2634-Zo_SB_chr02B_2580	165.528140756775	10.8442718375532	1.27580383500253	8.49995237514842	1.89668495341889e-17	1.34087379750396e-15
Zo_SA_chr02A_2625-Zo_SB_chr02B_2572	181.542298256276	10.9774339574272	1.29454708023814	8.47974872834118	2.25680797954953e-17	1.55052244003417e-15
Zo_SA_chr01A_257-Zo_SB_chr01B_311	113.961270233022	-7.43119841541086	0.884839366366725	-8.39835872800778	4.52762235865758e-17	3.06746414799051e-15
Zo_SA_chr01A_2317-Zo_SB_chr01B_2339	199.386953645602	11.1121014987382	1.34049541505425	8.28954830724912	1.13679339953282e-16	7.59627151085081e-15
Zo_SA_chr02A_2148-Zo_SB_chr02B_2106	3175.70973388117	-11.5203503131827	1.39319820152885	-8.26899596951862	1.35091835766737e-16	8.90510776851545e-15
Zo_SA_chr02A_2214-Zo_SB_chr02B_2184	871.523927765154	3.03672167148391	0.367348657524067	8.26659253895588	1.37842073775773e-16	8.96524847837626e-15
Zo_SA_chr02A_2100-Zo_SB_chr02B_2056	238.012136837676	6.91583494582888	0.836892261498167	8.26370999469928	1.41213442937723e-16	9.06367335066068e-15
Zo_SA_chr01A_3508-Zo_SB_chr01B_3516	135.323495234024	-10.5458034525293	1.28305719938686	-8.21927772009612	2.04732441053039e-16	1.29699330838536e-14
Zo_SA_chr02A_3016-Zo_SB_chr02B_3009	143.731260123456	-4.72164909728245	0.57487039863097	-8.21341489930054	2.14985107418079e-16	1.34448378716075e-14
Zo_SA_chr01A_3328-Zo_SB_chr01B_3343	305.192292348269	3.71735055993795	0.455618836216239	8.15890447113491	3.38076891083603e-16	2.06142384338227e-14
Zo_SA_chr01A_4023-Zo_SB_chr01B_3997	120.828133337098	10.3896343364324	1.27895527644942	8.12353217328726	4.52808645112979e-16	2.72691428501372e-14
Zo_SA_chr02A_776-Zo_SB_chr02B_737	164.985416086198	-7.08816447693553	0.873749584425184	-8.11235232987109	4.96490914074424e-16	2.95351546201834e-14
Zo_SA_chr02A_2865-Zo_SB_chr02B_2826	3185.71920245096	-3.62452587909446	0.447805211382417	-8.09397878132147	5.77467531300676e-16	3.3938392984153e-14
Zo_SA_chr01A_36-Zo_SB_chr01B_87	113.053001723035	10.2943507687366	1.29095968761773	7.97418452913374	1.53390216157121e-15	8.90758898112423e-14
Zo_SA_chr02A_3516-Zo_SB_chr02B_3549	182.046837516244	5.99981258334456	0.755252854506132	7.94411109808767	1.95588239648761e-15	1.10939468954262e-13
Zo_SA_chr01A_2846-Zo_SB_chr01B_2843	119.583165795911	3.87088605762011	0.487532099258705	7.93975630221232	2.02578873889144e-15	1.1358387894612e-13
Zo_SA_chr01A_1162-Zo_SB_chr01B_1182	396.268770093064	3.26616051141291	0.415174275217112	7.86696263805097	3.63355100665423e-15	2.0141433875522e-13
Zo_SA_chr01A_2354-Zo_SB_chr01B_2369	108.555587430793	10.2351492993509	1.303154502922	7.85413339431441	4.02545682746619e-15	2.20631218026742e-13
Zo_SA_chr02A_2704-Zo_SB_chr02B_2670	316.188478838626	3.09646886295848	0.394324489004626	7.85259082126687	4.07529567207806e-15	2.20881025426631e-13
Zo_SA_chr01A_2642-Zo_SB_chr01B_2641	177.581399461701	4.005233650931	0.513286412101567	7.80311645993554	6.03967650484383e-15	3.23753208688222e-13
Zo_SA_chr02A_3794-Zo_SB_chr02B_3797	247.770266434523	-5.10089046062432	0.656159927721819	-7.77385244834223	7.61344183704316e-15	4.03677926968441e-13
Zo_SA_chr01A_3462-Zo_SB_chr01B_3478	109.942102605569	-10.2468860942595	1.33285531534721	-7.68792079400619	1.49545337068742e-14	7.760448449163e-13
Zo_SA_chr02A_1431-Zo_SB_chr02B_1423	303.077815605199	-5.79218171102566	0.753655864573551	-7.68544634665996	1.5246449325247e-14	7.82865050616366e-13
Zo_SA_chr01A_50-Zo_SB_chr01B_105	804.10587243921	3.02691704820954	0.397380208832105	7.61718118047601	2.59275291574939e-14	1.27752007303288e-12
Zo_SA_chr01A_247-Zo_SB_chr01B_310	631.634013241982	-5.31471207473137	0.697672661780168	-7.61777315621119	2.58089338361197e-14	1.27752007303288e-12
Zo_SA_chr01A_2984-Zo_SB_chr01B_2981	88.0514292540575	9.93370850889653	1.30510437997754	7.61142837407954	2.71083118475389e-14	1.32234345192295e-12
Zo_SA_chr02A_3680-Zo_SB_chr02B_3701	166.286140074119	-9.00409360301101	1.1892386770114	-7.5713090879609	3.69481764222721e-14	1.78448717413706e-12
Zo_SA_chr01A_76-Zo_SB_chr01B_138	147.981553635422	-9.71180254073242	1.28436950385923	-7.56153311920809	3.9834595885551e-14	1.90503096793841e-12
Zo_SA_chr01A_3270-Zo_SB_chr01B_3280	86.6404735054573	9.90969364469121	1.31474984180124	7.53732256100877	4.79718708727659e-14	2.25006525112839e-12
Zo_SA_chr01A_1233-Zo_SB_chr01B_1261	502.154983667632	3.01122315056873	0.402374955513473	7.48362468714309	7.23002417380788e-14	3.35886265903189e-12
Zo_SA_chr01A_4177-Zo_SB_chr01B_4201	89.7550417632329	-9.95383764994737	1.33541196500107	-7.45375802435575	9.07183171400446e-14	4.17475425480318e-12
Zo_SA_chr02A_121-Zo_SB_chr02B_117	89.6012723826595	-4.35576569639122	0.587575611651772	-7.41311519745765	1.23366635871849e-13	5.6241350446998e-12
Zo_SA_chr01A_653-Zo_SB_chr01B_704	209.67416253887	-3.43953448039984	0.464837696670181	-7.3994310380561	1.36769227200954e-13	6.17741009524311e-12
Zo_SA_chr01A_1111-Zo_SB_chr01B_1137	98.5849266116443	6.6668826644813	0.909443521723802	7.33072753307933	2.28906631926528e-13	9.88147389856285e-12
Zo_SA_chr02A_148-Zo_SB_chr02B_139	808.464400376977	-3.07773803216323	0.420781451145707	-7.3143386520084	2.58652084077842e-13	1.09713466620149e-11
Zo_SA_chr01A_2479-Zo_SB_chr01B_2489	115.0034398495	-8.45561135693309	1.16092178741473	-7.28353231767922	3.25190976056718e-13	1.36748412172816e-11
Zo_SA_chr02A_774-Zo_SB_chr02B_735	484.618531499963	-3.48113609450536	0.478141216644844	-7.28056058194015	3.32435854990481e-13	1.37425601749455e-11
Zo_SA_chr01A_1687-Zo_SB_chr01B_1718	181.498186665354	-3.78725050399217	0.520694368525191	-7.27346161764555	3.50390385548457e-13	1.43630613504653e-11
Zo_SA_chr01A_3919-Zo_SB_chr01B_3906	112.423287547216	10.2855797697567	1.42869137493041	7.19930136783929	6.05218513970719e-13	2.40020805784485e-11
Zo_SA_chr02A_2344-Zo_SB_chr02B_2309	63.4879324790395	-9.45398057328024	1.33182140339269	-7.09853479542914	1.26086445421693e-12	4.92039744613616e-11
Zo_SA_chr01A_160-Zo_SB_chr01B_224	543.619788408217	-3.00839770597173	0.425598303591118	-7.06863180747536	1.56468689606251e-12	6.05757355475629e-11
Zo_SA_chr02A_1503-Zo_SB_chr02B_1490	252.4361481857	-4.145301460732	0.592465151825843	-6.99670089955017	2.62059904560496e-12	9.98693917536015e-11
Zo_SA_chr01A_282-Zo_SB_chr01B_337	64.7535213930969	-9.48315109708379	1.35922383493731	-6.97688699486438	3.01792258256029e-12	1.14119584168442e-10
Zo_SA_chr02A_2178-Zo_SB_chr02B_2150	59.8662959977948	-9.36874575207962	1.34702618520958	-6.95513261356679	3.52230542655803e-12	1.32167737467308e-10
Zo_SA_chr02A_812-Zo_SB_chr02B_814	188.676270228943	-3.3041894920157	0.475874754395947	-6.94340151792648	3.82769480520595e-12	1.42530498166371e-10
Zo_SA_chr01A_2652-Zo_SB_chr01B_2652	58.6531124401199	9.34771712716965	1.36073178890815	6.86962500866557	6.43708877051659e-12	2.37879689564999e-10
Zo_SA_chr02A_72-Zo_SB_chr02B_70	54.879783448079	9.25143781470314	1.34845655022799	6.86076078101216	6.84947809220041e-12	2.51216196494388e-10
Zo_SA_chr01A_116-Zo_SB_chr01B_182	157.085026494936	4.47370879274444	0.654313091251666	6.83726010156158	8.07221045706755e-12	2.91675871182041e-10
Zo_SA_chr01A_4147-Zo_SB_chr01B_4172	329.272609371591	-3.03535328813298	0.444713965384087	-6.82540582127084	8.76771053889744e-12	3.14477147123101e-10
Zo_SA_chr02A_2490-Zo_SB_chr02B_2446	92.0852281605203	3.46663003727571	0.510119779611597	6.79571774283128	1.0777460288166e-11	3.83740520333387e-10
Zo_SA_chr01A_135-Zo_SB_chr01B_205	63.9593966573554	-6.03751574247544	0.890790953966994	-6.77770212594587	1.22102263402919e-11	4.31604957159013e-10
Zo_SA_chr02A_172-Zo_SB_chr02B_166	61.1399020152968	-9.40053473349715	1.39008281445117	-6.76257172290032	1.35563529455392e-11	4.75740213441297e-10
Zo_SA_chr02A_2071-Zo_SB_chr02B_2026	296.749089488865	4.17281876810399	0.62120515823161	6.71729574812738	1.85127991456954e-11	6.3990981310768e-10
Zo_SA_chr02A_3795-Zo_SB_chr02B_3798	607.356642126379	-3.21100377977957	0.478084649036965	-6.71639172319733	1.8627960939174e-11	6.3990981310768e-10
Zo_SA_chr02A_2809-Zo_SB_chr02B_2773	56.3815693323576	9.29018625306144	1.39585051035691	6.65557392007974	2.82196679031785e-11	9.55941250220172e-10
Zo_SA_chr01A_3555-Zo_SB_chr01B_3554	50.7742897667672	-9.13225857026343	1.37404970188474	-6.64623598239349	3.00683049702863e-11	1.01153925272453e-09
Zo_SA_chr02A_52-Zo_SB_chr02B_56	49.6114015775637	-9.09895450645481	1.39063936562257	-6.54300081774353	6.02965005122167e-11	1.97400221139995e-09
Zo_SA_chr01A_700-Zo_SB_chr01B_745	75.3306773006549	7.82103144591923	1.19717608055019	6.53289985740854	6.45082795692281e-11	2.08391647509069e-09
Zo_SA_chr01A_1406-Zo_SB_chr01B_1434	83.4663822458084	3.67768396696839	0.563345595288873	6.52829097755266	6.6524365429755e-11	2.13490693793648e-09
Zo_SA_chr01A_2782-Zo_SB_chr01B_2777	45.0490596942327	-8.95888514452564	1.37716788039777	-6.50529632011023	7.75403799393315e-11	2.45611671002636e-09
Zo_SA_chr02A_1257-Zo_SB_chr02B_1241	55.9259329768859	-9.27197232024927	1.42763989183279	-6.49461560530228	8.32456855230348e-11	2.61982228375073e-09
Zo_SA_chr01A_2314-Zo_SB_chr01B_2336	188.117769053963	-4.89941901581748	0.758564249726745	-6.45880558908804	1.05532580716812e-10	3.27890400469177e-09
Zo_SA_chr01A_1334-Zo_SB_chr01B_1358	44.8795449339736	8.96085935456589	1.39634627337757	6.41736188609636	1.38656053096945e-10	4.22727641879312e-09
Zo_SA_chr02A_1270-Zo_SB_chr02B_1265	45.8942658471359	-8.98663490075442	1.4010672120956	-6.41413546985582	1.41624231263773e-10	4.29095031120921e-09
Zo_SA_chr02A_3303-Zo_SB_chr02B_3298	44.8521865152243	8.96083512919857	1.39777521426804	6.41078410729368	1.44773089705368e-10	4.3592785900172e-09
Zo_SA_chr01A_38-Zo_SB_chr01B_88	128.471037464418	3.4497170230726	0.541161595705074	6.37465232280203	1.83378477530737e-10	5.42133462663598e-09
Zo_SA_chr02A_1254-Zo_SB_chr02B_1247	114.590391965835	4.43600620375921	0.696106660399491	6.37259554622479	1.85855557483481e-10	5.46146632171337e-09
Zo_SA_chr01A_526-Zo_SB_chr01B_583	49.5620197971806	-9.09582330192499	1.44572532141896	-6.29152935704105	3.14353348911427e-10	9.182129556826e-09
Zo_SA_chr01A_1019-Zo_SB_chr01B_1055	54.3235345689741	9.23755947451983	1.48056000969126	6.23923340766588	4.39720461799475e-10	1.26920497790405e-08
Zo_SA_chr01A_211-Zo_SB_chr01B_280	64.9588836672843	-8.52028853038806	1.37629203951199	-6.19075623906768	5.98762447663587e-10	1.6981181509901e-08
Zo_SA_chr01A_457-Zo_SB_chr01B_513	99.9942829021215	4.55687962299485	0.74424058715545	6.12285825530105	9.19114546823455e-10	2.57669009161196e-08
Zo_SA_chr01A_156-Zo_SB_chr01B_222	63.3353237777996	9.45690890566454	1.55272081392312	6.09054043770472	1.12530154477448e-09	3.13669767737708e-08
Zo_SA_chr01A_3547-Zo_SB_chr01B_3548	35.6949127221939	8.63064592485031	1.41848633068257	6.08440542440567	1.16924395568839e-09	3.20425394148761e-08
Zo_SA_chr02A_1985-Zo_SB_chr02B_1943	160.238499560514	3.76314509032025	0.61845775320132	6.08472457632085	1.16691732550164e-09	3.20425394148761e-08
Zo_SA_chr01A_1336-Zo_SB_chr01B_1361	36.6428993113426	8.66907153926343	1.4314425274563	6.05617855623484	1.3939327095539e-09	3.79866131687371e-08
Zo_SA_chr01A_3498-Zo_SB_chr01B_3511	117.194580251511	4.89903860447126	0.810178483561533	6.04686338118381	1.47692892812874e-09	4.00247739522889e-08
Zo_SA_chr01A_1964-Zo_SB_chr01B_1999	61.0236239730225	7.54918586281069	1.2573595436798	6.00399933396708	1.92515490242136e-09	5.18834564310021e-08
Zo_SA_chr01A_1774-Zo_SB_chr01B_1804	34.2623626552099	8.57192460166869	1.43056293951412	5.99199403598422	2.07283529802061e-09	5.54101793599359e-08
Zo_SA_chr01A_2511-Zo_SB_chr01B_2519	38.2533966502784	-8.72201557360678	1.45572376539613	-5.99153203439895	2.07873366602466e-09	5.54101793599359e-08
Zo_SA_chr01A_3766-Zo_SB_chr01B_3751	45.8247489390684	-8.98473023132829	1.50368874301643	-5.97512635048709	2.29911920349399e-09	6.09516493187157e-08
Zo_SA_chr01A_2003-Zo_SB_chr01B_2034	52.1708995963948	-9.17183401663956	1.53535643923585	-5.97374901505243	2.31862428852166e-09	6.1136482591398e-08
Zo_SA_chr02A_1825-Zo_SB_chr02B_1801	123.46025216418	-4.17885759541082	0.703500157574025	-5.94009475395335	2.84857382333232e-09	7.39113995224205e-08
Zo_SA_chr01A_2614-Zo_SB_chr01B_2609	181.273383897234	-5.00308389174155	0.843568647073576	-5.93085566787925	3.01360034648792e-09	7.77795898950692e-08
Zo_SA_chr02A_2204-Zo_SB_chr02B_2173	77.5174923293714	3.94265789167311	0.672799563485973	5.86007795731174	4.62649926248554e-09	1.15733658473869e-07
Zo_SA_chr02A_2643-Zo_SB_chr02B_2591	108.164760499189	-4.30161785999307	0.737154712324864	-5.83543425562116	5.3650648836859e-09	1.32846631992994e-07
Zo_SA_chr01A_2529-Zo_SB_chr01B_2544	45.225459695912	-7.99837900806243	1.37399275830351	-5.82126722264401	5.84031045218974e-09	1.43884012049402e-07
Zo_SA_chr01A_2514-Zo_SB_chr01B_2521	50.9942080616269	6.20621141963703	1.07022542398627	5.79897587979247	6.67211273175759e-09	1.63550582439766e-07
Zo_SA_chr01A_959-Zo_SB_chr01B_990	73.5066983788049	4.14709685906819	0.718019433967133	5.77574458696061	7.66135178036697e-09	1.85930716341443e-07
Zo_SA_chr02A_1481-Zo_SB_chr02B_1471	126.975359084772	3.2783409192847	0.569185309174854	5.75970754416922	8.42597979963938e-09	2.03474898329905e-07
Zo_SA_chr01A_1732-Zo_SB_chr01B_1761	80.3618189291633	-5.4182713947037	0.945685105800338	-5.72946677648919	1.00746818082311e-08	2.42090137244096e-07
Zo_SA_chr02A_2301-Zo_SB_chr02B_2270	32.3769943578322	-8.48310934933217	1.48927075085515	-5.69614984008858	1.22543188687915e-08	2.90177511854198e-07
Zo_SA_chr02A_428-Zo_SB_chr02B_417	402.49853668443	-3.31072064781762	0.581633584054507	-5.69210709041065	1.2548110702376e-08	2.95698956551642e-07
Zo_SA_chr02A_3755-Zo_SB_chr02B_3764	293.765357881629	-3.19017482547749	0.560821892343498	-5.68839210635439	1.28241095440997e-08	2.99311035196738e-07
Zo_SA_chr02A_3477-Zo_SB_chr02B_3505	29.7541326126154	-8.36085143551691	1.47602893038989	-5.66442246718593	1.47520545035957e-08	3.42669151754952e-07
Zo_SA_chr01A_1837-Zo_SB_chr01B_1866	59.4242791193696	-4.20851505522493	0.744288868634929	-5.65441085118416	1.56381738342175e-08	3.61530862385369e-07
Zo_SA_chr01A_2129-Zo_SB_chr01B_2151	122.398309229135	-4.64575643243243	0.826853461799032	-5.61859706352852	1.9251423388747e-08	4.30772675643614e-07
Zo_SA_chr01A_2029-Zo_SB_chr01B_2055	156.375527298621	-3.73827883141822	0.666475912262548	-5.60902316593489	2.03471789496485e-08	4.53212506467514e-07
Zo_SA_chr02A_512-Zo_SB_chr02B_496	27.9128052440196	8.275758636693	1.4867961817043	5.56616887945365	2.604008860388e-08	5.77379782771485e-07
Zo_SA_chr01A_23-Zo_SB_chr01B_70	38.746064344694	7.78086433608149	1.40558516661701	5.53567618731253	3.1002989618891e-08	6.84310331950002e-07
Zo_SA_chr02A_228-Zo_SB_chr02B_213	279.966361174461	-3.25316453854065	0.588010410251814	-5.53249480251122	3.15707800661194e-08	6.93703897128514e-07
Zo_SA_chr02A_2999-Zo_SB_chr02B_2991	29.5168527864457	8.35721267018915	1.51130693243904	5.52979179199671	3.20611090508496e-08	7.01318789013652e-07
Zo_SA_chr02A_2725-Zo_SB_chr02B_2692	77.621942077919	-7.89242853445475	1.44608175660728	-5.45780243640688	4.82063598447676e-08	1.03590582961576e-06
Zo_SA_chr01A_1042-Zo_SB_chr01B_1079	112.292817506587	3.11561486484907	0.578711417317827	5.38371072630486	7.29657338852342e-08	1.53416745643178e-06
Zo_SA_chr01A_1323-Zo_SB_chr01B_1347	103.126127686296	3.05472470893925	0.57146438393065	5.34543323230089	9.02010439454437e-08	1.868096447244e-06
Zo_SA_chr01A_2717-Zo_SB_chr01B_2708	27.5960461602339	-8.25276976255009	1.54399500546296	-5.34507542663684	9.0379409911764e-08	1.868096447244e-06
Zo_SA_chr02A_1077-Zo_SB_chr02B_1053	77.7596543973828	-7.89543522650822	1.4781336159818	-5.34148952512924	9.21859438655686e-08	1.89739676867613e-06
Zo_SA_chr02A_1289-Zo_SB_chr02B_1284	140.260322555435	-4.50599807829761	0.845717074768523	-5.32802069714736	9.92888121314418e-08	2.02648880994633e-06
Zo_SA_chr01A_1689-Zo_SB_chr01B_1722	53.9198633597333	4.44507795106292	0.836816202751186	5.31189278655087	1.0849242914465e-07	2.19595879405645e-06
Zo_SA_chr02A_1967-Zo_SB_chr02B_1927	32.3740597724073	-8.48178637804993	1.59742181677335	-5.30967230382667	1.09822515393121e-07	2.21369516565141e-06
Zo_SA_chr02A_3435-Zo_SB_chr02B_3467	230.370710918889	-3.19316196222845	0.601955553253881	-5.30464740289836	1.12890990311649e-07	2.26618210181163e-06
Zo_SA_chr01A_3199-Zo_SB_chr01B_3205	23.9857585657694	8.05723681397029	1.52028512060856	5.29981955670595	1.15917185282945e-07	2.31739356479593e-06
Zo_SA_chr01A_943-Zo_SB_chr01B_976	25.1283942373301	-8.11649874465489	1.533523751044	-5.29271146868726	1.20515984611932e-07	2.39949784872247e-06
Zo_SA_chr01A_4034-Zo_SB_chr01B_4009	42.4703820768544	5.17762398550777	0.981255861996283	5.27652795365149	1.31654438349027e-07	2.60004190391318e-06
Zo_SA_chr01A_2682-Zo_SB_chr01B_2676	67.5062762848285	5.24198154787528	1.00086717757916	5.23743975754534	1.62819420378348e-07	3.15171878018088e-06
Zo_SA_chr02A_1112-Zo_SB_chr02B_1088	58.6965888888247	-4.63902147558197	0.890035514243941	-5.21217569562118	1.8663865680203e-07	3.57028771717766e-06
Zo_SA_chr01A_2745-Zo_SB_chr01B_2731	26.9411182008772	8.22510872651337	1.58105974518728	5.20227572142701	1.96862864484237e-07	3.73656440838175e-06
Zo_SA_chr01A_128-Zo_SB_chr01B_193	28.5043713995297	-8.29991269143066	1.59696264044249	-5.19731174746262	2.02191126560538e-07	3.82282292776087e-06
Zo_SA_chr01A_2336-Zo_SB_chr01B_2353	71.712502061827	3.07890408538369	0.593200915010899	5.19032254919417	2.09930104598762e-07	3.93861173166447e-06
Zo_SA_chr01A_3131-Zo_SB_chr01B_3137	150.985047555131	-3.29925244965993	0.63557205168943	-5.19099674205325	2.09171286469833e-07	3.93861173166447e-06
Zo_SA_chr02A_3644-Zo_SB_chr02B_3670	81.5729882052708	-4.16315891843288	0.803080197422937	-5.18398901105064	2.1718973551844e-07	4.02833281315191e-06
Zo_SA_chr02A_1538-Zo_SB_chr02B_1525	24.6181690956666	8.09579631761744	1.56834693514985	5.16199326575908	2.44334082422635e-07	4.48068290999103e-06
Zo_SA_chr02A_1483-Zo_SB_chr02B_1472	22.143647841138	-7.93473620965313	1.5405431749604	-5.15060943349226	2.59641380089223e-07	4.74356049466378e-06
Zo_SA_chr02A_2117-Zo_SB_chr02B_2077	37.5843512545616	4.42100178975026	0.864884904507102	5.11166487784845	3.19331943202271e-07	5.68504094503897e-06
Zo_SA_chr02A_2284-Zo_SB_chr02B_2254	22.2868229248874	-7.94465306088281	1.56251479403587	-5.08452981770644	3.6853787109449e-07	6.53719176435971e-06
Zo_SA_chr01A_3111-Zo_SB_chr01B_3120	25.5767993692016	8.15114460823241	1.61723537907158	5.04017208237912	4.65113437318279e-07	8.19069800447135e-06
Zo_SA_chr02A_2927-Zo_SB_chr02B_2900	49.9476715646938	5.93396885098788	1.18536206318861	5.00603911266199	5.556147187357e-07	9.67960213568836e-06
Zo_SA_chr01A_3758-Zo_SB_chr01B_3740	42.7544499266082	5.96747568182616	1.19483337097635	4.99439991113563	5.90189893877056e-07	1.02090294408946e-05
Zo_SA_chr02A_3567-Zo_SB_chr02B_3589	39.5752231677131	6.8611994152125	1.38106085084838	4.96806452155797	6.76244639873744e-07	1.13749012182901e-05
Zo_SA_chr01A_370-Zo_SB_chr01B_425	30.3721664958582	8.39617469461537	1.69637595398069	4.94947754647962	7.44129614851346e-07	1.24465564539043e-05
Zo_SA_chr02A_3451-Zo_SB_chr02B_3482	46.334842822569	4.18685630790666	0.845960335534009	4.94923477146683	7.45058319913911e-07	1.24465564539043e-05
Zo_SA_chr01A_1743-Zo_SB_chr01B_1769	20.0061518652308	-7.78871672139981	1.58494174809942	-4.91419746545238	8.91468657837362e-07	1.47240030800444e-05
Zo_SA_chr01A_2759-Zo_SB_chr01B_2748	27.9233707747642	-8.26939197052723	1.72874453742673	-4.78346672483859	1.72297425468733e-06	2.72878844622234e-05
Zo_SA_chr02A_2879-Zo_SB_chr02B_2836	19.6759088419327	-7.76298880881731	1.62325053045648	-4.78237256859806	1.73238209702532e-06	2.73480901918755e-05
Zo_SA_chr01A_676-Zo_SB_chr01B_723	240.032785840878	3.1509298918015	0.660752722504287	4.76869755429733	1.8542078706389e-06	2.91768580418599e-05
Zo_SA_chr02A_3687-Zo_SB_chr02B_3714	104.593656062201	-3.09757896453861	0.650088745551731	-4.76485554585273	1.88988994658888e-06	2.96427111236674e-05
Zo_SA_chr01A_4078-Zo_SB_chr01B_4102	27.6195657684931	-7.28451579627636	1.53439546618683	-4.74748261240585	2.05964089959774e-06	3.20988124863826e-05
Zo_SA_chr01A_3923-Zo_SB_chr01B_3912	3952.41228374027	3.15808095111713	0.665938514867146	4.74230109929468	2.11304251681092e-06	3.28261827930053e-05
Zo_SA_chr02A_3585-Zo_SB_chr02B_3606	111.088870765358	-4.15218263383602	0.88132695856969	-4.71128517454478	2.46159491832991e-06	3.79989240873839e-05
Zo_SA_chr01A_450-Zo_SB_chr01B_507	29.4087214797448	6.49152286647116	1.38180025483099	4.69787354849284	2.6288409624248e-06	4.04526379012876e-05
Zo_SA_chr01A_2391-Zo_SB_chr01B_2398	106.139617626131	4.51916082048395	0.967157575823113	4.67262102210992	2.97380182187944e-06	4.54739977652913e-05
Zo_SA_chr02A_3521-Zo_SB_chr02B_3553	363.515792601542	3.17202802607677	0.68348055680629	4.64099233619572	3.46739986715507e-06	5.28561767249451e-05
Zo_SA_chr01A_4061-Zo_SB_chr01B_4047	33.7286241658257	6.11653412754437	1.31995315191987	4.63390243710384	3.58836158684721e-06	5.43603348467103e-05
Zo_SA_chr02A_1410-Zo_SB_chr02B_1394	71.8861945018257	4.28498479908732	0.92843855329892	4.61525944163128	3.92604556529194e-06	5.92917964937897e-05
Zo_SA_chr01A_3752-Zo_SB_chr01B_3736	48.5326426949103	3.3401364589563	0.726902799735451	4.59502489214776	4.32697612084783e-06	6.45842345325027e-05
Zo_SA_chr02A_187-Zo_SB_chr02B_179	19.1013799070971	7.72878606876574	1.68203361618486	4.59490582970389	4.32944745636088e-06	6.45842345325027e-05
Zo_SA_chr02A_807-Zo_SB_chr02B_821	17.2895030096636	-7.5785183626975	1.65551340282801	-4.57774509692981	4.70014933880445e-06	6.91899496579918e-05
Zo_SA_chr02A_3708-Zo_SB_chr02B_3720	767.285289015469	3.56520902269422	0.785374327781042	4.53950287981424	5.63870103389575e-06	8.2106219830876e-05
Zo_SA_chr01A_902-Zo_SB_chr01B_939	17.3355919157746	-7.58224205045543	1.67527987653333	-4.52595542790463	6.0123251881253e-06	8.68923721870732e-05
Zo_SA_chr01A_378-Zo_SB_chr01B_435	54.498515081327	4.374999499555	0.97584369509522	4.48329944800033	7.34976772221904e-06	0.000104525268072841
Zo_SA_chr01A_1370-Zo_SB_chr01B_1392	25.5453516374294	-6.27611959676234	1.40087444759093	-4.4801442467277	7.45926109801151e-06	0.000105774057081687
Zo_SA_chr02A_3230-Zo_SB_chr02B_3233	43.8510209434945	-3.93460297306777	0.8784551967746	-4.47900244373798	7.4992675262173e-06	0.000106033121718516
Zo_SA_chr01A_2360-Zo_SB_chr01B_2374	865.627457644593	6.46389681292763	1.45304968345129	4.44850364481312	8.64705821405174e-06	0.000121557204519148
Zo_SA_chr01A_375-Zo_SB_chr01B_430	19.1248302080232	7.7317349388114	1.74303212333114	4.43579601048038	9.17326835465362e-06	0.000128583916764369
Zo_SA_chr02A_1427-Zo_SB_chr02B_1418	18.3766016795019	-7.66609583632548	1.73098138517491	-4.42875694792688	9.47777572914917e-06	0.000131342585246561
Zo_SA_chr01A_3063-Zo_SB_chr01B_3070	21.4346317858716	-7.88698919881219	1.78878221051531	-4.40913888367668	1.03782456233391e-05	0.000142205286940022
Zo_SA_chr01A_953-Zo_SB_chr01B_983	18.206731879822	-7.65353083117517	1.73905191144173	-4.400978936178	1.07763586695016e-05	0.000145861503285575
Zo_SA_chr02A_68-Zo_SB_chr02B_66	61.2419916180203	-4.26172921679505	0.968382334994499	-4.40087459548636	1.07815425150353e-05	0.000145861503285575
Zo_SA_chr01A_1397-Zo_SB_chr01B_1422	68.8460859959702	-3.16056635611267	0.721795708425035	-4.37875470749064	1.19359383798976e-05	0.000159954690706429
Zo_SA_chr01A_1722-Zo_SB_chr01B_1752	38.2100877757455	-5.31810828195301	1.21881427859343	-4.36334589720293	1.28088177688974e-05	0.000170714243378911
Zo_SA_chr01A_3808-Zo_SB_chr01B_3792	805.354624095153	-9.12273920028386	2.10520882307325	-4.33341296136419	1.46815340784676e-05	0.00019355817090477
Zo_SA_chr01A_1961-Zo_SB_chr01B_1997	116.008705611085	4.4637377197642	1.03339958059266	4.31946925815881	1.56404893386895e-05	0.000205092223102492
Zo_SA_chr01A_578-Zo_SB_chr01B_629	14.372180724186	-7.31117255156401	1.69641852291796	-4.30976934806647	1.63424904701657e-05	0.000213151520089487
Zo_SA_chr01A_3319-Zo_SB_chr01B_3326	29.1766971411653	-6.50360935154162	1.51477938091852	-4.29343667696216	1.75928506994786e-05	0.000227633755204394
Zo_SA_chr01A_3490-Zo_SB_chr01B_3497	39.2952138353579	-5.30219824545593	1.23530824988155	-4.2922066180359	1.76906212616275e-05	0.000228293255328622
Zo_SA_chr02A_993-Zo_SB_chr02B_970	101.317978959722	-4.71420905189835	1.09965382038611	-4.28699374703496	1.81107389170341e-05	0.000231874499835414
Zo_SA_chr01A_3061-Zo_SB_chr01B_3067	24.6843924738239	-6.22684883392209	1.45511628660456	-4.27927918287007	1.87499554253763e-05	0.000239430059070643
Zo_SA_chr01A_926-Zo_SB_chr01B_959	20.4893277772446	-7.82146319053503	1.83625041297746	-4.25947525199061	2.04907383418256e-05	0.000260296410498503
Zo_SA_chr02A_1348-Zo_SB_chr02B_1331	60.3698071142087	-4.91527343983768	1.1567529916249	-4.24919881377023	2.14536448984426e-05	0.000270415710115254
Zo_SA_chr02A_831-Zo_SB_chr02B_792	23.8427787179238	-6.20898885249335	1.47169184321406	-4.21894629716329	2.45446721893048e-05	0.000306997207536997
Zo_SA_chr01A_2988-Zo_SB_chr01B_2986	18.9215444329788	5.85970626568237	1.39459809059287	4.20171682810156	2.64898358351752e-05	0.000326816231430643
Zo_SA_chr01A_5-Zo_SB_chr01B_51	13.5060798383627	7.22936775218102	1.73544131190999	4.16572297926026	3.10367397155077e-05	0.000380395015910168
Zo_SA_chr01A_977-Zo_SB_chr01B_1010	15.9589248944348	-7.46319254886806	1.79512604274443	-4.15747550375803	3.21783767267543e-05	0.000393398801185733
Zo_SA_chr02A_467-Zo_SB_chr02B_449	65.6664474679979	-5.11387799174129	1.23314955194318	-4.14700551419974	3.36851952831923e-05	0.000409766540128209
Zo_SA_chr02A_973-Zo_SB_chr02B_945	18.6801588607171	5.79607502374353	1.4030251790256	4.13112687526314	3.60989262076532e-05	0.000434791511212179
Zo_SA_chr01A_4008-Zo_SB_chr01B_3984	31.23305675564	-3.0904934979028	0.756693877064795	-4.08420576877241	4.42278269671887e-05	0.000521119178613397
Zo_SA_chr01A_2564-Zo_SB_chr01B_2569	357.165841182739	3.55863049595177	0.88012876468051	4.04330666006987	5.2702616999428e-05	0.000610649324758218
Zo_SA_chr02A_507-Zo_SB_chr02B_492	68.5849621316082	4.42409682518743	1.09483223101841	4.04089019289479	5.32486883910713e-05	0.000615514459648449
Zo_SA_chr02A_1122-Zo_SB_chr02B_1098	430.352440443866	-3.1991667165534	0.795315906330721	-4.02251066662694	5.75810456306966e-05	0.000660894919027148
Zo_SA_chr02A_2817-Zo_SB_chr02B_2780	15.4921111149795	-7.41767164779124	1.85032483326784	-4.00884834620684	6.10155832984778e-05	0.000697035164707201
Zo_SA_chr02A_2041-Zo_SB_chr02B_1990	77.0784779778435	-4.10350829572047	1.02862067595432	-3.9893309474004	6.62599221873872e-05	0.000749920882668387
Zo_SA_chr01A_41-Zo_SB_chr01B_91	61.370381357717	-3.19549291948585	0.806820893700236	-3.96059763007712	7.47624182101279e-05	0.000839290672998051
Zo_SA_chr02A_943-Zo_SB_chr02B_914	12.0149592403779	-7.05308854099367	1.7829753080281	-3.95579709333951	7.62798853125885e-05	0.000853424955400933
Zo_SA_chr02A_869-Zo_SB_chr02B_837	11.9372510762628	-7.04398427794546	1.79908471306036	-3.91531550838603	9.02860621032179e-05	0.000980880647972154
Zo_SA_chr02A_2258-Zo_SB_chr02B_2230	27.4678504963689	-4.11541721102106	1.0519336939636	-3.91224012942726	9.14439172625837e-05	0.000991252063126407
Zo_SA_chr02A_2133-Zo_SB_chr02B_2092	11.6325956436887	7.01239062549159	1.79945492853772	3.89695263509045	9.74106608797825e-05	0.00105359025226514
Zo_SA_chr01A_3699-Zo_SB_chr01B_3690	82.9347306707995	3.81885765409131	0.985686091277536	3.87431423440472	0.000106925370364112	0.00114382008034241
Zo_SA_chr01A_154-Zo_SB_chr01B_216	41.4674530776546	5.99052673273271	1.54781861926822	3.87030279785942	0.000108700256204211	0.00115735131440409
Zo_SA_chr01A_2815-Zo_SB_chr01B_2806	22.526765428485	3.82833843494008	0.990615124047252	3.86460729500983	0.000111268071383579	0.00117736583993296
Zo_SA_chr01A_3494-Zo_SB_chr01B_3500	31.6479721091353	-3.30179002473373	0.855097503972745	-3.86130237709005	0.000112784217806533	0.00119082557242482
Zo_SA_chr02A_2775-Zo_SB_chr02B_2738	26.2735122663051	4.73604943268585	1.22932125606019	3.85257263659807	0.000116883287993659	0.00122614339533993
Zo_SA_chr02A_2274-Zo_SB_chr02B_2244	250.743822288775	3.1477982937776	0.817731963803447	3.84942552463831	0.000118395173979043	0.00123933832332569
Zo_SA_chr01A_2445-Zo_SB_chr01B_2456	22.1305016444465	3.64463268443323	0.948322056857293	3.84324360915048	0.000121418837746238	0.00126285946807282
Zo_SA_chr02A_415-Zo_SB_chr02B_404	14.804970214272	6.38443557589591	1.66174830141758	3.84199915862682	0.000122036254735834	0.00126520934533161
Zo_SA_chr02A_2248-Zo_SB_chr02B_2216	13.804769785178	6.28201015510503	1.63953327489803	3.83158442178963	0.000127320670792117	0.00131582676297446
Zo_SA_chr01A_72-Zo_SB_chr01B_124	17.3278360412346	-7.57876369191824	1.98998560809231	-3.80845150894513	0.000139839761658144	0.0014300594494097
Zo_SA_chr02A_2222-Zo_SB_chr02B_2191	613.941853888484	3.32296815577526	0.875956900909353	3.79352928474632	0.000148521105598959	0.00151249677058815
Zo_SA_chr01A_753-Zo_SB_chr01B_799	15.4011037657575	6.44082187445425	1.7036573502756	3.78058526464393	0.000156460123498566	0.00158015006713458
Zo_SA_chr01A_518-Zo_SB_chr01B_576	77.2652691566105	-3.69294666086319	0.977731643685583	-3.77705547806813	0.000158693392718374	0.0015960956075881
Zo_SA_chr02A_3130-Zo_SB_chr02B_3127	32.1534419997952	3.77984449144437	1.00175014559528	3.77324077072953	0.000161140640966155	0.00161737458154918
Zo_SA_chr02A_3158-Zo_SB_chr02B_3161	29.0566324937393	-3.45015713020558	0.920531261664798	-3.74800647613629	0.000178245653136942	0.00176724043902847
Zo_SA_chr02A_676-Zo_SB_chr02B_648	11.1607785569677	-6.9450018827501	1.86700840315924	-3.71985571730593	0.000199336619417567	0.0019484234015889
Zo_SA_chr02A_2935-Zo_SB_chr02B_2907	10.4583913586341	6.86039361685972	1.85277678438865	3.70276315779907	0.000213263959188864	0.00206409046214936
Zo_SA_chr01A_3120-Zo_SB_chr01B_3130	45.9187839916028	-3.02368001981775	0.821681256500326	-3.67986977419455	0.000233353090555186	0.00224959758049051
Zo_SA_chr02A_1205-Zo_SB_chr02B_1183	33.2098738719301	4.90198754150391	1.33267468743113	3.67830768283969	0.000234786626097687	0.00225895298245467
Zo_SA_chr02A_3505-Zo_SB_chr02B_3529	28.4739773232169	4.00031321415812	1.09397782937518	3.65666753634565	0.000255515433329121	0.0024296379800769
Zo_SA_chr01A_2359-Zo_SB_chr01B_2373	24.8013988143044	-4.19834598541991	1.14950263099138	-3.65231524681163	0.000259886565478718	0.00246639429261709
Zo_SA_chr01A_1477-Zo_SB_chr01B_1506	10.8140824225611	6.90900681611003	1.89795254164158	3.64024213700006	0.000272381772079329	0.00256501599266982
Zo_SA_chr01A_2236-Zo_SB_chr01B_2251	95.9808623328203	3.56140860918254	0.981220561198956	3.62956989489788	0.000283893855139084	0.00266827403731879
Zo_SA_chr02A_2104-Zo_SB_chr02B_2064	113.604242639404	3.00162143520082	0.828864074472154	3.62136751687825	0.000293049864414785	0.00272804816529642
Zo_SA_chr02A_456-Zo_SB_chr02B_437	52.0705768403037	3.58580234208375	0.991120970782608	3.61792601285828	0.000296973258582576	0.00275930581974439
Zo_SA_chr01A_1567-Zo_SB_chr01B_1584	42.9426561528296	-4.7384009247156	1.31060116360696	-3.61544080403136	0.000299836986626018	0.00278061752996524
Zo_SA_chr02A_1719-Zo_SB_chr02B_1694	110.54210891617	-3.47089977432499	0.962931865488025	-3.60451232192414	0.000312739612231043	0.00287916009111438
Zo_SA_chr02A_833-Zo_SB_chr02B_790	10.0801971384201	-6.79839569926371	1.89768341989035	-3.58247093693665	0.000340359493221378	0.0031033151550166
Zo_SA_chr02A_3109-Zo_SB_chr02B_3106	10.6451984481695	6.88686088474144	1.94969761001173	3.53227128626372	0.000412006450518566	0.00368395291064214
Zo_SA_chr01A_2955-Zo_SB_chr01B_2951	56.0257181485991	-3.63170752205034	1.03769730715229	-3.49977541332999	0.000465650297969906	0.00410007608934513
Zo_SA_chr01A_2021-Zo_SB_chr01B_2045	43.1656451655102	-3.23648248885576	0.925532311039354	-3.49688762915393	0.0004707200687321	0.00412980664617839
Zo_SA_chr01A_2487-Zo_SB_chr01B_2493	24.9463250848337	4.13158714038334	1.18332754068394	3.49149918203997	0.000480317936324494	0.00419890841109477
Zo_SA_chr01A_1641-Zo_SB_chr01B_1655	33.9278347306338	3.15929200268457	0.907264243208221	3.48221813692651	0.000497278425591316	0.00433165028577578
Zo_SA_chr01A_3974-Zo_SB_chr01B_3953	64.117008188501	-3.17080430970406	0.912481466036618	-3.47492461789554	0.000510996925305236	0.00444321390666478
Zo_SA_chr02A_3327-Zo_SB_chr02B_3326	37.5630549285094	-3.56898252997266	1.03899055313537	-3.43504810433794	0.000592448652068581	0.00505238553285059
Zo_SA_chr02A_1478-Zo_SB_chr02B_1467	9.3737192456556	-6.69531673153228	1.95724152964137	-3.42079228860379	0.000624390003929478	0.00525133523994482
Zo_SA_chr02A_2021-Zo_SB_chr02B_1967	50.2560799703667	3.80670521216504	1.11565501211084	3.41208094871791	0.000644689655017883	0.00539416147028685
Zo_SA_chr01A_3757-Zo_SB_chr01B_3739	14.9476466111361	4.49735488813783	1.3190948204673	3.40942502264137	0.000650999697982689	0.00543763103897184
Zo_SA_chr02A_485-Zo_SB_chr02B_469	36.5606187985046	-3.6082230369831	1.0670747187145	-3.38141554073167	0.000721133979561205	0.00592203965033595
Zo_SA_chr02A_273-Zo_SB_chr02B_272	74.1171136757249	3.53789632907008	1.04681176225592	3.37968721467724	0.000725683649807946	0.00594105341817193
Zo_SA_chr02A_2904-Zo_SB_chr02B_2874	25.5045649873195	4.52852382097503	1.34126414844005	3.37631019679599	0.000734650408686684	0.0060027214297716
Zo_SA_chr02A_1980-Zo_SB_chr02B_1939	8.67737362336177	-6.58347578563527	1.96191177959914	-3.35564313038602	0.000791806715719103	0.00640337537778496
Zo_SA_chr02A_1315-Zo_SB_chr02B_1299	18.2319983265517	-3.67849583098702	1.1007966779005	-3.34166690800963	0.000832769310030198	0.00669233722294449
Zo_SA_chr01A_3573-Zo_SB_chr01B_3571	12.7604637822504	7.14813988865517	2.14225945155693	3.33672930394127	0.00084770468336849	0.00680115698268338
Zo_SA_chr01A_2062-Zo_SB_chr01B_2090	23.0732922091623	-3.9864597322876	1.19669176029514	-3.33123354280004	0.000864620307236937	0.0069028115527034
Zo_SA_chr01A_4028-Zo_SB_chr01B_4003	69.0493480203265	3.39906027189953	1.02133872180084	3.32804406544603	0.000874580316316414	0.00697091958005142
Zo_SA_chr01A_3994-Zo_SB_chr01B_3969	18.1461024259599	-7.64823165500068	2.2990785469354	-3.32665087288798	0.000878964230911599	0.00699443314581856
Zo_SA_chr02A_2160-Zo_SB_chr02B_2137	10.1546224119042	-6.80716234736999	2.05743506245434	-3.30856728923908	0.000937746473031901	0.00738986639006399
Zo_SA_chr01A_181-Zo_SB_chr01B_247	56.7085034075947	-3.06553956218485	0.93885172455123	-3.26520097052618	0.00109386435472971	0.00846963543233573
Zo_SA_chr01A_1326-Zo_SB_chr01B_1353	47.6480375667917	-3.06601870272742	0.948568894111914	-3.2322572685645	0.00122816428273319	0.00939025920246475
Zo_SA_chr02A_2997-Zo_SB_chr02B_2988	16.7970019708374	5.57528802794936	1.73567828013796	3.21216673144415	0.00131737895757319	0.0100252333151982
Zo_SA_chr02A_3022-Zo_SB_chr02B_3014	31.5316842928768	-3.48011981160287	1.08819182877779	-3.19807566972049	0.00138347972530071	0.01047921444102
Zo_SA_chr01A_4099-Zo_SB_chr01B_4121	24.3604697808562	3.0612796914571	0.9648757186497	3.17271917231084	0.0015101852365674	0.0113508221632909
Zo_SA_chr01A_1693-Zo_SB_chr01B_1726	50.6963660779755	-3.34521551593574	1.05744064347691	-3.16350192946671	0.00155883318493833	0.0116446987383295
Zo_SA_chr01A_3883-Zo_SB_chr01B_3871	29.4936032664885	-3.88097663490579	1.22888165308236	-3.15813701439133	0.00158780911212119	0.0118249356472171
Zo_SA_chr02A_1683-Zo_SB_chr02B_1663	13.9159924391863	-5.38913877375921	1.70731937494527	-3.15649131196204	0.00159679644275012	0.0118737394020352
Zo_SA_chr01A_3888-Zo_SB_chr01B_3877	1568.28640720258	3.62614110849157	1.1503474372406	3.15221383653428	0.00162037561169356	0.012012450203406
Zo_SA_chr02A_2672-Zo_SB_chr02B_2618	9.3005226117796	-6.68464119933777	2.12218639835721	-3.14988410278775	0.00163335243742	0.0120760509486674
Zo_SA_chr02A_1444-Zo_SB_chr02B_1438	7.7581099300889	6.42921654298438	2.05850924864107	3.12323908538601	0.00178872380904069	0.0130229772246276
Zo_SA_chr01A_2983-Zo_SB_chr01B_2980	50.6045429242969	-4.28883807739385	1.38033185297272	-3.1071065035247	0.00188928319818185	0.0136128854368258
Zo_SA_chr01A_3857-Zo_SB_chr01B_3846	22.2471496153247	-3.06425652701716	0.986387464855278	-3.10654447283223	0.00189287833811785	0.0136186733530072
Zo_SA_chr02A_654-Zo_SB_chr02B_628	837.942769316401	5.55468830095579	1.79025184480329	3.10274128027285	0.00191737180192302	0.0137543230143831
Zo_SA_chr02A_3296-Zo_SB_chr02B_3292	23.6942324761914	-5.64031417654115	1.81944358331195	-3.10002147264937	0.00193506613658571	0.0138153205966392
Zo_SA_chr01A_1344-Zo_SB_chr01B_1368	7.41874732574372	-6.35723126122737	2.05600729676111	-3.09202757754902	0.00198794379923004	0.0141152690722622
Zo_SA_chr02A_1246-Zo_SB_chr02B_1235	24.1188189242276	-6.1977066867069	2.0453336548558	-3.03016902498671	0.00244416911449332	0.0169596827034117
Zo_SA_chr01A_3626-Zo_SB_chr01B_3620	9.29486951823385	-6.68361573995758	2.20634658755207	-3.02926828344454	0.0024514687887284	0.0169861715218994
Zo_SA_chr02A_2420-Zo_SB_chr02B_2385	6.93045820607203	6.26556955475365	2.08476125464758	3.00541346918538	0.00265220047900056	0.018170553281692
Zo_SA_chr01A_2061-Zo_SB_chr01B_2089	17.8217040380106	-4.39450756348906	1.46559577871811	-2.99844447377757	0.0027136159913418	0.018435959339506
Zo_SA_chr02A_2233-Zo_SB_chr02B_2203	8.39850061270834	6.54230892960882	2.19121698462341	2.98569652185003	0.00282933274974249	0.019115630406155
Zo_SA_chr02A_3014-Zo_SB_chr02B_3007	26.934955505115	4.5987196426672	1.54012937683346	2.9859307353271	0.00282716671075597	0.019115630406155
Zo_SA_chr02A_3719-Zo_SB_chr02B_3739	35.9689151206278	-3.12815637486856	1.05401516838418	-2.96784758768136	0.00299892993677766	0.0200120112607407
Zo_SA_chr01A_4224-Zo_SB_chr01B_4243	14.0207955242554	3.48901183072668	1.17682043668622	2.9647784164518	0.00302901016666629	0.0201851251270466
Zo_SA_chr02A_1921-Zo_SB_chr02B_1876	15.6424836468419	4.41202048198632	1.49203449412907	2.95704992032486	0.00310597827768276	0.0206697981426146
Zo_SA_chr01A_2554-Zo_SB_chr01B_2566	14.4498875460308	-4.41410401968472	1.49554891043766	-2.9514942566425	0.00316240427338016	0.0210166322146436
Zo_SA_chr01A_472-Zo_SB_chr01B_533	493.661463909978	5.14011584152719	1.752641948333	2.9327814767963	0.0033594024985153	0.0220257599297818
Zo_SA_chr02A_2399-Zo_SB_chr02B_2366	21.0206539198532	-3.47152533125879	1.19489362367144	-2.9053007418285	0.00366900377690858	0.0236113462054882
Zo_SA_chr01A_642-Zo_SB_chr01B_690	49.9148209315672	3.47832268487867	1.20691469427328	2.88199547273974	0.00395165411180766	0.0252636549900364
Zo_SA_chr01A_2735-Zo_SB_chr01B_2721	6.78416665949579	6.23675548316667	2.17596062648178	2.86620787493321	0.00415421363674156	0.0264201487875167
Zo_SA_chr01A_3560-Zo_SB_chr01B_3557	43.3702501739473	3.08914932871087	1.078319677137	2.86478063435951	0.00417298211525816	0.0264704899326779
Zo_SA_chr01A_456-Zo_SB_chr01B_512	7.61152308182546	-6.39230734529478	2.23624523537093	-2.85850015203475	0.00425648904775866	0.0269651345129438
Zo_SA_chr02A_1927-Zo_SB_chr02B_1884	28.6823316042727	-3.20249978616441	1.12585526302163	-2.84450398852281	0.00444806289488296	0.0279969687757923
Zo_SA_chr02A_1707-Zo_SB_chr02B_1687	88.6375621736479	3.62919793795979	1.27900548460377	2.83751553972742	0.00454661335376926	0.0283974134951171
Zo_SA_chr01A_4250-Zo_SB_chr01B_4271	7.39630910416376	-6.35112321209833	2.24497844161815	-2.82903527907401	0.00466885519620416	0.0289385967561422
Zo_SA_chr02A_3642-Zo_SB_chr02B_3662	11.3750898305543	-6.97471630788409	2.47848805857824	-2.81410123552706	0.00489138216604449	0.030088476930599
Zo_SA_chr01A_2361-Zo_SB_chr01B_2376	33.5156401722326	3.39853809210942	1.2136325578195	2.80030234045095	0.00510547636389338	0.0313264323309081
Zo_SA_chr01A_820-Zo_SB_chr01B_868	13.8066998807808	7.25891070451795	2.59320008915133	2.79920964636923	0.00512278652604439	0.0313931566256841
Zo_SA_chr01A_927-Zo_SB_chr01B_960	19.5724777066651	3.4198256360693	1.22585685311508	2.78974304983409	0.00527498870619105	0.0320411211581685
Zo_SA_chr02A_762-Zo_SB_chr02B_728	12.6493508569365	4.66016555698304	1.67857958844744	2.77625534651791	0.00549890027434848	0.0332387057475488
Zo_SA_chr01A_1143-Zo_SB_chr01B_1166	6.09140357117461	-6.07059764040217	2.22806052434815	-2.72461074286939	0.00643773366164485	0.0380184803892295
Zo_SA_chr01A_4201-Zo_SB_chr01B_4226	6.65865849921659	6.2104133496249	2.28114658477622	2.72249639329256	0.00647907406615557	0.0380782208369963
Zo_SA_chr02A_517-Zo_SB_chr02B_501	20.7402767678452	4.81897475173319	1.77098208488447	2.72107481654596	0.00650700326421067	0.0381963440707818
Zo_SA_chr01A_3438-Zo_SB_chr01B_3453	36.1598792981302	3.03331538573413	1.11715359332745	2.71521785710717	0.00662321849444399	0.0387386808344098
Zo_SA_chr01A_3136-Zo_SB_chr01B_3140	25.3587199392675	3.25833967964565	1.21975138187458	2.67131460399583	0.00755547966113621	0.0429052733259865
Zo_SA_chr01A_1412-Zo_SB_chr01B_1439	20.777823718588	-3.23848080698259	1.21279965888028	-2.67025207607044	0.00757943217531108	0.0429126737278322
Zo_SA_chr01A_2204-Zo_SB_chr01B_2221	10.6866966050766	-6.88443990285718	2.58415714751876	-2.66409490981128	0.00771957793363178	0.0434827957970621
Zo_SA_chr01A_3781-Zo_SB_chr01B_3765	9.36170013768804	6.70083766558799	2.54046365009063	2.63764359129836	0.00834842729340217	0.0463822646209747
Zo_SA_chr01A_3880-Zo_SB_chr01B_3865	10.6377860858236	5.0517682274686	1.92652634925318	2.62221600520903	0.00873600425486482	0.0479207931667089
