baseMean	log2FoldChange	lfcSE	stat	pvalue	padj
Zo_SA_chr01A_1690-Zo_SB_chr01B_1723	601.645757373456	2.9962650886404	0.218877560857321	13.6892291603778	1.17751794012434e-42	7.40511594595697e-40
Zo_SA_chr02A_1571-Zo_SB_chr02B_1559	445.247891399697	2.80196061867737	0.208491539889333	13.4392053517598	3.56241579759454e-41	1.79225138776982e-38
Zo_SA_chr01A_537-Zo_SB_chr01B_592	528.581023544824	2.34264437373549	0.174751462757624	13.4055780522117	5.60845870119399e-41	2.56510506597336e-38
Zo_SA_chr01A_1440-Zo_SB_chr01B_1464	300.975522569369	2.2765157488984	0.192488488024028	11.8267631081098	2.83879000990339e-32	9.52130169321596e-30
Zo_SA_chr02A_3755-Zo_SB_chr02B_3764	750.795442737254	-2.41657547936624	0.242514663682952	-9.96465715790909	2.17623395134515e-23	4.56193042050727e-21
Zo_SA_chr01A_324-Zo_SB_chr01B_384	655.409500370375	-1.80464172772752	0.191873781482437	-9.40535863620697	5.18530668633174e-21	6.52181948473375e-19
Zo_SA_chr02A_838-Zo_SB_chr02B_787	1221.50538085506	1.19076602065922	0.133863126420537	8.89539974524708	5.82093858269989e-19	6.10107125199232e-17
Zo_SA_chr01A_2363-Zo_SB_chr01B_2377	439.550221521558	-1.24356860020867	0.147873819419224	-8.40966037864443	4.11199617629315e-17	3.88455204312839e-15
Zo_SA_chr02A_2721-Zo_SB_chr02B_2686	378.20847125407	-1.68525009749772	0.203580180450242	-8.27806564357391	1.25192214103065e-16	1.08593453302159e-14
Zo_SA_chr02A_2237-Zo_SB_chr02B_2207	480.839559365955	-2.26711334985743	0.291971394479655	-7.76484749095995	8.17435234705695e-15	6.63309139645863e-13
Zo_SA_chr01A_90-Zo_SB_chr01B_156	898.493778078535	1.38626449902482	0.185630169315228	7.46788361039918	8.14948748759958e-14	5.85715307858764e-12
Zo_SA_chr02A_2576-Zo_SB_chr02B_2525	112.875069514963	2.84144108631971	0.38203841427085	7.43757952127098	1.02546854584294e-13	7.26638345652932e-12
Zo_SA_chr01A_2830-Zo_SB_chr01B_2825	1449.05984110633	1.32427762745529	0.178632686200043	7.41341159686914	1.23091104699399e-13	8.60099094087053e-12
Zo_SA_chr02A_1933-Zo_SB_chr02B_1891	1282.82548754616	-2.34114872262191	0.318886628926239	-7.34163339022732	2.11002713009157e-13	1.39678243309088e-11
Zo_SA_chr02A_1121-Zo_SB_chr02B_1096	542.320964664002	1.9762226259647	0.270190877811735	7.31417226950828	2.58972734886172e-13	1.67260673531334e-11
Zo_SA_chr02A_1493-Zo_SB_chr02B_1480	2815.48991991505	-1.94933218407266	0.269311712451339	-7.2382005458633	4.54676791966732e-13	2.85934867548079e-11
Zo_SA_chr02A_3151-Zo_SB_chr02B_3151	1221.04231745787	1.2042531094087	0.167436379306174	7.19230261905387	6.37076293978926e-13	3.956951648158e-11
Zo_SA_chr02A_35-Zo_SB_chr02B_39	350.490504250876	-1.21026511622856	0.168647471924749	-7.17630156216381	7.16224820132079e-13	4.39430130498108e-11
Zo_SA_chr02A_2750-Zo_SB_chr02B_2716	179.664310695119	-1.86465017891057	0.263172220505873	-7.08528497166728	1.38758467585213e-12	8.21286882848478e-11
Zo_SA_chr01A_2925-Zo_SB_chr01B_2924	1029.0288890678	1.95813644354035	0.277041529179901	7.06802496122814	1.5715428510823e-12	9.0878529698794e-11
Zo_SA_chr01A_2795-Zo_SB_chr01B_2788	1628.51627864781	-1.19658897340136	0.170453025501477	-7.02005124215872	2.21786890214772e-12	1.2261646644731e-10
Zo_SA_chr02A_2764-Zo_SB_chr02B_2728	2352.86441254202	-1.27461903256627	0.182541510230128	-6.98262565571726	2.89713639465291e-12	1.56725733349449e-10
Zo_SA_chr01A_3514-Zo_SB_chr01B_3523	904.711691168743	-2.35171240291829	0.341040360700839	-6.89570113662065	5.35997756879786e-12	2.80896324464813e-10
Zo_SA_chr02A_1761-Zo_SB_chr02B_1733	1666.25100121775	-2.14835026371948	0.316323179261298	-6.79163085277681	1.10872953999092e-11	5.46864540754343e-10
Zo_SA_chr02A_3555-Zo_SB_chr02B_3582	1214.16230916325	2.0402717495355	0.303629767807672	6.71960382628843	1.82219307250742e-11	8.9004401434804e-10
Zo_SA_chr01A_1007-Zo_SB_chr01B_1041	278.223436695473	1.21854097765618	0.183860776888407	6.62752000877148	3.41373376290886e-11	1.56131768738132e-09
Zo_SA_chr01A_2345-Zo_SB_chr01B_2362	491.525586632188	2.28366960034484	0.346241439921042	6.5955987269046	4.23543072447762e-11	1.91968035809432e-09
Zo_SA_chr02A_2013-Zo_SB_chr02B_1959	138.272054287023	-2.80131565516117	0.427914883564884	-6.54643192548925	5.89279913030848e-11	2.64702432362339e-09
Zo_SA_chr02A_1481-Zo_SB_chr02B_1471	1740.46361171902	1.11455530063704	0.175176127979007	6.36248393828303	1.98516803456119e-10	8.46388167955705e-09
Zo_SA_chr01A_2359-Zo_SB_chr01B_2373	115.1497150873	-1.70254852308287	0.269277481383863	-6.32265466214696	2.57107471072635e-10	1.06901461732762e-08
Zo_SA_chr01A_1736-Zo_SB_chr01B_1763	124.223392343889	1.46310916117919	0.231834247323909	6.31101391648575	2.77213262454602e-10	1.14316387164681e-08
Zo_SA_chr02A_3593-Zo_SB_chr02B_3614	603.569983356168	-2.75417986977288	0.438729016541474	-6.27763326776112	3.43765577138386e-10	1.38358769486657e-08
Zo_SA_chr02A_94-Zo_SB_chr02B_92	1086.61597538867	-1.04884279065569	0.167302293754156	-6.2691477033598	3.63029650494325e-10	1.43811194617083e-08
Zo_SA_chr02A_2304-Zo_SB_chr02B_2273	464.718584575512	2.71388856484248	0.435554039122647	6.23088829645378	4.63797734540032e-10	1.78119572707702e-08
Zo_SA_chr02A_1323-Zo_SB_chr02B_1306	71.1307719775841	-2.13033937844541	0.349109949420253	-6.10220184782228	1.04617139589161e-09	3.84181627206618e-08
Zo_SA_chr02A_909-Zo_SB_chr02B_874	2581.66536870261	-1.56645393648468	0.257854016781284	-6.07496426093442	1.2401533817227e-09	4.48864148449418e-08
Zo_SA_chr01A_1233-Zo_SB_chr01B_1261	2274.62961522616	2.0675674032204	0.342070140797973	6.04427910134813	1.50079518071716e-09	5.35496493204826e-08
Zo_SA_chr01A_3923-Zo_SB_chr01B_3912	180.117119383248	1.54230419100715	0.262784821992069	5.86907637707363	4.38229538278841e-09	1.43164467992263e-07
Zo_SA_chr01A_3563-Zo_SB_chr01B_3560	832.107543451731	1.90165736510194	0.324165425040338	5.86631768290927	4.45579706593461e-09	1.44626548636884e-07
Zo_SA_chr02A_908-Zo_SB_chr02B_873	352.89128915868	-1.06803300116798	0.182226897925915	-5.86100632411682	4.60070453190376e-09	1.48372721153896e-07
Zo_SA_chr01A_1588-Zo_SB_chr01B_1609	612.292583720884	1.15330445846662	0.197174150981616	5.84916660081954	4.94042067185565e-09	1.57311749367758e-07
Zo_SA_chr01A_379-Zo_SB_chr01B_436	591.360000065013	-1.47453605393888	0.25544871949762	-5.77233683863747	7.81796337381769e-09	2.4130167934771e-07
Zo_SA_chr01A_4048-Zo_SB_chr01B_4024	1313.24567904169	1.96026386100875	0.34146665231828	5.74071830353026	9.427580194978e-09	2.84012909945714e-07
Zo_SA_chr01A_47-Zo_SB_chr01B_102	245.044394371704	-1.09463902790948	0.19104949095314	-5.72960975948358	1.00661939172855e-08	3.0144655713014e-07
Zo_SA_chr02A_235-Zo_SB_chr02B_221	899.436635333024	1.86447702459248	0.32577499147204	5.72320489110504	1.04533069721605e-08	3.11186907555856e-07
Zo_SA_chr01A_1230-Zo_SB_chr01B_1259	4440.86191014994	-1.16305843922279	0.203846491213001	-5.70556025910447	1.15961022776586e-08	3.43176415052354e-07
Zo_SA_chr01A_1243-Zo_SB_chr01B_1269	146.775972232405	-2.31026001040214	0.410370021097766	-5.62969976272159	1.80523583834027e-08	5.16030767198289e-07
Zo_SA_chr02A_591-Zo_SB_chr02B_575	2748.6772762656	-1.86579582036686	0.335547148779623	-5.56045797782135	2.69067635142205e-08	7.4788910077372e-07
Zo_SA_chr02A_69-Zo_SB_chr02B_67	433.199702778646	-1.37453749443095	0.24743721528426	-5.55509603861268	2.77459167700467e-08	7.62785285628988e-07
Zo_SA_chr01A_2188-Zo_SB_chr01B_2207	1552.94774229352	1.47315147263706	0.267061462878714	5.51615143854019	3.46503706785181e-08	9.27266036615024e-07
Zo_SA_chr01A_3893-Zo_SB_chr01B_3881	269.102137422781	1.65201720358567	0.300301593633031	5.50119359541073	3.77228723101574e-08	1.00414693435133e-06
Zo_SA_chr02A_1421-Zo_SB_chr02B_1411	141.1817452198	1.81067518797721	0.329201653102807	5.50020077636654	3.79359025352589e-08	1.00450276660467e-06
Zo_SA_chr01A_736-Zo_SB_chr01B_781	40.9772413248862	2.1500731087752	0.391508335573568	5.49176840800923	3.97928984629457e-08	1.03729571071026e-06
Zo_SA_chr01A_3689-Zo_SB_chr01B_3680	2577.97454977654	-2.27023039003158	0.416080904683148	-5.45622345192793	4.86367810357101e-08	1.25482895072132e-06
Zo_SA_chr01A_1867-Zo_SB_chr01B_1902	436.781700180132	-2.16388453586998	0.39935814822673	-5.41840587322	6.01327831805864e-08	1.52024136774638e-06
Zo_SA_chr01A_3630-Zo_SB_chr01B_3623	523.599950041169	2.33415575492944	0.43299788580119	5.39068626307604	7.018912186331e-08	1.74812609947679e-06
Zo_SA_chr01A_854-Zo_SB_chr01B_900	799.23872698547	1.67567691405872	0.315675332093633	5.30822887852922	1.10695587040063e-07	2.69038405023457e-06
Zo_SA_chr02A_3072-Zo_SB_chr02B_3072	179.957979388516	2.38356192345173	0.4521350640627	5.27179180051646	1.3509828237095e-07	3.22122966165047e-06
Zo_SA_chr02A_1604-Zo_SB_chr02B_1586	56.5725749498139	2.26760943769068	0.430975986105647	5.26156795458857	1.4283207991155e-07	3.38956695299533e-06
Zo_SA_chr01A_1857-Zo_SB_chr01B_1885	671.461408157802	1.92355173826335	0.366245267784058	5.25208625875677	1.50385999231975e-07	3.55207493960596e-06
Zo_SA_chr02A_1377-Zo_SB_chr02B_1359	383.447115128069	2.36292696352586	0.450561166418068	5.24440883867329	1.56784199822073e-07	3.68589396871425e-06
Zo_SA_chr01A_4030-Zo_SB_chr01B_4005	509.368818394822	1.11199770693674	0.213106139699961	5.21804631486617	1.80820255419039e-07	4.21160511580179e-06
Zo_SA_chr02A_1746-Zo_SB_chr02B_1717	426.955506789508	1.17443833346464	0.225129031918249	5.2167342588277	1.82105225950479e-07	4.22198798044636e-06
Zo_SA_chr01A_1069-Zo_SB_chr01B_1095	628.35376649874	1.17872640885635	0.226204440918932	5.21088977770683	1.87937088394332e-07	4.31740407174377e-06
Zo_SA_chr01A_2072-Zo_SB_chr01B_2096	74.8261654650967	1.80558034274285	0.348684653016115	5.1782615814164	2.23963057858234e-07	5.09845314065509e-06
Zo_SA_chr01A_2022-Zo_SB_chr01B_2048	667.00466595726	1.73165909434614	0.338557972945318	5.1148081945358	3.1405992034925e-07	7.04274995255086e-06
Zo_SA_chr02A_3421-Zo_SB_chr02B_3455	1623.10285245802	-1.1902974153339	0.234890007918837	-5.0674672195728	4.03143901216845e-07	8.93487650670461e-06
Zo_SA_chr01A_3975-Zo_SB_chr01B_3954	6363.09845721067	-1.96996855892499	0.393211845696897	-5.00994204646498	5.44464287266768e-07	1.17059821762355e-05
Zo_SA_chr02A_2865-Zo_SB_chr02B_2826	2594.54868026271	-1.16964746894137	0.234385149105398	-4.99027977414817	6.02919035573554e-07	1.29075985871087e-05
Zo_SA_chr01A_2237-Zo_SB_chr01B_2252	329.057983088827	1.14863162041436	0.232767294930535	4.93467787541696	8.0283150186359e-07	1.71145986689649e-05
Zo_SA_chr02A_2488-Zo_SB_chr02B_2445	952.485410675251	2.42504944844699	0.492926401768379	4.9196988429654	8.66774730074856e-07	1.83997623080447e-05
Zo_SA_chr01A_67-Zo_SB_chr01B_119	343.941114847963	-1.46341499510637	0.298362272147372	-4.90482588356056	9.35102507378712e-07	1.97668097253038e-05
Zo_SA_chr02A_2501-Zo_SB_chr02B_2453	100.628717481417	-1.74768717790097	0.361481182752141	-4.83479434418946	1.33283355223926e-06	2.77086181872551e-05
Zo_SA_chr02A_2608-Zo_SB_chr02B_2553	165.197574797206	1.48975492112386	0.311206999383954	4.78702254150094	1.69273828087137e-06	3.43690148632144e-05
Zo_SA_chr01A_4159-Zo_SB_chr01B_4180	171.332829028026	-2.61348841373665	0.546474066625655	-4.7824564299534	1.73165929172346e-06	3.49878630387981e-05
Zo_SA_chr02A_1492-Zo_SB_chr02B_1479	2045.20287773278	-2.92014897403074	0.610952017575633	-4.7796699086426	1.75583232631096e-06	3.53343697346818e-05
Zo_SA_chr02A_1827-Zo_SB_chr02B_1802	931.959523765243	-2.92208400444382	0.612758820141618	-4.76873430196971	1.85386972783876e-06	3.71586398436527e-05
Zo_SA_chr01A_4080-Zo_SB_chr01B_4103	1088.33142130033	-2.08704708862265	0.437780722983669	-4.76733437324171	1.86679347629609e-06	3.72691983303397e-05
Zo_SA_chr01A_549-Zo_SB_chr01B_601	40.0181167233179	2.6383140837023	0.553778441867177	4.76420511207819	1.89599568570039e-06	3.77025861452912e-05
Zo_SA_chr02A_203-Zo_SB_chr02B_192	96.6051966929505	-2.35155828651482	0.493920571841689	-4.76100494811652	1.92631324827628e-06	3.81546533546376e-05
Zo_SA_chr01A_4013-Zo_SB_chr01B_3989	39.6031942176357	2.76093515243132	0.582118164259871	4.74291187244034	2.10667931470102e-06	4.14011860635189e-05
Zo_SA_chr01A_3974-Zo_SB_chr01B_3953	240.222372072156	-2.14388617586781	0.454654870870997	-4.71541451158478	2.41219159093927e-06	4.72207622335232e-05
Zo_SA_chr01A_2053-Zo_SB_chr01B_2082	575.706137127337	-2.85842258624413	0.614059535062428	-4.6549600210239	3.24043577012859e-06	6.24621929483408e-05
Zo_SA_chr02A_3086-Zo_SB_chr02B_3084	119.168939789667	-1.5216362951613	0.330377361445429	-4.60575230852386	4.10977342699702e-06	7.80236607970642e-05
Zo_SA_chr02A_982-Zo_SB_chr02B_955	283.647105110263	2.08662443272256	0.454830450273734	4.58769730889116	4.48161792594595e-06	8.47632322760679e-05
Zo_SA_chr01A_4017-Zo_SB_chr01B_3992	90.9337311325783	1.59141511728345	0.348059932828534	4.57224451073901	4.82527396754083e-06	9.09211735232132e-05
Zo_SA_chr01A_3848-Zo_SB_chr01B_3837	479.051950254111	1.69956135134229	0.372230492918943	4.56588426706993	4.97393142284301e-06	9.26809221789747e-05
Zo_SA_chr02A_3074-Zo_SB_chr02B_3073	1014.95302146534	-1.80021746987398	0.394258915073667	-4.56607929724966	4.96930851710643e-06	9.26809221789747e-05
Zo_SA_chr01A_2974-Zo_SB_chr01B_2971	372.058056141303	1.48291160925892	0.324950208240898	4.56350410509532	5.03068257300777e-06	9.33345351000112e-05
Zo_SA_chr02A_2778-Zo_SB_chr02B_2741	50.8024935769426	2.5187243813424	0.552559955740171	4.55828250885189	5.1573634280112e-06	9.50428403162064e-05
Zo_SA_chr02A_2248-Zo_SB_chr02B_2216	61.5720590960159	2.41500469673191	0.536407914883003	4.50217946030615	6.72601498729896e-06	0.000122603555801091
Zo_SA_chr01A_4193-Zo_SB_chr01B_4216	1541.23255224965	1.34879054278618	0.300691965806041	4.48562215212695	7.27014804637875e-06	0.000131568758350113
Zo_SA_chr02A_3317-Zo_SB_chr02B_3314	170.654710264224	-1.5703861008122	0.353522453692839	-4.44211134090125	8.9080441567348e-06	0.000160058464830474
Zo_SA_chr01A_2510-Zo_SB_chr01B_2518	363.684214281384	-2.67519380317836	0.603258436325958	-4.43457338030972	9.22547935163564e-06	0.000165172194370388
Zo_SA_chr02A_1044-Zo_SB_chr02B_1025	1360.42370769008	2.10881846874221	0.475763762315243	4.43249073548585	9.31507062848758e-06	0.000166090737722523
Zo_SA_chr02A_1269-Zo_SB_chr02B_1264	2719.45925105463	-1.81649429595585	0.409872714097523	-4.43184977549797	9.34281033104234e-06	0.000166090737722523
Zo_SA_chr01A_2480-Zo_SB_chr01B_2490	949.631103559294	-2.30983777488341	0.523922451484034	-4.40873982082785	1.03973842735782e-05	0.000183541193966218
Zo_SA_chr02A_5-Zo_SB_chr02B_6	714.803170499149	1.89143175760659	0.429882143773741	4.39988444507734	1.08308537317683e-05	0.000189860714719603
Zo_SA_chr02A_3088-Zo_SB_chr02B_3086	312.842839603999	1.52242390786459	0.346076452602874	4.39909706775567	1.08702201262008e-05	0.00018988915782957
Zo_SA_chr01A_3361-Zo_SB_chr01B_3380	37.3501843680573	2.26171670283115	0.514533202690405	4.39566716201215	1.10433039905892e-05	0.000192245198535136
Zo_SA_chr01A_559-Zo_SB_chr01B_612	416.011257691159	1.00373228880543	0.22838634728787	4.39488743843465	1.10830167521725e-05	0.000192271232000621
Zo_SA_chr02A_1472-Zo_SB_chr02B_1462	1010.41027008075	1.32486789274487	0.301899808610428	4.38843568282774	1.14168887136039e-05	0.000197382704873337
Zo_SA_chr02A_3446-Zo_SB_chr02B_3478	872.539010183019	1.59058361477639	0.362655924075195	4.38593032454252	1.15491088688502e-05	0.000198984817531457
Zo_SA_chr02A_3372-Zo_SB_chr02B_3393	2799.42333068718	-1.52164861639448	0.347651392794488	-4.37693807052857	1.20358153539426e-05	0.000206662754422134
Zo_SA_chr02A_2704-Zo_SB_chr02B_2670	1032.93243913471	1.63462945000593	0.374417548728465	4.36579283091081	1.2666248705981e-05	0.000216747949795205
Zo_SA_chr02A_2797-Zo_SB_chr02B_2759	649.216581714725	1.12322302018805	0.258509279455392	4.34500077735844	1.39275169943966e-05	0.000234345612036151
Zo_SA_chr02A_1800-Zo_SB_chr02B_1776	455.423340261488	-2.16209138983297	0.498976523093699	-4.33305233766873	1.47056132314591e-05	0.000246613133891569
Zo_SA_chr02A_2871-Zo_SB_chr02B_2832	410.771853259645	-1.06477253547335	0.24656854783985	-4.31836316838323	1.57190626858904e-05	0.00026273290489274
Zo_SA_chr02A_3130-Zo_SB_chr02B_3127	111.769009388188	2.18694370132769	0.509898482932542	4.28897863894412	1.79496633327043e-05	0.000298035499098466
Zo_SA_chr02A_19-Zo_SB_chr02B_21	948.797855836354	-2.2717912803579	0.529812036899052	-4.28791934146026	1.80354555748881e-05	0.000298474924333099
Zo_SA_chr02A_1014-Zo_SB_chr02B_989	736.269699871789	1.00195551456209	0.23389877609243	4.28371422587584	1.83798959610218e-05	0.000303177890425904
Zo_SA_chr02A_2480-Zo_SB_chr02B_2439	114.126147971655	-1.23962264970394	0.291246352072823	-4.25626841634735	2.07867133257716e-05	0.000341758022032538
Zo_SA_chr01A_1837-Zo_SB_chr01B_1866	57.9998120019322	-2.73357649861456	0.643720751751673	-4.24652536239672	2.17111213867634e-05	0.000353490782190313
Zo_SA_chr02A_3102-Zo_SB_chr02B_3100	235.215122459861	-1.57561670411428	0.374581543228858	-4.2063383329905	2.59541593103657e-05	0.000418510818879647
Zo_SA_chr02A_556-Zo_SB_chr02B_540	91.8309367424141	1.89919788503987	0.451812832544078	4.20350585074317	2.62812355618881e-05	0.000421085656407194
Zo_SA_chr01A_446-Zo_SB_chr01B_502	1220.85434743558	1.28807808788211	0.307659258496457	4.18670347896241	2.83035197392445e-05	0.000452047643835361
Zo_SA_chr02A_2236-Zo_SB_chr02B_2206	603.87338226064	-1.85352409727176	0.442946970226722	-4.18452822089073	2.85758947279461e-05	0.000453518379735952
Zo_SA_chr01A_239-Zo_SB_chr01B_299	51.6198085211917	2.1474316754336	0.516223556030309	4.15988703023758	3.18405043791158e-05	0.000499032951811002
Zo_SA_chr02A_230-Zo_SB_chr02B_215	894.610804839544	-2.08547514937156	0.501932215051778	-4.15489400128746	3.25438376856744e-05	0.000508472196883937
Zo_SA_chr01A_4134-Zo_SB_chr01B_4156	362.820350837792	1.11859007560145	0.269751152180077	4.14674809194037	3.3723073952187e-05	0.000523644398313126
Zo_SA_chr01A_1364-Zo_SB_chr01B_1386	113.740050230967	-1.68227876351115	0.406037714504239	-4.14315888258106	3.42554446935184e-05	0.000528408715615431
Zo_SA_chr02A_3311-Zo_SB_chr02B_3308	136.831376154097	2.45353733220115	0.592130243350716	4.14357712640583	3.41930001156553e-05	0.000528408715615431
Zo_SA_chr01A_3187-Zo_SB_chr01B_3192	32.4021853695162	-2.80986699346074	0.681658381679123	-4.12210436925784	3.75427025924847e-05	0.000575845538849971
Zo_SA_chr01A_2062-Zo_SB_chr01B_2090	72.0996090056038	-1.23382833002854	0.29953118254521	-4.11919827359648	3.80192902442123e-05	0.000581383128324109
Zo_SA_chr02A_1123-Zo_SB_chr02B_1099	978.53646545708	-1.13269403047443	0.27655145029247	-4.09578047512149	4.20748487876926e-05	0.00063187631119666
Zo_SA_chr01A_1896-Zo_SB_chr01B_1928	27.3681427522878	-2.36835632577589	0.579334631857214	-4.08806274567685	4.34990512387767e-05	0.000651320615423469
Zo_SA_chr02A_1222-Zo_SB_chr02B_1202	1481.86810435831	1.21199535852898	0.297125687736539	4.07906622871213	4.52169550400605e-05	0.000675034127022386
Zo_SA_chr02A_2298-Zo_SB_chr02B_2267	440.711793225883	-1.43154620775348	0.353220823065112	-4.05283639659485	5.06003891345892e-05	0.000753167330580231
Zo_SA_chr02A_3621-Zo_SB_chr02B_3639	432.778260746358	2.72651905183315	0.674366831424155	4.04308000450612	5.27536100481011e-05	0.00078290092080235
Zo_SA_chr02A_2308-Zo_SB_chr02B_2278	745.141462868679	-2.03859789534044	0.506013805051628	-4.02873968059517	5.60766706171592e-05	0.000827336451246122
Zo_SA_chr02A_846-Zo_SB_chr02B_777	127.687961619794	-1.95956292889828	0.490943940552161	-3.9914189116875	6.5679146011655e-05	0.000952252978630076
Zo_SA_chr01A_136-Zo_SB_chr01B_206	202.038634485262	-1.9805871329592	0.498135548201512	-3.97600038806704	7.00840107192153e-05	0.00100945672679034
Zo_SA_chr01A_173-Zo_SB_chr01B_240	65.9846490934937	1.23668342839334	0.311074879022138	3.97551686680983	7.02265661650998e-05	0.00100945672679034
Zo_SA_chr01A_530-Zo_SB_chr01B_586	230.831052645704	-1.7371915701395	0.437402582434338	-3.97160794175302	7.13891403439667e-05	0.00102324434493019
Zo_SA_chr02A_2009-Zo_SB_chr02B_1956	118.606662920839	1.51709892440339	0.382714748288051	3.96404614974896	7.36899970175131e-05	0.0010532226562361
Zo_SA_chr02A_921-Zo_SB_chr02B_894	36.1299918211704	-2.90018453615411	0.734652176793805	-3.94769746522933	7.89064288780896e-05	0.00112458425973277
Zo_SA_chr02A_1788-Zo_SB_chr02B_1762	46.3268312569732	1.65818300849151	0.421990479392369	3.92943227268812	8.51466538458849e-05	0.00121009269914872
Zo_SA_chr02A_1119-Zo_SB_chr02B_1095	331.381424643778	-1.96499189295514	0.500999387203284	-3.92214430425607	8.77644002757849e-05	0.00124370926735416
Zo_SA_chr02A_1411-Zo_SB_chr02B_1395	220.710104729026	1.13955758801266	0.290593692637163	3.92148080597029	8.80064597849493e-05	0.00124370926735416
Zo_SA_chr01A_2252-Zo_SB_chr01B_2266	613.712999356627	-1.13705903634098	0.291753712322225	-3.89732499816545	9.72610574612218e-05	0.00135545811658562
Zo_SA_chr02A_2011-Zo_SB_chr02B_1958	156.455482718954	1.55104141557268	0.398619893190001	3.89102862669571	9.98201540750367e-05	0.00138345783788295
Zo_SA_chr01A_449-Zo_SB_chr01B_505	250.981085726403	1.21362452112777	0.312020515176388	3.88956642944358	0.000100423477436578	0.00138799592028414
Zo_SA_chr02A_1378-Zo_SB_chr02B_1360	557.424355178498	1.51147396304976	0.393893699778907	3.83726361680359	0.000124412896149052	0.00168258408743517
Zo_SA_chr01A_1880-Zo_SB_chr01B_1917	710.572535614355	1.86717433687462	0.488194435915421	3.82465304704558	0.000130956375308917	0.0017663311640192
Zo_SA_chr01A_4016-Zo_SB_chr01B_3991	102.193121805494	-1.00022000218058	0.261747658566741	-3.82131403832802	0.000132742489896372	0.0017856349376167
Zo_SA_chr01A_38-Zo_SB_chr01B_88	294.531443234426	2.81312755531258	0.736518348488539	3.8194941933023	0.00013372560737577	0.00178929130507314
Zo_SA_chr01A_4231-Zo_SB_chr01B_4248	1292.61717292269	-1.29223485984894	0.338291050689132	-3.8198907633428	0.000133510789329521	0.00178929130507314
Zo_SA_chr02A_3125-Zo_SB_chr02B_3117	519.582959987011	-1.74784736285232	0.458148479388254	-3.81502382194119	0.000136169796802178	0.0018171624607739
Zo_SA_chr01A_4069-Zo_SB_chr01B_4067	143.846101281617	2.16562785059132	0.570215990262879	3.79790796395052	0.000145922482241621	0.00194215875173967
Zo_SA_chr02A_1408-Zo_SB_chr02B_1392	364.006651859324	1.76727904605749	0.467513988131098	3.78016292757836	0.000156725766577871	0.00206952055552039
Zo_SA_chr02A_2897-Zo_SB_chr02B_2868	81.0369400032762	2.43730199824803	0.64719592426317	3.76594151303238	0.000165922633083369	0.00218522713885453
Zo_SA_chr01A_276-Zo_SB_chr01B_330	729.250965567118	-1.28430560225599	0.344181005064046	-3.73148309569553	0.000190355785487131	0.00247434043886283
Zo_SA_chr02A_2449-Zo_SB_chr02B_2416	677.471953547398	-1.30061563385072	0.348609950518696	-3.73086204772853	0.000190825698723669	0.00247434043886283
Zo_SA_chr01A_1717-Zo_SB_chr01B_1745	484.854562678004	-1.45814449404004	0.393069417211726	-3.7096360851056	0.000207557371219483	0.00267749008873133
Zo_SA_chr01A_4185-Zo_SB_chr01B_4210	295.960094297272	-1.03573652412327	0.280238132131464	-3.6959157422495	0.000219095631551927	0.00281910517221929
Zo_SA_chr02A_3056-Zo_SB_chr02B_3055	146.975238057748	-2.97247177541884	0.806121647248679	-3.68737371780548	0.000226580473835675	0.00290797541802877
Zo_SA_chr02A_458-Zo_SB_chr02B_439	847.469174773186	1.85287343850147	0.502693085288893	3.68589402306308	0.000227901179567539	0.00291748303919667
Zo_SA_chr02A_1613-Zo_SB_chr02B_1595	1158.28529851009	-1.00880632913076	0.275448044160374	-3.66241964870661	0.000249844132513941	0.00318219197639909
Zo_SA_chr02A_2409-Zo_SB_chr02B_2375	1142.4026892102	1.70144660827243	0.464979612984283	3.65918539385498	0.000253018252243909	0.00320836980095668
Zo_SA_chr01A_3386-Zo_SB_chr01B_3402	86.9700416399499	1.15281083647641	0.315615981884722	3.65257433920907	0.000259624400964697	0.00328183507852611
Zo_SA_chr01A_150-Zo_SB_chr01B_214	554.21220201462	-1.88870454113277	0.517866996345938	-3.64708420204307	0.000265233027067506	0.00334432922099404
Zo_SA_chr01A_3511-Zo_SB_chr01B_3520	1053.13045461224	1.47029147510636	0.404697114033378	3.6330663701869	0.000280072940436456	0.00351383282627384
Zo_SA_chr02A_2226-Zo_SB_chr02B_2195	2222.08370378934	-1.18634164547782	0.326638376312812	-3.63197263857845	0.000281262949475282	0.0035181366019043
Zo_SA_chr02A_71-Zo_SB_chr02B_69	85.5749112423944	-1.16889489855392	0.322172175231366	-3.62816837833522	0.00028543908739466	0.00355456447693697
Zo_SA_chr02A_2046-Zo_SB_chr02B_1995	1050.34065672964	-1.56986796879037	0.433290336324413	-3.62313173681072	0.000291057488314469	0.00360667542785737
Zo_SA_chr02A_2253-Zo_SB_chr02B_2225	1604.7837793886	1.38245404319313	0.382930750582867	3.61019333414426	0.000305968859328496	0.003782135949095
Zo_SA_chr02A_581-Zo_SB_chr02B_567	111.090458367826	1.09599465217934	0.30649875772935	3.57585348893045	0.000349087126232914	0.00429402770679166
Zo_SA_chr02A_952-Zo_SB_chr02B_931	250.075588137323	1.69657476116006	0.474966389517334	3.57198908934196	0.000354280174635299	0.00434042932656599
Zo_SA_chr01A_1546-Zo_SB_chr01B_1570	602.543749956974	-1.36269901568443	0.38270599557133	-3.56069419202618	0.00036987565149665	0.00451661262786321
Zo_SA_chr02A_2505-Zo_SB_chr02B_2458	639.810037249087	1.08760057773044	0.305584949220065	3.55907769838235	0.000372159428406726	0.00453349657218944
Zo_SA_chr02A_2258-Zo_SB_chr02B_2230	114.063209976895	-2.12365192207075	0.597693726944399	-3.55307714693199	0.000380752785325137	0.00462697406514677
Zo_SA_chr02A_2908-Zo_SB_chr02B_2879	683.273416262071	-1.41914707115407	0.401417921431558	-3.53533560757085	0.000407257559448491	0.00490170521910372
Zo_SA_chr01A_4042-Zo_SB_chr01B_4020	1823.59268931246	1.59335584830173	0.451378130410287	3.52998016730102	0.000415590819039796	0.00499006541906734
Zo_SA_chr01A_3928-Zo_SB_chr01B_3917	486.361096725494	1.21066831789479	0.345161393814095	3.50754267305706	0.000452265810918859	0.00539182297330043
Zo_SA_chr02A_1414-Zo_SB_chr02B_1400	223.748825465801	1.84488402176368	0.528240634414233	3.49250682657058	0.000478509364714216	0.00566777588105799
Zo_SA_chr02A_3333-Zo_SB_chr02B_3333	173.983298268994	1.45954127610813	0.417925392541259	3.49234887890675	0.000478792436781882	0.00566777588105799
Zo_SA_chr02A_3336-Zo_SB_chr02B_3335	202.320386016418	-1.01714702207122	0.291331782091255	-3.49136992459206	0.000480550394995432	0.00567523248174182
Zo_SA_chr02A_152-Zo_SB_chr02B_146	183.832684114514	-1.00387703679464	0.288737694344672	-3.47677860029002	0.000507476684913665	0.00593747721348989
Zo_SA_chr02A_1016-Zo_SB_chr02B_991	1043.08815441353	1.22942863026033	0.355732100086118	3.45605198395844	0.000548149596036588	0.0063542410545163
Zo_SA_chr02A_170-Zo_SB_chr02B_162	299.292559138596	-1.82251014607868	0.527832504475433	-3.45281908678571	0.000554760926713024	0.00641609706274304
Zo_SA_chr02A_2498-Zo_SB_chr02B_2451	1276.83381976289	1.60807634627261	0.466930495956008	3.44393086380059	0.000573322285439095	0.00660042200925421
Zo_SA_chr01A_2130-Zo_SB_chr01B_2152	276.18152343612	2.19625964422596	0.638287576054815	3.44086227997856	0.000579863594211899	0.00666048799652983
Zo_SA_chr02A_3713-Zo_SB_chr02B_3727	185.426023832059	2.18130857047701	0.638690191612439	3.41528427886152	0.000637154759800287	0.00728528544671646
Zo_SA_chr01A_1426-Zo_SB_chr01B_1457	680.506928805102	-1.00032743461624	0.293534874568993	-3.40786571300957	0.000654731072092745	0.00746927896530295
Zo_SA_chr02A_3230-Zo_SB_chr02B_3233	181.847868687847	-2.43070963901906	0.714303239914731	-3.40291000123312	0.000666722383602502	0.00755468538717159
Zo_SA_chr02A_1024-Zo_SB_chr02B_1002	47.461606209618	-2.52522802948965	0.742874391723292	-3.39926649461118	0.000675668465968592	0.00763884955570334
Zo_SA_chr01A_1208-Zo_SB_chr01B_1243	365.69831960319	1.71850837196191	0.506673058039178	3.39175005399444	0.000694477611126914	0.00779892156602568
Zo_SA_chr01A_3406-Zo_SB_chr01B_3419	1105.92112847272	1.18305047778192	0.348768211059647	3.39208230643359	0.000693636005669336	0.00779892156602568
Zo_SA_chr01A_204-Zo_SB_chr01B_270	372.211467147263	-1.83741600658228	0.542480436719606	-3.38706408970835	0.000706448827003872	0.00791568830435742
Zo_SA_chr01A_3891-Zo_SB_chr01B_3879	2063.56497038205	1.00682540926674	0.29762129713898	3.38290780580995	0.000717227052077607	0.00801859844222765
Zo_SA_chr01A_2439-Zo_SB_chr01B_2450	883.334979617203	1.1398709054385	0.338798055290259	3.36445527841632	0.000766949126193809	0.00849894505260143
Zo_SA_chr02A_3467-Zo_SB_chr02B_3497	177.618621908275	-1.16592557257448	0.347146615699229	-3.35859697271151	0.000783392295339058	0.00864308473212895
Zo_SA_chr01A_3644-Zo_SB_chr01B_3636	1053.6849623782	1.61605701052872	0.483326419685982	3.34361405606314	0.000826946933000321	0.00908377733607994
Zo_SA_chr01A_1039-Zo_SB_chr01B_1076	547.033614872467	1.29444446810015	0.388707908290699	3.33012125683865	0.000868081716467092	0.0095148564608844
Zo_SA_chr01A_1219-Zo_SB_chr01B_1250	260.752507170428	-1.63443204552472	0.491994206256693	-3.32205547288898	0.000893569269301936	0.00973062119882693
Zo_SA_chr02A_3729-Zo_SB_chr02B_3748	762.263448659637	-1.15358198628588	0.348444385806622	-3.31066314532641	0.000930751782202545	0.0101136332964601
Zo_SA_chr02A_2190-Zo_SB_chr02B_2160	231.799843184154	1.94993449362464	0.589200233528358	3.30945981122187	0.000934761846023532	0.0101353164813457
Zo_SA_chr01A_1813-Zo_SB_chr01B_1841	205.901290315565	-2.54391218530794	0.770536364667365	-3.30148232057306	0.000961753957892053	0.0103832278157831
Zo_SA_chr01A_4165-Zo_SB_chr01B_4184	997.058606031818	-1.00098652040823	0.303520353869862	-3.29792222381703	0.00097403110197017	0.010493255833002
Zo_SA_chr01A_3303-Zo_SB_chr01B_3311	123.903932083215	-2.59664723908235	0.790256216763286	-3.28582956261659	0.00101682515593514	0.0109308704263028
Zo_SA_chr01A_1568-Zo_SB_chr01B_1585	67.62181393833	-2.19997779895301	0.670681432794678	-3.2802127677605	0.00103728827069103	0.0111270731126792
Zo_SA_chr02A_182-Zo_SB_chr02B_170	30.0596267083431	-2.87448967641967	0.881188149263976	-3.26206120545383	0.00110605259934136	0.0117893021764542
Zo_SA_chr01A_3785-Zo_SB_chr01B_3768	249.315130145533	1.41132932343935	0.432858958448302	3.26048311093903	0.00111222590833138	0.0118050813181755
Zo_SA_chr02A_1510-Zo_SB_chr02B_1496	113.671256630269	1.95811066977556	0.60154218035945	3.25515106622364	0.00113332065447622	0.0120036551845681
Zo_SA_chr02A_1624-Zo_SB_chr02B_1606	40.7820418059073	1.44093675049185	0.445238229303986	3.23632755602406	0.00121078358301908	0.0127703400548616
Zo_SA_chr01A_553-Zo_SB_chr01B_605	90.132003085678	-1.6119999914928	0.499549694609917	-3.2269061694684	0.00125136488216318	0.0131158681711728
Zo_SA_chr01A_1291-Zo_SB_chr01B_1319	663.897176150754	1.59768201004131	0.495362592075908	3.2252778784646	0.0012585045131532	0.013148594952736
Zo_SA_chr02A_209-Zo_SB_chr02B_195	170.72691328024	1.53047872534686	0.476101993937307	3.21460263732563	0.00130625207115135	0.0135500085978608
Zo_SA_chr01A_1972-Zo_SB_chr01B_2005	133.660118858958	-2.02487837047386	0.630334145344531	-3.21238883444446	0.00131636080922899	0.0136267720807223
Zo_SA_chr01A_1228-Zo_SB_chr01B_1256	205.972559906347	1.0979527090343	0.341914210627639	3.2111935535491	0.00132184870205039	0.0136554842300114
Zo_SA_chr01A_3070-Zo_SB_chr01B_3077	308.69925303834	1.5891419721726	0.495268749256193	3.20864575961883	0.00133361691644008	0.0137488252184632
Zo_SA_chr01A_869-Zo_SB_chr01B_915	250.387978626189	1.00331446688931	0.313344025683727	3.20195818222494	0.00136496811603127	0.0140432609238309
Zo_SA_chr02A_1738-Zo_SB_chr02B_1706	134.959596190499	1.27920026145291	0.399626455119548	3.20098993714077	0.0013695631501116	0.0140617800167581
Zo_SA_chr01A_1746-Zo_SB_chr01B_1771	28.2195403495809	-1.82132436575608	0.573982864838242	-3.17313368974762	0.00150803066329905	0.0153581017551772
Zo_SA_chr01A_1030-Zo_SB_chr01B_1061	173.003405411793	1.64638242274511	0.521090361326996	3.15949506061188	0.00158042779347362	0.0160305085261406
Zo_SA_chr02A_2682-Zo_SB_chr02B_2642	46.5661205282746	-2.00009941422267	0.635003059908814	-3.14974767918423	0.00163411528529693	0.0165085020086925
Zo_SA_chr01A_1121-Zo_SB_chr01B_1148	42.0212182648932	-1.27412484808077	0.406932695143972	-3.13104565763631	0.0017418507775871	0.0175265025240814
Zo_SA_chr01A_3773-Zo_SB_chr01B_3758	56.9980552828016	-1.11871123070823	0.35813157896632	-3.12374360824918	0.00178565980429532	0.017895726046633
Zo_SA_chr01A_3721-Zo_SB_chr01B_3712	1377.59168264405	2.7745891945199	0.88965582407449	3.11872200399104	0.00181637247980724	0.0180996132393611
Zo_SA_chr01A_1933-Zo_SB_chr01B_1965	106.763412400771	1.98781346194494	0.637626048714486	3.11752235648552	0.00182378113733229	0.0181332863674284
Zo_SA_chr02A_80-Zo_SB_chr02B_78	356.923708276431	2.30616374790562	0.741578013217364	3.10980599047192	0.00187210264402058	0.018504024365555
Zo_SA_chr02A_2302-Zo_SB_chr02B_2271	592.848816801678	-1.32332250137008	0.426240015821338	-3.10464163910119	0.00190509688860167	0.0187564431439433
Zo_SA_chr01A_3542-Zo_SB_chr01B_3542	329.715858796065	-1.15392851267928	0.372599537934231	-3.09696710596287	0.00195511567448989	0.0192113026530442
Zo_SA_chr02A_3046-Zo_SB_chr02B_3047	964.260813114616	-1.83699442981322	0.594350752962892	-3.09075814349631	0.00199646179236188	0.0195793358233384
Zo_SA_chr02A_1442-Zo_SB_chr02B_1436	83.5717075103127	1.34718592495255	0.436619607157629	3.0854911297334	0.00203216285526396	0.0198906835113482
Zo_SA_chr02A_2294-Zo_SB_chr02B_2264	170.479424161561	1.57560303357248	0.511122112798276	3.08263523357737	0.00205176481697484	0.0200435510566999
Zo_SA_chr02A_1644-Zo_SB_chr02B_1627	823.174422132871	-1.0585085238383	0.34367008956885	-3.08001352450034	0.00206991195419305	0.0201816415533823
Zo_SA_chr02A_181-Zo_SB_chr02B_171	443.616669016691	1.62172986882353	0.527191956765474	3.07616580262996	0.00209681211909615	0.0204043747991735
Zo_SA_chr02A_3628-Zo_SB_chr02B_3646	2172.33961219576	1.1963269296741	0.393534088244349	3.03995756761811	0.0023661148186182	0.0227608482838779
Zo_SA_chr02A_2992-Zo_SB_chr02B_2982	61.2217702494429	-1.85460510240579	0.610246245061255	-3.03910940446611	0.00237278668742383	0.0227814691305903
Zo_SA_chr01A_3168-Zo_SB_chr01B_3173	60.9498271545634	-2.37447586928978	0.782689094992249	-3.03374083589767	0.00241541831266776	0.0231026036711625
Zo_SA_chr02A_2420-Zo_SB_chr02B_2385	68.8342213382195	2.08911058611894	0.690341521606578	3.02619865781377	0.0024764953511589	0.0235238992099557
Zo_SA_chr02A_3425-Zo_SB_chr02B_3458	17.1806807991686	2.50255657864387	0.827019558572876	3.02599443108981	0.00247816867049822	0.0235238992099557
Zo_SA_chr01A_2794-Zo_SB_chr01B_2787	344.253628487658	-1.46644175479683	0.488572499793183	-3.00148239087871	0.00268668577820146	0.025359692589365
Zo_SA_chr01A_2435-Zo_SB_chr01B_2447	1517.88901787593	-1.73273602661959	0.577444031625332	-3.00069951670027	0.00269360226108633	0.0253773651227066
Zo_SA_chr01A_2353-Zo_SB_chr01B_2367	79.3087984798532	-2.12104486873159	0.709089748486912	-2.99122201845052	0.00277863392465298	0.0260807971547186
Zo_SA_chr01A_1658-Zo_SB_chr01B_1676	110.472408715071	1.97065126393313	0.659790877296403	2.98678161784865	0.00281931036681306	0.0263642201773913
Zo_SA_chr02A_1955-Zo_SB_chr02B_1914	284.094520870989	2.23317527103428	0.747566143618937	2.98726111407825	0.00281489188377119	0.0263642201773913
Zo_SA_chr01A_336-Zo_SB_chr01B_396	491.747119294393	-2.58492949216363	0.867546653549318	-2.97958557224344	0.00288638597361804	0.0268914959875414
Zo_SA_chr01A_1687-Zo_SB_chr01B_1718	338.775871360061	-2.09601639531715	0.705457029299004	-2.97114680025219	0.00296689924681169	0.0274888952315094
Zo_SA_chr01A_1460-Zo_SB_chr01B_1494	92.6645388733524	1.00787887351179	0.339537514592871	2.96838738046459	0.00299366782000692	0.0276859242692184
Zo_SA_chr02A_1591-Zo_SB_chr02B_1575	674.496676566815	1.12955471849666	0.382899255122287	2.95000500362926	0.0031776878313724	0.0291732618241506
Zo_SA_chr02A_3598-Zo_SB_chr02B_3618	920.500519739765	1.14953664217877	0.391710814562607	2.93465638282765	0.00333917242667254	0.0304888865310155
Zo_SA_chr02A_1157-Zo_SB_chr02B_1130	69.0162052179612	1.02985731146367	0.351253840082449	2.93194605707922	0.0033684524961039	0.0306449991101243
Zo_SA_chr01A_1316-Zo_SB_chr01B_1342	623.475905621638	-1.24598033594144	0.426785561426181	-2.91945287881288	0.0035064640156888	0.0315581761411992
Zo_SA_chr01A_3302-Zo_SB_chr01B_3310	46.1392085881054	1.07720540460766	0.369066797864725	2.91872747925294	0.00351463335220491	0.0315752149909695
Zo_SA_chr02A_1834-Zo_SB_chr02B_1808	30.8393233677314	2.65622498872208	0.91650984455711	2.89819580716633	0.00375316191072498	0.0333018652078613
Zo_SA_chr01A_2191-Zo_SB_chr01B_2209	367.964255649788	-1.12685718028575	0.389123388468071	-2.89588653286054	0.00378089080878013	0.0334888409488958
Zo_SA_chr02A_922-Zo_SB_chr02B_895	32.2785772681271	-2.11483024584925	0.733292139796049	-2.88402143030941	0.00392632032951051	0.0346103919443951
Zo_SA_chr02A_993-Zo_SB_chr02B_970	93.5243705758172	-1.59462938300711	0.553350240589705	-2.88177227736941	0.00395445413812423	0.0347812216239563
Zo_SA_chr02A_528-Zo_SB_chr02B_511	2763.83124399071	1.15987413031603	0.404873329977389	2.86478274669464	0.0041729542809076	0.0365751445770838
Zo_SA_chr01A_3445-Zo_SB_chr01B_3460	421.905849742281	1.26670639114326	0.443705704517656	2.85483458573127	0.00430592493125041	0.0376749710071666
Zo_SA_chr02A_2564-Zo_SB_chr02B_2511	781.142775578141	1.76127564505648	0.617395898259483	2.85274918414868	0.0043342816104948	0.0377916304720959
Zo_SA_chr02A_202-Zo_SB_chr02B_191	73.8793525577347	-1.4605954735296	0.512850007256121	-2.84799737323621	0.00439952876952582	0.0382280297745845
Zo_SA_chr02A_566-Zo_SB_chr02B_551	76.8584724583884	1.14498307883635	0.405897484248705	2.82086764089128	0.0047893959300568	0.0413301045010562
Zo_SA_chr02A_340-Zo_SB_chr02B_340	711.112433198713	-1.10686778553434	0.392888359398861	-2.81725777579132	0.00484356341527976	0.0415835623588268
Zo_SA_chr02A_2112-Zo_SB_chr02B_2072	113.93737850323	2.22875688696334	0.791071402816334	2.81739028743629	0.00484156526512297	0.0415835623588268
Zo_SA_chr02A_2863-Zo_SB_chr02B_2823	43.15377292768	-2.82073982701168	1.00103311774342	-2.81782867820631	0.00483496006137051	0.0415835623588268
Zo_SA_chr01A_1340-Zo_SB_chr01B_1365	117.149400275479	1.87103581032316	0.665939558629722	2.80961805929223	0.00496003237308412	0.0423741163014614
Zo_SA_chr02A_507-Zo_SB_chr02B_492	57.5129031935642	1.65963496920506	0.591382858416374	2.80636299410045	0.00501042142212166	0.0426521661162336
Zo_SA_chr01A_2129-Zo_SB_chr01B_2151	44.2524184484502	-2.37504197104209	0.84919563547178	-2.79681368089299	0.00516092857024734	0.0435648181827422
Zo_SA_chr02A_508-Zo_SB_chr02B_493	262.500354319352	1.64547658060595	0.589043050734897	2.79347422663425	0.00521451841727108	0.0438699701626937
Zo_SA_chr02A_171-Zo_SB_chr02B_189	32.1169774037661	-1.58581403098625	0.569098695749743	-2.78653604872011	0.0053274692246661	0.044745405124032
Zo_SA_chr02A_24-Zo_SB_chr02B_26	13.8186844643083	2.29383399626173	0.824699292884617	2.78141865289881	0.00541218925236922	0.0453056973854734
Zo_SA_chr02A_399-Zo_SB_chr02B_391	177.710845799738	1.08239676448049	0.391767949560709	2.76285174857765	0.00572987853713982	0.0477268525171365
Zo_SA_chr02A_831-Zo_SB_chr02B_792	248.804946588685	-2.3977573028547	0.86753899121681	-2.76386113722867	0.00571218428862072	0.0477268525171365
Zo_SA_chr02A_1172-Zo_SB_chr02B_1146	12.6146013525766	-2.05879178444183	0.745164795362794	-2.7628677538899	0.00572959758408061	0.0477268525171365
Zo_SA_chr02A_3712-Zo_SB_chr02B_3726	662.207399472087	1.2272500444095	0.446503381312557	2.74857950862955	0.00598541164090132	0.0496907689197599
