baseMean	log2FoldChange	lfcSE	stat	pvalue	padj
Zo_SA_chr01A_1148-Zo_SB_chr01B_1171	1303.35882662668	-8.04149311012224	0.3569579951113	-22.5278414274343	2.21489858311764e-112	1.11431547716648e-108
Zo_SA_chr02A_2439-Zo_SB_chr02B_2406	2756.92677119474	3.85561791891512	0.179396679465026	21.4921364788516	1.84426804636234e-102	4.63925627062447e-99
Zo_SA_chr01A_161-Zo_SB_chr01B_225	1182.93647884861	-8.99038083977719	0.488932597002777	-18.3877714328916	1.64608473492716e-75	2.76048410047284e-72
Zo_SA_chr02A_1524-Zo_SB_chr02B_1509	2820.34522059991	-5.09186638841959	0.282535116528929	-18.0220655434817	1.30768673511338e-72	1.64474299108885e-69
Zo_SA_chr02A_2883-Zo_SB_chr02B_2852	925.159100849611	-5.70176004363466	0.378694155608638	-15.0563719011474	3.13527248692484e-51	3.15471117634377e-48
Zo_SA_chr01A_369-Zo_SB_chr01B_423	407.816598527117	3.06616692819965	0.21018827974891	14.5877159842712	3.3626832467717e-48	2.81960990241807e-45
Zo_SA_chr02A_68-Zo_SB_chr02B_66	811.417715260378	-4.30822067114708	0.307376743363269	-14.0160918617563	1.24272181797903e-44	8.93161923750357e-42
Zo_SA_chr01A_3015-Zo_SB_chr01B_3013	911.44372936878	-4.49513738133145	0.328703757114704	-13.6753453042	1.42529079655263e-42	7.96737555272919e-40
Zo_SA_chr01A_2502-Zo_SB_chr01B_2510	1365.22941190512	3.69703166681167	0.282667231794759	13.0790953140831	4.33569637614275e-39	1.81774070569785e-36
Zo_SA_chr02A_920-Zo_SB_chr02B_893	592.489296052786	-4.07544886419452	0.344126522105531	-11.8428792970067	2.34269674100849e-32	9.06623638770286e-30
Zo_SA_chr02A_3303-Zo_SB_chr02B_3298	152.279542257938	6.52527134714134	0.551276888746679	11.8366495681988	2.52333176754784e-32	9.06777294466656e-30
Zo_SA_chr01A_2360-Zo_SB_chr01B_2374	2217.89754439922	14.5768107150123	1.26151694019358	11.5549861048838	6.96587493875872e-31	2.19033230105594e-28
Zo_SA_chr01A_2034-Zo_SB_chr01B_2061	1500.36433288642	14.0129350494714	1.23508576635886	11.3457181931444	7.78841418732062e-30	2.30491245743588e-27
Zo_SA_chr02A_2344-Zo_SB_chr02B_2309	205.330693901018	-5.86002718636213	0.517840747231467	-11.3162728458346	1.09008638146698e-29	3.0467914362002e-27
Zo_SA_chr02A_2746-Zo_SB_chr02B_2712	911.925536060544	-3.51993877218914	0.335703348595414	-10.4852655980841	1.00961589029861e-25	2.67335660215384e-23
Zo_SA_chr02A_2042-Zo_SB_chr02B_1991	2636.929641522	14.8264663947108	1.43058965247874	10.3638848282045	3.61955720508065e-25	9.10499614938038e-23
Zo_SA_chr02A_3709-Zo_SB_chr02B_3721	437.552340946521	-7.93848029417948	0.770224525729289	-10.3067093152648	6.57129319881277e-25	1.57429409920129e-22
Zo_SA_chr02A_2625-Zo_SB_chr02B_2572	487.689854598303	12.3916103934017	1.22249664465732	10.1363144410717	3.81211640426849e-24	8.71761710448853e-22
Zo_SA_chr01A_2712-Zo_SB_chr01B_2703	1168.79278289465	-13.6450277539616	1.3623289486504	-10.0159566949518	1.29700903163197e-23	2.83706627745237e-21
Zo_SA_chr01A_536-Zo_SB_chr01B_591	425.996927577264	-12.1890060878735	1.22451389506045	-9.95415906429684	2.41858937874447e-23	4.79413557407339e-21
Zo_SA_chr01A_2479-Zo_SB_chr01B_2489	369.094261338882	-8.53482077712486	0.857619125088951	-9.95176125093951	2.47758944396558e-23	4.79413557407339e-21
Zo_SA_chr02A_2167-Zo_SB_chr02B_2144	403.410831332763	12.11789907952	1.21858443540753	9.94424245659056	2.67199216424986e-23	4.97881206605224e-21
Zo_SA_chr02A_2809-Zo_SB_chr02B_2773	415.80805704147	12.1616464687706	1.22902467091171	9.89536398789204	4.36021373596588e-23	7.83436975201584e-21
Zo_SA_chr01A_2612-Zo_SB_chr01B_2606	531.659439190245	-12.508651251035	1.26528938849939	-9.88600028161937	4.78776069488917e-23	8.30593932965083e-21
Zo_SA_chr01A_2984-Zo_SB_chr01B_2981	432.645291860568	12.2188954063633	1.23747384682198	9.87406355111522	5.39343610698363e-23	9.04479235141154e-21
Zo_SA_chr02A_3402-Zo_SB_chr02B_3431	620.150319255491	12.7383049234524	1.29757199497202	9.81703132682597	9.51029668376585e-23	1.543429116646e-20
Zo_SA_chr02A_2999-Zo_SB_chr02B_2991	1218.28414235999	8.52325342103845	0.870210245644031	9.79447606334548	1.18912294561319e-22	1.86952423105624e-20
Zo_SA_chr01A_4034-Zo_SB_chr01B_4009	206.182030306177	4.66166980579077	0.482869007801625	9.65410852730872	4.72248721438336e-22	7.19964641683718e-20
Zo_SA_chr02A_2956-Zo_SB_chr02B_2937	2013.15882190084	9.28607945226266	0.96329103590078	9.63995210811775	5.42132631222532e-22	8.02196843435459e-20
Zo_SA_chr01A_1852-Zo_SB_chr01B_1879	388.266312875655	-12.0551797623952	1.25367758202047	-9.61585333843706	6.85386560258735e-22	9.85194224189056e-20
Zo_SA_chr02A_2788-Zo_SB_chr02B_2752	185.114401342859	-4.39606066947486	0.459552380055083	-9.56596214113382	1.11162635170477e-21	1.55349782650742e-19
Zo_SA_chr02A_1719-Zo_SB_chr02B_1694	707.401072533484	-3.00583441789057	0.315476418212503	-9.52792108811716	1.60464328797247e-21	2.18188118426743e-19
Zo_SA_chr01A_4061-Zo_SB_chr01B_4047	140.274262132685	5.62990889310229	0.591868180249627	9.51209928320156	1.86853065587893e-21	2.47383624466498e-19
Zo_SA_chr02A_1559-Zo_SB_chr02B_1549	435.011422768422	-6.42695047167792	0.682101251760967	-9.42228218330576	4.41388156817629e-21	5.69390722294742e-19
Zo_SA_chr01A_3062-Zo_SB_chr01B_3069	3082.66350075501	4.78469937079246	0.519139982911626	9.21658806543315	3.06704155075023e-20	3.76348440044498e-18
Zo_SA_chr01A_3970-Zo_SB_chr01B_3950	353.179246801159	-11.9184776360717	1.2948861017647	-9.204267170548	3.44010512254736e-20	4.1207544932228e-18
Zo_SA_chr01A_257-Zo_SB_chr01B_311	130.707873378993	-7.63413940675549	0.831790073370845	-9.17796406948931	4.39318559131683e-20	5.14002714184069e-18
Zo_SA_chr02A_655-Zo_SB_chr02B_629	302.130263338372	-5.72351885822679	0.629905864194524	-9.08630826218071	1.02458956584321e-19	1.17152502403572e-17
Zo_SA_chr01A_80-Zo_SB_chr01B_145	336.655372349652	-3.56873991034933	0.394857701697382	-9.03804052702614	1.59505239220223e-19	1.7832685744821e-17
Zo_SA_chr01A_128-Zo_SB_chr01B_193	270.280924751742	-5.53731737214451	0.616476130711509	-8.98220887441918	2.65384431866614e-19	2.9024979928716e-17
Zo_SA_chr02A_2490-Zo_SB_chr02B_2446	565.607668028584	3.16005267575843	0.354537843727728	8.91316041901927	4.95981423461823e-19	5.30911179029028e-17
Zo_SA_chr02A_690-Zo_SB_chr02B_664	58.704427270219	4.52578378182469	0.520407994758996	8.69660694571113	3.41955374095488e-18	3.51097446341714e-16
Zo_SA_chr01A_2846-Zo_SB_chr01B_2843	299.722146622693	4.67842394387886	0.538120300639854	8.69401124305469	3.49863045112701e-18	3.520321959924e-16
Zo_SA_chr02A_2687-Zo_SB_chr02B_2647	358.03779013297	-3.72710872799921	0.431983644241414	-8.62789315679811	6.24924144434845e-18	6.1646928836308e-16
Zo_SA_chr01A_36-Zo_SB_chr01B_87	436.6336354546	12.2321244770287	1.43037284638124	8.55170350022736	1.21285008391886e-17	1.1734324561915e-15
Zo_SA_chr02A_2148-Zo_SB_chr02B_2106	715.488931624629	-6.18664195151912	0.735801406827495	-8.40803224091899	4.16946552035247e-17	3.88455204312839e-15
Zo_SA_chr02A_172-Zo_SB_chr02B_166	142.206114138811	-10.6060260447754	1.26528930879917	-8.3822932597456	5.19063126034723e-17	4.74801197651034e-15
Zo_SA_chr01A_660-Zo_SB_chr01B_711	200.560822665395	4.32527747267348	0.518856141490449	8.33617861831381	7.67299833701153e-17	6.89336689884018e-15
Zo_SA_chr01A_4177-Zo_SB_chr01B_4201	135.041899490843	-10.5316230521941	1.26600104998419	-8.31881067738898	8.88503397338262e-17	7.84221156492771e-15
Zo_SA_chr02A_776-Zo_SB_chr02B_737	281.256945486823	-5.97296753165463	0.735058372265975	-8.12584109917921	4.44270741926619e-16	3.78834932649631e-14
Zo_SA_chr01A_3880-Zo_SB_chr01B_3865	46.188906893728	4.48932970040318	0.556064731771921	8.07339405629585	6.83705020902905e-16	5.73286660027086e-14
Zo_SA_chr01A_3555-Zo_SB_chr01B_3554	241.178178516394	-10.4055856220731	1.29085352538474	-8.06101189441433	7.56654659375284e-16	6.24054031363452e-14
Zo_SA_chr02A_3644-Zo_SB_chr02B_3670	219.727248539896	-8.06920839995755	1.04121184639432	-7.7498238498735	9.2020108370049e-15	7.34846293983677e-13
Zo_SA_chr01A_1111-Zo_SB_chr01B_1137	117.158668312607	7.48713980697406	0.968327288462079	7.73203429892523	1.05841416527448e-14	8.32012760233737e-13
Zo_SA_chr01A_653-Zo_SB_chr01B_704	405.555327780905	-5.06057282024976	0.666318767688529	-7.5948225768951	3.08214438797956e-14	2.38557975629618e-12
Zo_SA_chr01A_3508-Zo_SB_chr01B_3516	67.1378062357363	-9.52273767609492	1.25713407768215	-7.57495787056581	3.59244193592612e-14	2.73842051206732e-12
Zo_SA_chr01A_1966-Zo_SB_chr01B_2001	113.148907979861	-6.35898486304183	0.842974567599679	-7.54350736956237	4.57496970483116e-14	3.42095493856648e-12
Zo_SA_chr02A_2747-Zo_SB_chr02B_2713	240.111515978557	10.4066168866709	1.37979950504083	7.54212249580634	4.6238309644707e-14	3.42095493856648e-12
Zo_SA_chr01A_3199-Zo_SB_chr01B_3205	93.8663720096985	10.0143544092269	1.32991728581552	7.53005808409053	5.07177566674476e-14	3.69798599701346e-12
Zo_SA_chr01A_2679-Zo_SB_chr01B_2673	54.6759872168603	9.23515660339626	1.25032901138568	7.38618117255506	1.51105867927541e-13	1.02731570478846e-11
Zo_SA_chr01A_562-Zo_SB_chr01B_615	136.103931051028	-9.57897889413385	1.30169585483014	-7.3588456616725	1.85507358076818e-13	1.2443833579793e-11
Zo_SA_chr02A_187-Zo_SB_chr02B_179	112.676033948909	10.2779817870339	1.40524908127526	7.31399288851103	2.59318873691991e-13	1.67260673531334e-11
Zo_SA_chr02A_676-Zo_SB_chr02B_648	79.6186599346378	-9.76900340817424	1.33720892990475	-7.30551762683043	2.7620136808124e-13	1.75894820609711e-11
Zo_SA_chr02A_1980-Zo_SB_chr02B_1939	46.2871231333066	-8.98720347896646	1.25340494587491	-7.17023138335646	7.48711148783709e-13	4.53827203557932e-11
Zo_SA_chr01A_450-Zo_SB_chr01B_507	49.0856136518026	9.07978984426137	1.27243541783792	7.13575692485005	9.62559819341533e-13	5.76504577512768e-11
Zo_SA_chr01A_4234-Zo_SB_chr01B_4250	57.3117111972913	-3.50388285829748	0.495160231583672	-7.07626064211781	1.48096203750814e-12	8.6636279194226e-11
Zo_SA_chr01A_2640-Zo_SB_chr01B_2638	142.119595028575	3.41928858392414	0.485595655195464	7.04143158477764	1.90274637306687e-12	1.08780875032948e-10
Zo_SA_chr01A_2529-Zo_SB_chr01B_2544	167.561236812203	-6.60227860112465	0.938939237945774	-7.03163563125684	2.04126301996294e-12	1.15388699476781e-10
Zo_SA_chr01A_1424-Zo_SB_chr01B_1455	45.1590457159074	6.49946433468654	0.92488689191411	7.02730722157333	2.10557419969988e-12	1.17701597763223e-10
Zo_SA_chr02A_1825-Zo_SB_chr02B_1801	719.119399153329	-3.30746050738266	0.471686027187985	-7.01199593954583	2.34942024469233e-12	1.28477535337468e-10
Zo_SA_chr01A_3766-Zo_SB_chr01B_3751	139.471959199662	-10.5780047985132	1.52820890056064	-6.92183169109441	4.45840774503501e-12	2.38619674098629e-10
Zo_SA_chr01A_3547-Zo_SB_chr01B_3548	123.816983794988	6.04918197053408	0.876991627199954	6.89765076759947	5.28695214462796e-12	2.79985855153929e-10
Zo_SA_chr01A_1336-Zo_SB_chr01B_1361	69.1129560250209	9.57282604345941	1.38979820718348	6.88792516350944	5.66119768085049e-12	2.93623562189266e-10
Zo_SA_chr02A_973-Zo_SB_chr02B_945	86.0038674437281	6.99110308201394	1.01775256051469	6.86915793999911	6.45819739234709e-12	3.31542766131614e-10
Zo_SA_chr02A_3106-Zo_SB_chr02B_3103	815.066148340962	-4.52009240873305	0.661851347087039	-6.82946771752755	8.52302726281943e-12	4.33124749083279e-10
Zo_SA_chr01A_1477-Zo_SB_chr01B_1506	43.5123068254379	8.90495097869379	1.30633011195229	6.81676928152981	9.31106156663072e-12	4.68439507417191e-10
Zo_SA_chr01A_2511-Zo_SB_chr01B_2519	38.3849404079813	-8.71632809272456	1.28093036730265	-6.80468534060846	1.01270335389668e-11	5.0444659143111e-10
Zo_SA_chr01A_247-Zo_SB_chr01B_310	773.130443778283	-4.35977346815069	0.649042828050745	-6.71723541148171	1.85204635416076e-11	8.95927423825268e-10
Zo_SA_chr01A_2005-Zo_SB_chr01B_2037	427.771516193437	12.202495875945	1.8228333392259	6.69424659586654	2.1678558706022e-11	1.03871265571426e-09
Zo_SA_chr02A_1254-Zo_SB_chr02B_1247	296.580390941049	3.37853559460221	0.505296370215456	6.68624552589131	2.28968755940148e-11	1.08673755767442e-09
Zo_SA_chr02A_52-Zo_SB_chr02B_56	46.2644792354865	-8.98559539005656	1.34672586528537	-6.67217851953302	2.52033716050316e-11	1.18502955649452e-09
Zo_SA_chr02A_654-Zo_SB_chr02B_628	328.595840009668	6.56517520481484	0.985495126911291	6.66180382382124	2.70486929410271e-11	1.26001827950285e-09
Zo_SA_chr01A_1344-Zo_SB_chr01B_1368	90.9635360642308	-9.96146651725861	1.49772965988842	-6.65104443347987	2.91020400020841e-11	1.34323269037142e-09
Zo_SA_chr01A_902-Zo_SB_chr01B_939	219.58476759597	-3.70920151446975	0.567535648594382	-6.53562736306759	6.33434503789683e-11	2.82018494563354e-09
Zo_SA_chr01A_2614-Zo_SB_chr01B_2609	113.862020250751	-4.40461518611357	0.6823548004059	-6.45502190868076	1.08203248014943e-10	4.77518018213315e-09
Zo_SA_chr02A_653-Zo_SB_chr02B_627	32.6336793451526	8.49016328708697	1.31855007757583	6.43901466578822	1.20251582324099e-10	5.260745310196e-09
Zo_SA_chr01A_3270-Zo_SB_chr01B_3280	58.3293150211639	9.32811852520901	1.45461850053084	6.41275944297756	1.42908929410286e-10	6.19805882640648e-09
Zo_SA_chr01A_94-Zo_SB_chr01B_159	482.869780913727	-3.68656937129328	0.576106210485512	-6.39911409423348	1.56281034640971e-10	6.72008448956176e-09
Zo_SA_chr01A_33-Zo_SB_chr01B_81	233.272223629953	6.75713628301926	1.06565232484376	6.34084506314941	2.28508256759113e-10	9.66071461979074e-09
Zo_SA_chr01A_3328-Zo_SB_chr01B_3343	358.592796384629	4.97910010621198	0.785831661121075	6.33608997009454	2.35669205148064e-10	9.88043142583257e-09
Zo_SA_chr01A_1628-Zo_SB_chr01B_1642	46.211322080638	8.99215965920994	1.42923818959094	6.29157527744455	3.14260351770827e-10	1.28540148760897e-08
Zo_SA_chr02A_2233-Zo_SB_chr02B_2203	292.38461926344	11.6535471441275	1.85429036129235	6.28463987484977	3.28614548922456e-10	1.33327402873297e-08
Zo_SA_chr02A_521-Zo_SB_chr02B_504	55.5532769689052	-9.25019748477789	1.47506454325571	-6.27104591936103	3.5863082433655e-10	1.43196164860094e-08
Zo_SA_chr02A_572-Zo_SB_chr02B_557	242.301029302901	-4.80235622726697	0.766511630048526	-6.26520986636947	3.72323620841588e-10	1.46340635660471e-08
Zo_SA_chr02A_3477-Zo_SB_chr02B_3505	91.5041913482825	-8.13534462809058	1.30105713904126	-6.25287267097696	4.02970673336805e-10	1.57158562601354e-08
Zo_SA_chr01A_977-Zo_SB_chr01B_1010	198.988794883522	-11.0908058700655	1.7773693683872	-6.24001182158856	4.37537825640453e-10	1.69327138522855e-08
Zo_SA_chr02A_1427-Zo_SB_chr02B_1418	90.6480182464871	-4.54413731947318	0.732029000306648	-6.20759193634356	5.38026346380717e-10	2.05061405200105e-08
Zo_SA_chr01A_2642-Zo_SB_chr01B_2641	173.363004928562	3.04607542895917	0.493550468056808	6.17176079470067	6.75336215895775e-10	2.55459887381327e-08
Zo_SA_chr01A_2264-Zo_SB_chr01B_2282	541.314829171289	5.21096706107772	0.848347450874739	6.14249156487079	8.12369931205287e-10	3.04911798668637e-08
Zo_SA_chr02A_2154-Zo_SB_chr02B_2116	38.9594928367546	4.84559027219582	0.789009566053627	6.141358078118	8.18189084083998e-10	3.04911798668637e-08
Zo_SA_chr02A_2672-Zo_SB_chr02B_2618	36.5439815218635	-7.67721015094967	1.25148187498094	-6.13449567622908	8.54297673825351e-10	3.16027323309952e-08
Zo_SA_chr02A_3674-Zo_SB_chr02B_3698	85.8326241195807	-3.25132405779333	0.533693905113172	-6.09211390020253	1.11429353165787e-09	4.06232663606574e-08
Zo_SA_chr02A_2879-Zo_SB_chr02B_2836	23.6823486577022	-8.020590235363	1.32469616945032	-6.05466402057395	1.40711037389224e-09	5.0565516364656e-08
Zo_SA_chr01A_3808-Zo_SB_chr01B_3792	2205.90503229963	-8.01669165501334	1.3271369004216	-6.04059133045478	1.53550439243154e-09	5.44022718191766e-08
Zo_SA_chr01A_3626-Zo_SB_chr01B_3620	23.7593975040371	-4.30273805048162	0.717589688290051	-5.99609793827255	2.02115153627031e-09	7.11077858669644e-08
Zo_SA_chr01A_375-Zo_SB_chr01B_430	46.7959941933325	8.04267135245994	1.34353796656549	5.98618837175072	2.14815567909033e-09	7.50511890382184e-08
Zo_SA_chr01A_702-Zo_SB_chr01B_747	254.233653579294	10.489018937203	1.75568138662797	5.97432940685702	2.31038552029392e-09	8.01624107075774e-08
Zo_SA_chr02A_1784-Zo_SB_chr02B_1753	19.8308523120203	-7.76413762325594	1.30535317464416	-5.94792104854874	2.71569517394532e-09	9.35798795898556e-08
Zo_SA_chr02A_1791-Zo_SB_chr02B_1765	1740.81855280665	-3.69924301177195	0.623596791087487	-5.93210719593483	2.9907125016659e-09	1.01664017539738e-07
Zo_SA_chr01A_2262-Zo_SB_chr01B_2276	611.806191258348	7.18860461833781	1.21464576360547	5.91827249864163	3.2534062360438e-09	1.09824784277599e-07
Zo_SA_chr01A_3399-Zo_SB_chr01B_3415	33.8919373474285	-4.14501895344103	0.700501999682062	-5.91721216402286	3.27444198800235e-09	1.09824784277599e-07
Zo_SA_chr01A_2314-Zo_SB_chr01B_2336	430.722218068077	-5.62887231626846	0.952659705992379	-5.90858654025354	3.45055531199368e-09	1.14965190560531e-07
Zo_SA_chr02A_1270-Zo_SB_chr02B_1265	109.479948355671	-3.3779000789059	0.57197091678448	-5.90571999341481	3.51109894690991e-09	1.16212755275682e-07
Zo_SA_chr01A_2717-Zo_SB_chr01B_2708	22.8530100469795	-7.96914385651484	1.35414241915829	-5.88501160865215	3.98026054193258e-09	1.30880331937665e-07
Zo_SA_chr01A_1428-Zo_SB_chr01B_1458	351.691977597725	3.86863730745841	0.660979522040756	5.85288526869047	4.83117416125744e-09	1.54812975829848e-07
Zo_SA_chr02A_537-Zo_SB_chr02B_519	20.8470272861378	-7.83508365553977	1.34071938244391	-5.84394002066093	5.0980390242056e-09	1.61309649879109e-07
Zo_SA_chr02A_3261-Zo_SB_chr02B_3255	32.6670862491587	-6.03076638717521	1.03497328516191	-5.82697782989808	5.64401067179204e-09	1.77468860561161e-07
Zo_SA_chr01A_3462-Zo_SB_chr01B_3478	703.753241674337	-8.74652098602287	1.50824352155104	-5.79914374638134	6.66543791710952e-09	2.08284584850795e-07
Zo_SA_chr01A_2354-Zo_SB_chr01B_2369	220.748364602626	4.33507738582229	0.750861924348645	5.77346812409335	7.76563026449626e-09	2.41165962102967e-07
Zo_SA_chr01A_3560-Zo_SB_chr01B_3557	63.244292004084	3.11180963288712	0.539397468032781	5.76904753416085	7.97208175683462e-09	2.44558190967287e-07
Zo_SA_chr02A_807-Zo_SB_chr02B_821	62.033080739395	-5.6806589576324	0.985354845400141	-5.76508958589994	8.16144771462153e-09	2.48849960316733e-07
Zo_SA_chr02A_1185-Zo_SB_chr02B_1159	207.648289438744	-4.91451077960684	0.855969467845627	-5.74145569932077	9.38661164381065e-09	2.84012909945714e-07
Zo_SA_chr02A_1903-Zo_SB_chr02B_1862	34.5829164546348	-8.56671909551589	1.50642801451527	-5.68677627670941	1.29459874123732e-08	3.80884577027191e-07
Zo_SA_chr01A_23-Zo_SB_chr01B_70	27.4561746363343	8.24143023358608	1.44967165395547	5.68503233894316	1.30787908597552e-08	3.82554632647839e-07
Zo_SA_chr01A_2316-Zo_SB_chr01B_2338	276.883204570209	4.16093920817151	0.738181353482331	5.6367438550737	1.73295578111757e-08	5.01063249126579e-07
Zo_SA_chr01A_76-Zo_SB_chr01B_138	293.431799105705	-4.02098653477561	0.713928864058441	-5.63219493874738	1.77930397124995e-08	5.11524473106201e-07
Zo_SA_chr01A_2620-Zo_SB_chr01B_2621	245.40538246131	-3.95065797492898	0.702257816006067	-5.62565184022793	1.84808759556549e-08	5.1948424639779e-07
Zo_SA_chr01A_2961-Zo_SB_chr01B_2957	47.8679010631538	-9.03534099881514	1.60610223344141	-5.62563254734727	1.84829417819925e-08	5.1948424639779e-07
Zo_SA_chr02A_2133-Zo_SB_chr02B_2092	15.6847417294945	7.43300973502997	1.32115818399277	5.62613154510091	1.8429582565487e-08	5.1948424639779e-07
Zo_SA_chr01A_1774-Zo_SB_chr01B_1804	81.1085558876493	6.98283614323049	1.24851352325392	5.59291991089659	2.23282302648528e-08	6.24074035902636e-07
Zo_SA_chr01A_3758-Zo_SB_chr01B_3740	262.886295318128	9.68777310662716	1.74328283698709	5.55720098946794	2.74135035066441e-08	7.57787561219377e-07
Zo_SA_chr02A_121-Zo_SB_chr02B_117	1072.94810976569	-7.16535943393739	1.29142527011926	-5.54841197530205	2.88275958362919e-08	7.88215405719482e-07
Zo_SA_chr02A_3414-Zo_SB_chr02B_3443	27.2085686839311	3.03695729506279	0.548118949014004	5.54069021063018	3.01281788113572e-08	8.19323608648315e-07
Zo_SA_chr01A_370-Zo_SB_chr01B_425	16.8891455348831	7.53823023294718	1.3638187578472	5.52729619648755	3.25203661536045e-08	8.74919583522909e-07
Zo_SA_chr02A_2311-Zo_SB_chr02B_2283	994.904023808828	6.82138491548959	1.23395836515482	5.52805111429649	3.23807717964649e-08	8.74919583522909e-07
Zo_SA_chr02A_2720-Zo_SB_chr02B_2685	523.652230608624	3.18577476810092	0.579885924734682	5.49379564533925	3.93385673626229e-08	1.03619022199663e-06
Zo_SA_chr02A_1969-Zo_SB_chr02B_1930	110.076574460392	-10.236658962067	1.86376559741902	-5.49246051984377	3.96372178278195e-08	1.03729571071026e-06
Zo_SA_chr01A_160-Zo_SB_chr01B_224	547.958150751781	-3.52331629679014	0.644243351244516	-5.46892147196239	4.52782285339903e-08	1.17419983378611e-06
Zo_SA_chr01A_4099-Zo_SB_chr01B_4121	77.1488422273964	5.41052811852236	0.99437817612275	5.44111712067026	5.29474881919674e-08	1.35217671621212e-06
Zo_SA_chr02A_1478-Zo_SB_chr02B_1467	15.2367201584139	-7.38403950695623	1.35837905706197	-5.43591972253102	5.45144964003466e-08	1.38516379489972e-06
Zo_SA_chr01A_1118-Zo_SB_chr01B_1145	13.7498929221113	-7.23607884426708	1.33806253627008	-5.40787791909788	6.37758699288045e-08	1.59630050553142e-06
Zo_SA_chr01A_4109-Zo_SB_chr01B_4129	24.3475757707878	-8.05980413351695	1.49655614077086	-5.38556751326778	7.22164208488713e-08	1.78975770093927e-06
Zo_SA_chr01A_2745-Zo_SB_chr01B_2731	90.8341534579875	3.80492711037323	0.709454461071824	5.36317314098618	8.17725550354101e-08	2.0166555116821e-06
Zo_SA_chr01A_797-Zo_SB_chr01B_840	15.9432505899636	-7.44789228983299	1.39657120622845	-5.33298428079913	9.66116777949681e-08	2.37099195603163e-06
Zo_SA_chr01A_2782-Zo_SB_chr01B_2777	566.491494044724	-8.21323476683616	1.54253302850069	-5.32451144648698	1.0122472821488e-07	2.47214372645176e-06
Zo_SA_chr02A_2753-Zo_SB_chr02B_2720	117.892279356567	3.8180179997727	0.72033132126677	5.30036371743264	1.15572208018193e-07	2.79540278144005e-06
Zo_SA_chr01A_4166-Zo_SB_chr01B_4185	72.9910064948769	-3.49530129522521	0.662222794572341	-5.27813497794569	1.30505322753695e-07	3.1265346608278e-06
Zo_SA_chr02A_72-Zo_SB_chr02B_70	16.2709468540465	7.48724627145105	1.43363995449851	5.22254297388781	1.76482582908587e-07	4.12969244006093e-06
Zo_SA_chr02A_3505-Zo_SB_chr02B_3529	113.79892438402	3.51145107853945	0.673830837405345	5.21117598603924	1.87647341597498e-07	4.31740407174377e-06
Zo_SA_chr02A_2935-Zo_SB_chr02B_2907	97.954076786539	6.3953594412363	1.22794532298282	5.20817932324642	1.90702579982661e-07	4.36102127223985e-06
Zo_SA_chr01A_402-Zo_SB_chr01B_452	50.4789570787158	-4.52611026696039	0.876128626772579	-5.16603399164498	2.39113324231636e-07	5.41882492887101e-06
Zo_SA_chr01A_3476-Zo_SB_chr01B_3489	94.5668066017502	-10.0174735839331	1.94287601037521	-5.15600250887779	2.5227751638319e-07	5.69151652432209e-06
Zo_SA_chr01A_5-Zo_SB_chr01B_51	11.9850058011526	7.04360697057295	1.37724813293048	5.11426140443241	3.14970928110504e-07	7.04274995255086e-06
Zo_SA_chr02A_183-Zo_SB_chr02B_169	1110.54926213852	4.76850739591415	0.939347017489434	5.07640659642355	3.84639744162281e-07	8.56248917203733e-06
Zo_SA_chr02A_2979-Zo_SB_chr02B_2970	994.882754869754	-4.1321898968838	0.81649721773776	-5.06087443669767	4.17337999976252e-07	9.2088924468444e-06
Zo_SA_chr01A_3757-Zo_SB_chr01B_3739	21.7757315042761	4.38857812049502	0.867966379048975	5.05616142102596	4.27779289759787e-07	9.39806815188422e-06
Zo_SA_chr02A_3374-Zo_SB_chr02B_3395	33.0305435665255	4.56345352123052	0.905304558405748	5.04079370733183	4.63605010367153e-07	1.01408556832919e-05
Zo_SA_chr01A_1512-Zo_SB_chr01B_1541	18.115732770077	7.6411953102048	1.51806517865644	5.03350937603852	4.81581250740934e-07	1.04884643830201e-05
Zo_SA_chr01A_211-Zo_SB_chr01B_280	39.4998903182752	-6.30176466769576	1.25502696060294	-5.02121855985329	5.13446947341387e-07	1.11342741037695e-05
Zo_SA_chr01A_4051-Zo_SB_chr01B_4027	138.834962226761	8.71162332142134	1.73553387947029	5.01956396499748	5.1788898823313e-07	1.11824012866991e-05
Zo_SA_chr01A_3868-Zo_SB_chr01B_3858	11590.6485654318	4.6539336905532	0.952666829023066	4.88516399308841	1.03342802368921e-06	2.17538760969892e-05
Zo_SA_chr02A_1205-Zo_SB_chr02B_1183	68.5265685714165	5.37904901509181	1.11380260486412	4.82944553334747	1.36913757516798e-06	2.83462186858851e-05
Zo_SA_chr02A_313-Zo_SB_chr02B_312	14.7373482837881	7.34133601342088	1.52424431137855	4.8163775049823	1.46187837450746e-06	3.00192249067226e-05
Zo_SA_chr01A_1877-Zo_SB_chr01B_1913	30.966945574425	-3.33596402600371	0.696502563077421	-4.78959332362556	1.67119661523436e-06	3.41780088261954e-05
Zo_SA_chr01A_2682-Zo_SB_chr01B_2676	154.160593244716	4.92138251869485	1.02810474313433	4.78684934736446	1.69419910277821e-06	3.43690148632144e-05
Zo_SA_chr02A_2284-Zo_SB_chr02B_2254	28.2295257065207	-8.27322203279798	1.74189243933778	-4.74955964327122	2.03860067561726e-06	4.02203921530605e-05
Zo_SA_chr02A_1687-Zo_SB_chr02B_1668	18.6901870281411	-3.36304979854289	0.717116368737072	-4.68968488958859	2.73626096655579e-06	5.33570888478379e-05
Zo_SA_chr01A_4056-Zo_SB_chr01B_4035	1687.92170767753	11.7195494083507	2.50591552276302	4.6767535864213	2.91452125993872e-06	5.66137315009718e-05
Zo_SA_chr01A_3963-Zo_SB_chr01B_3943	1175.72235037319	6.78868250174886	1.45239456149346	4.67413103968677	2.95200812675992e-06	5.71213572528045e-05
Zo_SA_chr01A_1693-Zo_SB_chr01B_1726	620.11141427729	-4.27016093310279	0.921820735824731	-4.63231164927352	3.61605266604557e-06	6.94364922247147e-05
Zo_SA_chr02A_1503-Zo_SB_chr02B_1490	985.70692468359	-3.18709488836783	0.689634729163168	-4.62142457969769	3.81113886834515e-06	7.29043332572032e-05
Zo_SA_chr02A_2938-Zo_SB_chr02B_2909	18.5514170977942	6.701316642031	1.46690252894	4.56834486942596	4.91590707832859e-06	9.22833153398177e-05
Zo_SA_chr02A_272-Zo_SB_chr02B_271	13.9527387723647	-7.25520733566136	1.59005647920829	-4.56286140179991	5.04611281001849e-06	9.33345351000112e-05
Zo_SA_chr01A_2043-Zo_SB_chr01B_2071	57.3512907697468	3.40154321448674	0.749077325129464	4.54097741364531	5.59940307502805e-06	0.000102812397337468
Zo_SA_chr02A_3567-Zo_SB_chr02B_3589	17.0727703654872	5.67508920499086	1.253874758576	4.52604150946937	6.00987802820211e-06	0.000109947986763218
Zo_SA_chr02A_3464-Zo_SB_chr02B_3493	71.7217917491098	4.56574532561662	1.01983678501799	4.47693728319094	7.57214820102429e-06	0.000136542930463632
Zo_SA_chr02A_991-Zo_SB_chr02B_964	38.5595469618985	-3.51545630622171	0.798867845770071	-4.4005480065767	1.07977834719035e-05	0.000189860714719603
Zo_SA_chr01A_4228-Zo_SB_chr01B_4246	1134.09518701605	-3.03381453833171	0.696116518517039	-4.35819932099118	1.31136927805905e-05	0.000222138008010609
Zo_SA_chr02A_348-Zo_SB_chr02B_347	10.8598509689407	-6.8949125658277	1.58156538276813	-4.35954949504514	1.30330474397258e-05	0.000222138008010609
Zo_SA_chr01A_11-Zo_SB_chr01B_56	11.0946520510737	-6.92768815599904	1.59387708327255	-4.34643814677047	1.38366045795128e-05	0.00023359717328701
Zo_SA_chr02A_1257-Zo_SB_chr02B_1241	100.149528986421	-3.72596061444507	0.866462335752908	-4.30019916700409	1.70644676337924e-05	0.000284275949223873
Zo_SA_chr01A_4122-Zo_SB_chr01B_4146	51.0593470755297	-3.20284559177453	0.754191437392949	-4.24672759856034	2.16915419109663e-05	0.000353490782190313
Zo_SA_chr01A_1732-Zo_SB_chr01B_1761	38.0291132554526	-5.82624236179478	1.37673049526461	-4.23194109655786	2.31683091744901e-05	0.000375999236957612
Zo_SA_chr01A_975-Zo_SB_chr01B_1008	161.509673727981	4.11813274987986	0.974490817339243	4.22593284267577	2.37952955590263e-05	0.000384932900184762
Zo_SA_chr02A_1538-Zo_SB_chr02B_1525	156.868824810193	5.71853359683016	1.36026443469609	4.20398670359106	2.62254349966353e-05	0.000421085656407194
Zo_SA_chr01A_2644-Zo_SB_chr01B_2643	1248.18328697845	3.92277211159725	0.937213417772849	4.18556972959173	2.84451727417674e-05	0.000452872354632378
Zo_SA_chr01A_363-Zo_SB_chr01B_417	16.9089171198176	-3.53941873988263	0.84934990618861	-4.16720919622572	3.08351499390682e-05	0.000484786372948289
Zo_SA_chr01A_4023-Zo_SB_chr01B_3997	11.1569663362965	6.94123056808456	1.67558947506865	4.14256037732641	3.43449910566976e-05	0.000528408715615431
Zo_SA_chr02A_2776-Zo_SB_chr02B_2739	549.073814329363	6.4721244157852	1.57180112974567	4.11764840557943	3.82758047402642e-05	0.000583532041358391
Zo_SA_chr01A_3127-Zo_SB_chr01B_3135	39.6669866761165	-4.01926461359567	0.977014684602857	-4.11382211233544	3.89161369253031e-05	0.000591501766982476
Zo_SA_chr01A_785-Zo_SB_chr01B_829	26.120586554949	6.33206227426828	1.54005874738358	4.11157190271208	3.92974449845308e-05	0.000595498330473417
Zo_SA_chr02A_2301-Zo_SB_chr02B_2270	10.1512840833904	-6.79678592820837	1.65411232724659	-4.10902320008835	3.97336162520077e-05	0.000600299769861413
Zo_SA_chr01A_2032-Zo_SB_chr01B_2059	20.7989487244101	-4.29380774837447	1.04641935636883	-4.10333364175752	4.07239307911003e-05	0.000613419448533011
Zo_SA_chr02A_2287-Zo_SB_chr02B_2257	49.6406723944248	-3.02045630243249	0.749548959297605	-4.02969848062083	5.58484429115388e-05	0.000826392694964564
Zo_SA_chr01A_1343-Zo_SB_chr01B_1366	1172.00063909031	3.34093857444199	0.829619704600276	4.0270723512428	5.6475658356675e-05	0.000830786658457403
Zo_SA_chr01A_1964-Zo_SB_chr01B_1999	179.153129320446	4.81892748179305	1.19844837287244	4.02097210933087	5.79584676449931e-05	0.000850113850501342
Zo_SA_chr02A_1416-Zo_SB_chr02B_1401	214.613113908524	-3.27073578027684	0.815494527685356	-4.01073909050043	6.05289702833209e-05	0.000885236190393568
Zo_SA_chr01A_3579-Zo_SB_chr01B_3577	12.3871533791387	-3.55904728826937	0.890055753145963	-3.99867904419433	6.36969869321943e-05	0.00092886823552426
Zo_SA_chr02A_1483-Zo_SB_chr02B_1472	61.7817264384123	-3.63808971180509	0.910500431831197	-3.99570344463008	6.45024371207855e-05	0.000937895263452809
Zo_SA_chr02A_3794-Zo_SB_chr02B_3797	62.8657395893405	-4.74120962206864	1.19239219068662	-3.97621659979045	7.00203541386763e-05	0.00100945672679034
Zo_SA_chr02A_3315-Zo_SB_chr02B_3312	55.2839104736605	4.12801037894823	1.0578591111501	3.90223077481486	9.53102218276605e-05	0.00133940146931553
Zo_SA_chr01A_959-Zo_SB_chr01B_990	230.581413936203	5.00881364522037	1.28442064934259	3.89966764220433	9.63248230398076e-05	0.00134613940198131
Zo_SA_chr02A_3431-Zo_SB_chr02B_3465	21.7071475935909	7.90202645691152	2.02604920061528	3.90021449356304	9.6107503030763e-05	0.00134613940198131
Zo_SA_chr02A_3795-Zo_SB_chr02B_3798	131.50932778483	-3.07186699759793	0.788899700546576	-3.89386254738041	9.86605675571047e-05	0.00137116385464031
Zo_SA_chr01A_848-Zo_SB_chr01B_897	6.01439297508012	6.05238217721244	1.57064048906869	3.85344846216284	0.000116465787316524	0.00159222656518867
Zo_SA_chr01A_3931-Zo_SB_chr01B_3920	15.6195744708235	6.4512788619439	1.67580740504266	3.84965410853982	0.000118284743200797	0.00161271149876209
Zo_SA_chr01A_3903-Zo_SB_chr01B_3891	8.35161128963658	-5.52366763443993	1.45654654442153	-3.7923042388142	0.000149255899167305	0.00198128345306257
Zo_SA_chr01A_2706-Zo_SB_chr01B_2698	16.5877037363395	-3.16890116359644	0.848312051877055	-3.73553712526496	0.000187314941037437	0.00244774407366064
Zo_SA_chr01A_943-Zo_SB_chr01B_976	16.2621450250782	-7.47786183413907	2.01011661976882	-3.72011343053274	0.000199133322249742	0.00257542350703972
Zo_SA_chr02A_1348-Zo_SB_chr02B_1331	106.605570282882	-4.33874532075688	1.18576484196883	-3.65902678776752	0.000253174877952654	0.00320836980095668
Zo_SA_chr02A_773-Zo_SB_chr02B_734	9485.18572086182	4.72377392900901	1.2996651164434	3.63460853818701	0.000278403034945244	0.0035016141720238
Zo_SA_chr02A_2039-Zo_SB_chr02B_1989	15.8361122402022	-4.89224502387471	1.34961232730128	-3.62492615465166	0.000289044031000398	0.00359056918509383
Zo_SA_chr02A_2037-Zo_SB_chr02B_1987	29.136636547372	-6.50366677170077	1.82085567948053	-3.57176400358988	0.000354584864483924	0.00434042932656599
Zo_SA_chr02A_1642-Zo_SB_chr02B_1624	8.50343936425801	-6.542601531059	1.84665606827754	-3.54294535049051	0.000395684690677392	0.00479684259951316
Zo_SA_chr02A_2780-Zo_SB_chr02B_2743	14.2198555101973	-3.50238681777694	0.989055050028829	-3.54114446680682	0.000398395377109945	0.00481809409192339
Zo_SA_chr01A_316-Zo_SB_chr01B_375	16.4778498467488	7.50436175039371	2.12043625625194	3.53906500526375	0.000401546958072439	0.0048445629401977
Zo_SA_chr02A_833-Zo_SB_chr02B_790	9.83663466067018	-4.84774063708565	1.38356719697674	-3.5037984766324	0.000458672319582985	0.0054552729073806
Zo_SA_chr01A_801-Zo_SB_chr01B_845	2821.16070463957	-4.08949215498025	1.17357272681153	-3.48465166372005	0.000492778103896873	0.00579244542220834
Zo_SA_chr02A_596-Zo_SB_chr02B_579	27.8698681936797	-6.37684863064343	1.83738880768373	-3.47060382863783	0.000519289536814062	0.00606159085779941
Zo_SA_chr02A_2775-Zo_SB_chr02B_2738	203.934167040135	7.70196731080916	2.22532191781662	3.46105758863238	0.000538057697420268	0.00625165883538422
Zo_SA_chr02A_2725-Zo_SB_chr02B_2692	130.217568812714	-10.4789349643617	3.0390271739754	-3.44812150878337	0.000564500023422852	0.00651376059137699
Zo_SA_chr01A_2693-Zo_SB_chr01B_2687	126.018809839304	10.4392133850237	3.0356386001868	3.43888544057299	0.000584114358981047	0.00669403038732038
Zo_SA_chr01A_3438-Zo_SB_chr01B_3453	29.1462880432636	3.92125052840268	1.15473880066086	3.39579004893447	0.000684308274928012	0.00771918146000634
Zo_SA_chr02A_595-Zo_SB_chr02B_578	50.8073513389068	-5.3751989671455	1.5907708376532	-3.37899013479233	0.000727526187746607	0.00811570787262346
Zo_SA_chr02A_3016-Zo_SB_chr02B_3009	32.5764238605931	-4.62675506513284	1.37332643437743	-3.3690133309276	0.000754377801716989	0.00837808989059199
Zo_SA_chr02A_2100-Zo_SB_chr02B_2056	331.130263527872	4.26368835197285	1.26871400840038	3.36063787720654	0.00077762707034728	0.00859833360641136
Zo_SA_chr02A_792-Zo_SB_chr02B_753	34.5599976162151	3.47437279315456	1.03829274059976	3.3462362369476	0.000819165728879077	0.00901799295840402
Zo_SA_chr01A_2963-Zo_SB_chr01B_2960	178.724267926292	-4.13152656813398	1.25090832303493	-3.30282123162323	0.000957173870292893	0.0103560037450399
Zo_SA_chr02A_1311-Zo_SB_chr02B_1296	71.3494644638079	-3.28078528145634	1.00361929275667	-3.26895397999464	0.00107945856728033	0.0115548001106114
Zo_SA_chr01A_273-Zo_SB_chr01B_327	5.53216887613862	4.92365499598146	1.5074987222771	3.26610890160106	0.00109036308260873	0.0116467445193302
Zo_SA_chr01A_3131-Zo_SB_chr01B_3137	1354.98363238259	-4.56230432759239	1.39922606278621	-3.2605913003848	0.001111801669612	0.0118050813181755
Zo_SA_chr01A_106-Zo_SB_chr01B_170	377.850515109805	-3.70342293060429	1.14661912988859	-3.22986319874511	0.00123849462932954	0.0130352855233409
Zo_SA_chr01A_4208-Zo_SB_chr01B_4231	37.2773710671011	-3.33836581348418	1.03425136777667	-3.22780894228902	0.00124742259320217	0.013101843562422
Zo_SA_chr02A_793-Zo_SB_chr02B_754	13.2201906004638	4.7420522429611	1.48817058827069	3.18649775794288	0.00144006603923561	0.0146956840636802
Zo_SA_chr02A_830-Zo_SB_chr02B_798	30.1191277043078	-3.80376003579666	1.20420307605565	-3.15873635554546	0.00158454764017518	0.0160399581040671
Zo_SA_chr02A_1695-Zo_SB_chr02B_1677	62.1689191529543	-4.10860082906742	1.30685771774883	-3.14387769476911	0.00166725106455186	0.0168094992099407
Zo_SA_chr02A_2422-Zo_SB_chr02B_2387	7.51720334109218	6.37238480226625	2.04088537061828	3.12236291856792	0.00179405632083289	0.0179441299206963
Zo_SA_chr01A_308-Zo_SB_chr01B_366	23.0307400228154	-3.41086719535137	1.09369878721459	-3.11865317510143	0.00181679679703386	0.0180996132393611
Zo_SA_chr02A_3247-Zo_SB_chr02B_3243	57.0638583432836	9.29624533448425	2.98319381109873	3.11620562495749	0.00183194482950187	0.0181785294619801
Zo_SA_chr01A_4111-Zo_SB_chr01B_4131	471.408164053132	5.57806928022973	1.82984014446544	3.04839157513361	0.0023006991988573	0.0223021535056861
Zo_SA_chr01A_3890-Zo_SB_chr01B_3878	117.349265843538	3.24260784675025	1.0662861842361	3.0410295985156	0.0023577065246884	0.0227234128844968
Zo_SA_chr01A_3857-Zo_SB_chr01B_3846	11.6010972290359	-5.09547596256239	1.68105715191984	-3.03111405626105	0.00243653190032111	0.0232162727093097
Zo_SA_chr02A_2677-Zo_SB_chr02B_2636	6.58191742578425	-3.65473418977788	1.21074541775094	-3.01858188864085	0.00253960757013498	0.0240617056221263
Zo_SA_chr01A_457-Zo_SB_chr01B_513	135.224571357796	5.42637498072183	1.80433564505858	3.00740884634337	0.00263485131502759	0.0249171747479395
Zo_SA_chr01A_77-Zo_SB_chr01B_140	181.405653977562	3.41221295179099	1.14289513219135	2.98558708990957	0.00283034531094243	0.0264183066036203
Zo_SA_chr02A_2587-Zo_SB_chr02B_2534	14.1562281476345	3.67634052271268	1.23421234077687	2.9786936990102	0.00289479996895835	0.026920034461792
Zo_SA_chr01A_929-Zo_SB_chr01B_962	12.3945677381757	-3.28898695052914	1.11983260740897	-2.93703445387171	0.00331367286571083	0.0303110694316204
Zo_SA_chr01A_2125-Zo_SB_chr01B_2147	5.57386840453938	5.94080526193071	2.02535146093845	2.93322190074508	0.00335464035903167	0.0305746297940006
Zo_SA_chr01A_2652-Zo_SB_chr01B_2652	396.662567454897	4.33460542030975	1.48224642835363	2.9243487030185	0.0034517783305798	0.0312412424095738
Zo_SA_chr02A_2881-Zo_SB_chr02B_2838	70.1800221225016	3.11270893721156	1.06521322346561	2.92214635402718	0.00347628148616889	0.0313959368723829
Zo_SA_chr01A_1846-Zo_SB_chr01B_1870	192.593560611736	-3.07906213338323	1.05617666128597	-2.91529082798919	0.00355357225986967	0.0318681319775478
Zo_SA_chr02A_3784-Zo_SB_chr02B_3788	46.2438933896491	-3.35424613481972	1.16072362368476	-2.88978880620311	0.00385500718233241	0.0340853095506404
Zo_SA_chr01A_3063-Zo_SB_chr01B_3070	12.791323083881	-5.29698555504041	1.84093885202427	-2.87732835298463	0.00401058034078563	0.0352133153481545
Zo_SA_chr02A_3022-Zo_SB_chr02B_3014	81.0272888803982	-4.29930522063894	1.50642159495857	-2.85398538830505	0.00431745170376166	0.0377102422250432
Zo_SA_chr01A_1766-Zo_SB_chr01B_1800	2.966423807959	-5.02222636343328	1.76146176460331	-2.85116967302684	0.00435587190228173	0.0379141722151893
Zo_SA_chr01A_72-Zo_SB_chr01B_124	8.37728492545779	-4.65966876202925	1.64008766341792	-2.84110957356912	0.00449568626212361	0.0389574805925986
Zo_SA_chr01A_1398-Zo_SB_chr01B_1424	10.2939202184165	3.24366560497857	1.14634921707842	2.82956149544496	0.00466118412301563	0.0402928132695732
Zo_SA_chr01A_3339-Zo_SB_chr01B_3357	2.99171390812073	-5.03305219071954	1.79140170630418	-2.80956090027578	0.00496091323823509	0.0423741163014614
Zo_SA_chr01A_1334-Zo_SB_chr01B_1358	36.1212248064506	3.24076070538531	1.15832363645898	2.79780244776182	0.00514515712090632	0.0435046814710584
Zo_SA_chr01A_642-Zo_SB_chr01B_690	2344.20760404733	3.8969767742153	1.41857684286755	2.74710305177254	0.00601242398290341	0.0498327925172769
