baseMean	log2FoldChange	lfcSE	stat	pvalue	padj
Zo_SA_chr01A_2214-Zo_SB_chr01B_2232	6408.72857331631	-0.83651003610969	0.138198036119547	-6.05298063270647	1.42189968448944e-09	2.08723366980401e-08
Zo_SA_chr02A_528-Zo_SB_chr02B_511	1844.93411580127	0.944262845626397	0.158886685035766	5.94299544618129	2.79860212410559e-09	3.99272477200345e-08
Zo_SA_chr02A_506-Zo_SB_chr02B_491	1031.80180782626	-0.917375485820312	0.156581420227406	-5.85877612099822	4.66290804564607e-09	6.43557335973815e-08
Zo_SA_chr01A_115-Zo_SB_chr01B_181	902.680021933559	0.862964271486783	0.150004858120378	5.75290882108803	8.77208031490152e-09	1.15125054055258e-07
Zo_SA_chr01A_1258-Zo_SB_chr01B_1285	863.758487496652	-0.991764257291452	0.175974375351764	-5.63584473767255	1.7420227867313e-08	2.17389035228704e-07
Zo_SA_chr02A_3161-Zo_SB_chr02B_3164	2333.22253335465	-0.891858013129691	0.158238473505871	-5.63616416014403	1.73879635836118e-08	2.17389035228704e-07
Zo_SA_chr01A_3641-Zo_SB_chr01B_3634	726.872891535072	-0.99903747631751	0.178017540173411	-5.61201708182422	1.99981691400693e-08	2.45933900877511e-07
Zo_SA_chr02A_1321-Zo_SB_chr02B_1304	2074.08319527878	-0.748096132978368	0.134357126699929	-5.5679676348628	2.57727679138015e-08	3.12410234449159e-07
Zo_SA_chr02A_1331-Zo_SB_chr02B_1312	11440.3746387919	-0.978849382229314	0.177574297063692	-5.51233708039526	3.54099918422803e-08	4.20204085436779e-07
Zo_SA_chr01A_1088-Zo_SB_chr01B_1109	1042.18833578808	-0.858190299562628	0.156274605162283	-5.49155314564029	3.98414394154202e-08	4.69500396266634e-07
Zo_SA_chr02A_462-Zo_SB_chr02B_444	599.343489434887	-0.815741723460421	0.149203533036307	-5.46730835966141	4.56920781537817e-08	5.33494402167947e-07
Zo_SA_chr01A_1655-Zo_SB_chr01B_1673	2083.06855397298	0.810628535089757	0.149978216774829	5.40497515253698	6.4817377698095e-08	7.3320147289226e-07
Zo_SA_chr02A_1429-Zo_SB_chr02B_1420	629.326370637016	-0.914764509698518	0.169362518357043	-5.40122170225438	6.61885621634278e-08	7.46075791459075e-07
Zo_SA_chr01A_2547-Zo_SB_chr01B_2559	1374.82034805359	-0.759728895581052	0.141430207991431	-5.37175831366297	7.79725703012577e-08	8.70379526505687e-07
Zo_SA_chr02A_370-Zo_SB_chr02B_368	1031.37149414464	0.965992583247992	0.183429402639472	5.26629084185939	1.39207682669973e-07	1.5075390624324e-06
Zo_SA_chr01A_3020-Zo_SB_chr01B_3018	476.710786198364	0.897861225844017	0.173897102954073	5.16317529499698	2.42795571327625e-07	2.55733914476087e-06
Zo_SA_chr01A_1278-Zo_SB_chr01B_1303	790.166756165607	0.811027779189964	0.157421272826378	5.15195795732421	2.57780834408775e-07	2.6995234184787e-06
Zo_SA_chr01A_3944-Zo_SB_chr01B_3933	603.649915912458	0.930459685805381	0.180906973690584	5.14330468761698	2.69947281095111e-07	2.80955377188949e-06
Zo_SA_chr02A_345-Zo_SB_chr02B_346	741.818858037965	-0.921754711589795	0.179424186647543	-5.1372935210818	2.78723440343444e-07	2.88905378266194e-06
Zo_SA_chr02A_48-Zo_SB_chr02B_52	484.762439859887	-0.92054759681843	0.18060468821912	-5.09703045859788	3.45022832985444e-07	3.5258973213945e-06
Zo_SA_chr01A_130-Zo_SB_chr01B_196	1069.76272936079	-0.776520882239343	0.152976672017618	-5.07607383529636	3.8531361391826e-07	3.92973462869647e-06
Zo_SA_chr02A_387-Zo_SB_chr02B_379	846.595080937466	0.969734018334285	0.191594864787262	5.06137792059839	4.16237222391662e-07	4.2029201839508e-06
Zo_SA_chr02A_2895-Zo_SB_chr02B_2866	1607.64536361407	-0.761491528620422	0.150488617459233	-5.06012708121734	4.1897713959681e-07	4.22219224605595e-06
Zo_SA_chr02A_2532-Zo_SB_chr02B_2479	1335.33828184642	0.724105669060221	0.144079807789428	5.02572622888626	5.01530942385413e-07	4.95578921473835e-06
Zo_SA_chr02A_1644-Zo_SB_chr02B_1627	787.394311644423	-0.889126793262852	0.177360860412673	-5.01309472221821	5.35615127863281e-07	5.26187472808048e-06
Zo_SA_chr02A_1532-Zo_SB_chr02B_1517	2408.8020435946	-0.93301363893617	0.186481646926974	-5.00324645514064	5.63727948075453e-07	5.50610432360621e-06
Zo_SA_chr02A_3763-Zo_SB_chr02B_3768	837.768218589239	-0.935181867676133	0.187599764024607	-4.98498424312232	6.19668626553269e-07	5.95848512769349e-06
Zo_SA_chr01A_3036-Zo_SB_chr01B_3039	1827.26584473272	-0.777968723002452	0.158876873980325	-4.89667692667967	9.7470890465263e-07	9.15073295144308e-06
Zo_SA_chr02A_2700-Zo_SB_chr02B_2662	1253.03761874895	0.753316571068806	0.154503302325106	4.87573119624119	1.08406145635695e-06	1.01026571318109e-05
Zo_SA_chr01A_2719-Zo_SB_chr01B_2710	407.157516876792	0.865881511914511	0.179519683834182	4.82332351205734	1.41185694988039e-06	1.2990618566019e-05
Zo_SA_chr02A_1527-Zo_SB_chr02B_1512	1395.94644787558	-0.693343770115885	0.14399104635998	-4.81518669141769	1.47062334425546e-06	1.34824836921904e-05
Zo_SA_chr01A_1212-Zo_SB_chr01B_1246	1457.10519496789	0.711466759989597	0.147771738749358	4.814633474648	1.47470308959086e-06	1.34955261117693e-05
Zo_SA_chr01A_2945-Zo_SB_chr01B_2944	801.646394532269	-0.788079862597917	0.164346396691032	-4.79523663715909	1.6248291013835e-06	1.47629821215149e-05
Zo_SA_chr02A_234-Zo_SB_chr02B_220	1316.17374778985	0.811728020706859	0.169384674209513	4.79221644162934	1.64948810435881e-06	1.496026800364e-05
Zo_SA_chr01A_2819-Zo_SB_chr01B_2810	419.841998787074	-0.912240242779209	0.191394323705425	-4.76628682145892	1.87652075687922e-06	1.69286837019353e-05
Zo_SA_chr02A_3171-Zo_SB_chr02B_3175	321.788070402373	-0.923211426317047	0.193906791489702	-4.76110928980059	1.9253174370499e-06	1.73380979836461e-05
Zo_SA_chr01A_2619-Zo_SB_chr01B_2620	1008.17823708262	-0.964337279281824	0.204207635413444	-4.72233703372258	2.33149893506661e-06	2.08113938333977e-05
Zo_SA_chr01A_2635-Zo_SB_chr01B_2633	2033.96237343817	-0.985592616869956	0.208828284379838	-4.71963182476402	2.3627189022567e-06	2.10530689553715e-05
Zo_SA_chr02A_177-Zo_SB_chr02B_175	833.060410501462	0.988682414631066	0.210734828004178	4.69159475913239	2.71083664253489e-06	2.39033668531853e-05
Zo_SA_chr02A_3307-Zo_SB_chr02B_3305	3016.08193738537	0.808242009012961	0.17241782133057	4.68769413031471	2.76300560765791e-06	2.42371424547401e-05
Zo_SA_chr02A_3625-Zo_SB_chr02B_3642	416.662393250427	0.833487534212299	0.178327397409016	4.67391744803292	2.95508150906287e-06	2.57441835069131e-05
Zo_SA_chr02A_578-Zo_SB_chr02B_563	476.890735494683	-0.858178587695987	0.183672194501647	-4.67233807503886	2.97790265962909e-06	2.58985746716715e-05
Zo_SA_chr02A_664-Zo_SB_chr02B_638	569.922423330303	0.935910742376874	0.201364582449466	4.64784189449875	3.35425846130214e-06	2.89732631376762e-05
Zo_SA_chr02A_1960-Zo_SB_chr02B_1919	301.840234946314	-0.841006713833388	0.181139075087524	-4.64287848122789	3.43588450348827e-06	2.96279412448505e-05
Zo_SA_chr01A_1664-Zo_SB_chr01B_1687	308.675174525802	0.942309043792958	0.204351198360368	4.61122347876434	4.00305896953401e-06	3.40561750523672e-05
Zo_SA_chr01A_570-Zo_SB_chr01B_620	1136.62159431622	-0.783151775820443	0.170019303748191	-4.60625210523353	4.09991292177408e-06	3.47637023867956e-05
Zo_SA_chr02A_2052-Zo_SB_chr02B_2001	373.869432470974	0.927140133238635	0.202434853504438	4.57994321229031	4.65102195139547e-06	3.87890648458745e-05
Zo_SA_chr01A_1152-Zo_SB_chr01B_1174	237.834950787793	-0.90661433737323	0.199304442068545	-4.54889177563552	5.39291671580619e-06	4.47559215679406e-05
Zo_SA_chr01A_1654-Zo_SB_chr01B_1672	3820.82020400179	-0.674179423990408	0.148888909164697	-4.52807014150832	5.95248246421046e-06	4.89994464112235e-05
Zo_SA_chr02A_2300-Zo_SB_chr02B_2269	2687.17981581668	-0.680000472255833	0.15054863894506	-4.51681580797279	6.27764653587367e-06	5.13432636967832e-05
Zo_SA_chr02A_2226-Zo_SB_chr02B_2195	916.71347301029	-0.858691321768476	0.190879992281408	-4.49859260525605	6.84047987202061e-06	5.57669298073718e-05
Zo_SA_chr01A_2647-Zo_SB_chr01B_2647	618.764773284333	0.799524143811615	0.178189028065432	4.48694373885932	7.22521442373656e-06	5.87149824930527e-05
Zo_SA_chr02A_2723-Zo_SB_chr02B_2689	669.807540819249	0.950760006247682	0.212193893827948	4.48061906540336	7.44268457845939e-06	6.03856149744333e-05
Zo_SA_chr01A_3787-Zo_SB_chr01B_3770	1119.17750866271	-0.722124222675383	0.161448324255347	-4.47278859044254	7.72060989638108e-06	6.25406342324075e-05
Zo_SA_chr02A_1505-Zo_SB_chr02B_1491	478.740849923086	-0.896329766574464	0.200447203586869	-4.47165014295655	7.76183356940557e-06	6.27744469729473e-05
Zo_SA_chr02A_1086-Zo_SB_chr02B_1061	229.665896372283	-0.9191481593171	0.208058805757661	-4.41773255388042	9.97417302829427e-06	7.86627714451966e-05
Zo_SA_chr01A_2396-Zo_SB_chr01B_2404	2216.44994432669	0.899983962544677	0.203748522564374	4.41713123225385	1.00019509600598e-05	7.87595487227031e-05
Zo_SA_chr02A_1191-Zo_SB_chr02B_1164	2357.0320509358	-0.621921580117229	0.141254349098816	-4.40284907392238	1.06838492457603e-05	8.34819543372559e-05
Zo_SA_chr02A_1111-Zo_SB_chr02B_1087	1189.33200983504	-0.834328561152767	0.191761820321139	-4.35085857943743	1.35605495923983e-05	0.00010419671918274
Zo_SA_chr02A_111-Zo_SB_chr02B_108	635.732417281763	-0.916882465461232	0.2120112205569	-4.32468839645756	1.52747617040736e-05	0.000115619246937392
Zo_SA_chr01A_1004-Zo_SB_chr01B_1039	3914.85850741845	0.738082003282411	0.171370368033444	4.30694064412798	1.65528004020311e-05	0.000124182678348473
Zo_SA_chr01A_2051-Zo_SB_chr01B_2080	2008.83668779777	-0.717543873205654	0.166627252191137	-4.30628161822271	1.66021671643402e-05	0.000124369331899238
Zo_SA_chr02A_2738-Zo_SB_chr02B_2704	956.028054873539	-0.755438955615486	0.176918159971417	-4.26999102713671	1.95480831675608e-05	0.000143890890446437
Zo_SA_chr01A_911-Zo_SB_chr01B_946	343.075173721786	-0.858996690102485	0.201404503842831	-4.26503218007883	1.99873392008355e-05	0.000146911281911785
Zo_SA_chr02A_845-Zo_SB_chr02B_780	435.423055960155	-0.754714141007047	0.177315070580739	-4.25634515179798	2.0779583733765e-05	0.000152293659139672
Zo_SA_chr02A_1052-Zo_SB_chr02B_1034	2242.10509634626	-0.544919994242763	0.128446100835709	-4.2424019935004	2.21140122946416e-05	0.000160912705507858
Zo_SA_chr01A_2639-Zo_SB_chr01B_2637	625.503022768119	-0.886381994929241	0.209914280227447	-4.22259025907539	2.41510633561893e-05	0.000174485420748344
Zo_SA_chr02A_3421-Zo_SB_chr02B_3455	704.369746438498	-0.949406818514253	0.225049467792679	-4.21865835909849	2.45760331191793e-05	0.000177303511665215
Zo_SA_chr02A_1944-Zo_SB_chr02B_1902	408.404606744172	-0.790484193035935	0.190488597698028	-4.14977170596348	3.32807033058393e-05	0.000233793488368407
Zo_SA_chr01A_1753-Zo_SB_chr01B_1780	744.455590372782	-0.995277496012668	0.239868580523684	-4.14926162417673	3.33549424012951e-05	0.000233991370795826
Zo_SA_chr02A_2229-Zo_SB_chr02B_2199	825.311444272497	-0.69515551015886	0.167622257279653	-4.14715516567168	3.36631932396213e-05	0.000235179310129349
Zo_SA_chr01A_1824-Zo_SB_chr01B_1852	454.574657713737	0.760565705937669	0.18421502339105	4.12868446849283	3.64844668832417e-05	0.000253148370628394
Zo_SA_chr01A_69-Zo_SB_chr01B_122	2090.45147808375	0.763936957652322	0.185520716611056	4.11779865670698	3.82508653503006e-05	0.000265042489923842
Zo_SA_chr01A_4144-Zo_SB_chr01B_4169	503.872871466878	-0.972965707805109	0.237164983489062	-4.10248466485772	4.08736953747564e-05	0.000282216763331701
Zo_SA_chr01A_4245-Zo_SB_chr01B_4265	582.469325801639	-0.86395446384336	0.210834618449855	-4.09778275596066	4.17126479024314e-05	0.000287460703794368
Zo_SA_chr01A_3814-Zo_SB_chr01B_3797	2003.97532999514	0.809955412773035	0.198450581609944	4.08139601407169	4.47660053030788e-05	0.00030642390961501
Zo_SA_chr02A_2912-Zo_SB_chr02B_2885	244.027738106015	-0.905784413991862	0.222879296269515	-4.06401325359781	4.82360850504848e-05	0.000326219808217593
Zo_SA_chr02A_2230-Zo_SB_chr02B_2200	2949.86815255855	-0.620975710847848	0.152937135760596	-4.06033307580645	4.90027605289654e-05	0.00033052459591848
Zo_SA_chr02A_1149-Zo_SB_chr02B_1122	482.246924057984	-0.670057708270459	0.165371347818814	-4.05183677286465	5.08171137748399e-05	0.000341402276273032
Zo_SA_chr02A_1769-Zo_SB_chr02B_1740	418.003001408296	-0.773855985378677	0.192045940057115	-4.02953577226641	5.58871110595292e-05	0.000372996894968921
Zo_SA_chr01A_905-Zo_SB_chr01B_941	228.504592110214	0.885726584138845	0.220779826269833	4.01180940805854	6.02551382881889e-05	0.000399427869474712
Zo_SA_chr02A_574-Zo_SB_chr02B_559	459.560922117366	0.848385606129136	0.211610559485423	4.0091837013813	6.09290049774315e-05	0.000402940646198404
Zo_SA_chr01A_2649-Zo_SB_chr01B_2649	617.907898455595	0.616436474955386	0.153914797881335	4.00505008901514	6.20043412558663e-05	0.000409518919686014
Zo_SA_chr01A_2093-Zo_SB_chr01B_2118	1540.78383590078	-0.8448086597941	0.211898516094537	-3.9868550066542	6.69549143988786e-05	0.000441068755164597
Zo_SA_chr01A_1112-Zo_SB_chr01B_1138	904.090335510046	0.676797710531376	0.169955134431737	3.98221396955331	6.82762692180861e-05	0.000448609536039663
Zo_SA_chr02A_3040-Zo_SB_chr02B_3040	345.517270782152	0.923051378834708	0.231842003221917	3.98138113890938	6.8515981358158e-05	0.00044960293193551
Zo_SA_chr01A_2836-Zo_SB_chr01B_2833	3339.74159768257	-0.595266473419735	0.150445468817951	-3.95669260162331	7.59946201219121e-05	0.00049611397891927
Zo_SA_chr01A_1996-Zo_SB_chr01B_2028	3092.58254510074	-0.673070706821272	0.170195623431357	-3.95468868852984	7.66343712459938e-05	0.000499648230498591
Zo_SA_chr01A_3353-Zo_SB_chr01B_3372	995.242161261725	0.79125351599409	0.200128877930113	3.95371984382185	7.69454988556356e-05	0.000501033575240735
Zo_SA_chr02A_1218-Zo_SB_chr02B_1198	210.041393384569	-0.886293793111857	0.224352667736273	-3.95044909451978	7.80046880663629e-05	0.000506968856082823
Zo_SA_chr01A_1380-Zo_SB_chr01B_1399	728.602056503528	0.628432359805935	0.159351367358359	3.94368978580948	8.02374374215931e-05	0.000519687493897278
Zo_SA_chr02A_2143-Zo_SB_chr02B_2102	1043.73517341423	-0.721688516948353	0.183009994004592	-3.94343773887148	8.03218512914674e-05	0.000519687493897278
Zo_SA_chr02A_838-Zo_SB_chr02B_787	671.248088293761	0.766810683616362	0.194617620883908	3.94008867302809	8.14514964774012e-05	0.00052565711640244
Zo_SA_chr02A_47-Zo_SB_chr02B_51	857.394059631746	-0.725483881210456	0.184252226795995	-3.93744973304293	8.23521758303004e-05	0.000530795305890985
Zo_SA_chr02A_138-Zo_SB_chr02B_129	4042.50257444667	0.569949858489003	0.145482473382275	3.91765307008071	8.94152673959915e-05	0.000573409271596263
Zo_SA_chr02A_2843-Zo_SB_chr02B_2804	521.871618242163	0.851152827793056	0.217658486788075	3.91049685382491	9.21064600568152e-05	0.000589922712015844
Zo_SA_chr02A_105-Zo_SB_chr02B_102	692.917701299766	0.624996956346048	0.160180230485504	3.90183579116906	9.54659133313729e-05	0.00060990109913213
Zo_SA_chr01A_1992-Zo_SB_chr01B_2024	2536.96406411374	0.727988850936492	0.186787242968714	3.89742275417828	9.72218182286999e-05	0.000619560369866458
Zo_SA_chr02A_603-Zo_SB_chr02B_587	2775.99412821056	0.491914616151411	0.12649579979235	3.88878221220719	0.000100748473122653	0.000640427402991183
Zo_SA_chr02A_19-Zo_SB_chr02B_21	486.213017694723	-0.975342711220747	0.251847313804171	-3.8727540766194	0.000107612397753316	0.000682351271147429
Zo_SA_chr02A_1462-Zo_SB_chr02B_1453	1342.86185245457	0.528758156807267	0.136562038087972	3.8719263728815	0.000107978572329434	0.00068253805174387
Zo_SA_chr02A_2215-Zo_SB_chr02B_2185	902.384193649282	-0.675160246964812	0.174379964702702	-3.87177648599644	0.000108045007600329	0.00068253805174387
Zo_SA_chr01A_1590-Zo_SB_chr01B_1611	718.227877764255	0.727824877809445	0.188015637940987	3.87108692542846	0.000108351142855357	0.000683621682686157
Zo_SA_chr01A_1417-Zo_SB_chr01B_1451	310.061958492535	-0.958692874623043	0.24815911678719	-3.86321843434498	0.000111902860445299	0.000699083183519896
Zo_SA_chr01A_1702-Zo_SB_chr01B_1736	386.371018664278	0.821297172778852	0.212656068407848	3.8620913991681	0.000112420489505889	0.000700593455460626
Zo_SA_chr02A_1789-Zo_SB_chr02B_1763	521.764000892473	0.733881324232129	0.190101437581733	3.86047224875193	0.000113168093665806	0.000703526007011783
Zo_SA_chr01A_2382-Zo_SB_chr01B_2390	1858.10555631025	-0.57917016836302	0.150133143298551	-3.85771026728787	0.000114454206056058	0.000709783776017971
Zo_SA_chr02A_3747-Zo_SB_chr02B_3757	553.518811989156	0.782263574275949	0.202866346027143	3.85605394682509	0.000115232068383073	0.000713736189411741
Zo_SA_chr01A_2405-Zo_SB_chr01B_2414	1146.9483863441	-0.558380074572854	0.144939470329855	-3.8525052789422	0.000116915455354106	0.000722400970490881
Zo_SA_chr02A_971-Zo_SB_chr02B_943	911.879345502063	0.754315783464065	0.196071363635963	3.84714916791506	0.000119500218245868	0.000737474615395827
Zo_SA_chr01A_3846-Zo_SB_chr01B_3835	781.025640733357	-0.679935014427893	0.176773266133943	-3.84636788864159	0.000119881722255254	0.00073893114967771
Zo_SA_chr01A_3682-Zo_SB_chr01B_3675	327.212227739353	-0.811463463307207	0.211595497868639	-3.83497508917214	0.000125577021146119	0.000770296727537607
Zo_SA_chr01A_3455-Zo_SB_chr01B_3471	686.866866948728	0.75728620416304	0.19749423160526	3.83447252108435	0.000125834038053088	0.000770942194537555
Zo_SA_chr02A_2045-Zo_SB_chr02B_1994	434.418242729193	-0.698416230791535	0.182317604185139	-3.83076683084487	0.000127744518033876	0.000780763426105964
Zo_SA_chr01A_830-Zo_SB_chr01B_879	281.825878075477	0.946923067932721	0.247338878112549	3.82844409725929	0.000128955913235968	0.000787220052073895
Zo_SA_chr02A_56-Zo_SB_chr02B_57	357.666952042709	-0.770695615902694	0.201856232223024	-3.81804221457567	0.0001345149120242	0.000818205075653785
Zo_SA_chr01A_1617-Zo_SB_chr01B_1631	353.938863830304	0.877861874104367	0.230986753833951	3.80048578342044	0.000144412703549917	0.00087422183710373
Zo_SA_chr01A_1856-Zo_SB_chr01B_1883	276.166143209969	-0.81391741802628	0.214374898404091	-3.79670112539048	0.000146634400641051	0.000886614429590357
Zo_SA_chr02A_1501-Zo_SB_chr02B_1488	457.844147340008	-0.716842558135037	0.189283345905641	-3.78714014540079	0.000152391156294902	0.000918143158744731
Zo_SA_chr01A_229-Zo_SB_chr01B_289	1677.72419479758	0.906844541726402	0.239775945240214	3.7820496998475	0.000155542296347384	0.000936018155389058
Zo_SA_chr01A_1694-Zo_SB_chr01B_1727	1315.96921176461	0.606316124249597	0.161251776405545	3.76005857277953	0.000169873578602554	0.0010150445949675
Zo_SA_chr02A_1278-Zo_SB_chr02B_1271	1602.03561213188	-0.702098507460777	0.187351568500402	-3.74749201771039	0.000178611518940222	0.0010612486615463
Zo_SA_chr02A_1336-Zo_SB_chr02B_1317	380.492227933121	-0.727750775773702	0.194194920692279	-3.74752734612917	0.000178586371974958	0.0010612486615463
Zo_SA_chr02A_2338-Zo_SB_chr02B_2304	281.267065956829	0.806090150016612	0.215072899485078	3.74798569204456	0.000178260420425128	0.0010612486615463
Zo_SA_chr02A_1979-Zo_SB_chr02B_1938	416.535593136138	0.969236198553709	0.259001536940547	3.7422024981118	0.000182414426971665	0.00108107686649835
Zo_SA_chr02A_727-Zo_SB_chr02B_699	587.026981687731	-0.921399060089393	0.246482344288057	-3.73819497193916	0.000185346188556836	0.00109453999226238
Zo_SA_chr01A_3697-Zo_SB_chr01B_3688	495.824812933743	0.881122885170439	0.236086819084916	3.73219855553865	0.000189815784103749	0.00111711977689796
Zo_SA_chr01A_3331-Zo_SB_chr01B_3347	3912.01034550066	-0.826230640771345	0.222114795215262	-3.71983613235041	0.000199352076986315	0.00116246750747818
Zo_SA_chr01A_1038-Zo_SB_chr01B_1075	593.629513035955	0.57933416579786	0.156561039550487	3.70037250302647	0.000215283221074137	0.00124820031944696
Zo_SA_chr01A_3634-Zo_SB_chr01B_3626	179.346946612244	-0.847131416329766	0.229120258078085	-3.69732219855068	0.000217885725947957	0.00126184903316952
Zo_SA_chr01A_54-Zo_SB_chr01B_110	493.288857522452	-0.749810751196715	0.203042449649465	-3.69287679739483	0.000221731459283099	0.00128265840740189
Zo_SA_chr02A_2394-Zo_SB_chr02B_2361	955.357980608437	-0.645438712341441	0.175312988415036	-3.68163658709318	0.000231741581774076	0.00133146549075852
Zo_SA_chr01A_2145-Zo_SB_chr01B_2165	625.838241297692	-0.825773642592466	0.224827659707926	-3.67291837519116	0.000239796097605013	0.00137308272799984
Zo_SA_chr02A_2581-Zo_SB_chr02B_2530	1689.85684284099	-0.488019420424397	0.132955803732689	-3.67053868070003	0.000242039836882378	0.00138436974270901
Zo_SA_chr01A_1286-Zo_SB_chr01B_1314	2020.75566356117	-0.63710763435351	0.17392238415347	-3.66317215265014	0.000249110994807272	0.00142321118405639
Zo_SA_chr01A_449-Zo_SB_chr01B_505	302.302885012669	0.902526595820184	0.247132353613974	3.65199692643219	0.000260209000069389	0.00148161604411707
Zo_SA_chr01A_2045-Zo_SB_chr01B_2074	372.995278467835	0.734825249984581	0.20235085917099	3.6314412154961	0.000281842860645533	0.00159230243517092
Zo_SA_chr01A_2221-Zo_SB_chr01B_2238	256.933041371857	-0.768031048192549	0.211701807045019	-3.6278908475695	0.000285746010217213	0.00160898446329626
Zo_SA_chr02A_2908-Zo_SB_chr02B_2879	1015.74505308604	-0.706658689889948	0.194960362130596	-3.62462749949443	0.000289378234482706	0.00162583191696644
Zo_SA_chr02A_889-Zo_SB_chr02B_856	4640.61939966403	-0.94186351757572	0.26006220721452	-3.62168547157948	0.000292689849368132	0.0016426207126417
Zo_SA_chr01A_3385-Zo_SB_chr01B_3401	6478.16170339079	0.722410587007799	0.200467826165709	3.60362358800982	0.000313811427808249	0.00175148158443747
Zo_SA_chr02A_1160-Zo_SB_chr02B_1134	446.332236753433	-0.660221308692681	0.184150247494768	-3.58523172069827	0.000336779048110837	0.00187144506056339
Zo_SA_chr01A_4231-Zo_SB_chr01B_4248	586.341774994851	-0.761095879138668	0.212428549244143	-3.58283235396927	0.000339888755967479	0.00188666119296047
Zo_SA_chr01A_1208-Zo_SB_chr01B_1243	147.713922415456	0.964252777471168	0.269418640048612	3.57901286005001	0.000344894498131419	0.00191027170775297
Zo_SA_chr02A_2203-Zo_SB_chr02B_2172	456.655399906136	0.67892742344846	0.190103244891031	3.57136157164297	0.000355130231853006	0.00195572464818446
Zo_SA_chr02A_2485-Zo_SB_chr02B_2442	2682.14153566747	0.687650560028311	0.192542374058317	3.57142454169614	0.000355044844413419	0.00195572464818446
Zo_SA_chr02A_593-Zo_SB_chr02B_577	2676.63173363996	-0.534524497090201	0.149696549207532	-3.57072023316424	0.000356000981871022	0.00195684955294688
Zo_SA_chr02A_1836-Zo_SB_chr02B_1810	279.74816242122	-0.79523268631982	0.223807173052159	-3.55320464252721	0.000380568286952688	0.00208737184603964
Zo_SA_chr01A_1739-Zo_SB_chr01B_1765	286.508718647475	0.837470300002699	0.235771031086063	3.55204919003386	0.000382243394894452	0.00209204116666909
Zo_SA_chr01A_3854-Zo_SB_chr01B_3843	2323.23106347628	0.507073447604561	0.142794705239564	3.55106617401433	0.000383673937114367	0.00209761025468662
Zo_SA_chr01A_590-Zo_SB_chr01B_640	441.005035971786	-0.652295755720504	0.183773693585892	-3.54945119180312	0.000386035020963037	0.00210824932416265
Zo_SA_chr01A_2025-Zo_SB_chr01B_2051	328.654220482087	0.884287213089642	0.250014865428661	3.53693853992839	0.000404793852436554	0.00220122909692212
Zo_SA_chr01A_1190-Zo_SB_chr01B_1205	1106.82528375978	-0.547282407838135	0.154867306230411	-3.53387955895539	0.000409507639731136	0.00222031600830692
Zo_SA_chr02A_3448-Zo_SB_chr02B_3480	1060.50714731304	0.509621640077793	0.144213081235717	3.53381007957812	0.000409615298244454	0.00222031600830692
Zo_SA_chr01A_2708-Zo_SB_chr01B_2700	1077.20378873616	-0.594352335625158	0.168222971441319	-3.53312232290753	0.000410682406339844	0.00222135883045801
Zo_SA_chr01A_958-Zo_SB_chr01B_988	552.259151357242	-0.637276316807509	0.181111508155496	-3.51869587580468	0.000433673541118352	0.00233576661223766
Zo_SA_chr01A_2516-Zo_SB_chr01B_2523	668.84982603128	-0.879473314641451	0.250193209207866	-3.51517660061974	0.000439461644074502	0.00236193194735915
Zo_SA_chr01A_3996-Zo_SB_chr01B_3972	562.38364998905	0.676418818996904	0.192955764234994	3.5055641985026	0.000455640601898441	0.00243856545526047
Zo_SA_chr01A_382-Zo_SB_chr01B_439	972.003799699884	-0.678533775765784	0.193758682066336	-3.50195288556658	0.000461861283567499	0.00246692572599509
Zo_SA_chr02A_2265-Zo_SB_chr02B_2236	496.65631247282	-0.8282532541817	0.236581993020637	-3.50091418035122	0.000463665129458918	0.00247369242911959
Zo_SA_chr02A_3277-Zo_SB_chr02B_3275	403.261293485619	-0.76572534022753	0.218832506367576	-3.49913892107661	0.000466763322210903	0.00248760851365076
Zo_SA_chr02A_1622-Zo_SB_chr02B_1604	676.649127776825	0.76325079133941	0.219023716089976	3.48478605406304	0.000492530685765541	0.00261396379624157
Zo_SA_chr02A_3446-Zo_SB_chr02B_3478	554.70680298415	0.958352337785552	0.27500070300174	3.48490868323158	0.000492305021520445	0.00261396379624157
Zo_SA_chr02A_2613-Zo_SB_chr02B_2559	1413.01284781517	0.833301990406276	0.239415203651558	3.48057256889606	0.000500343261440024	0.00264988886846077
Zo_SA_chr01A_524-Zo_SB_chr01B_581	372.315697865677	0.676017548033307	0.194384122770689	3.47774056027606	0.000505659088755395	0.00266969076069506
Zo_SA_chr01A_630-Zo_SB_chr01B_680	2660.44396213072	-0.691317875583104	0.199641266525421	-3.46280049017359	0.000534584622809536	0.00280585482343549
Zo_SA_chr02A_1616-Zo_SB_chr02B_1598	631.20010818659	0.811587046979922	0.23488755010387	3.45521525777347	0.000549853639583954	0.00287020209192898
Zo_SA_chr01A_602-Zo_SB_chr01B_652	184.628260800875	0.85775769362043	0.248319194264934	3.45425449756123	0.000551816371601677	0.00287749009380382
Zo_SA_chr02A_2077-Zo_SB_chr02B_2033	562.916268677154	-0.945784551254537	0.273876089138365	-3.45333013272552	0.000553710909955169	0.00288440790939724
Zo_SA_chr02A_30-Zo_SB_chr02B_32	699.969486919273	0.801988304362676	0.232560288323725	3.44851784517185	0.000563672222232874	0.0029302878369711
Zo_SA_chr01A_1592-Zo_SB_chr01B_1613	672.753642925173	0.830816500506971	0.241174582560403	3.44487587243523	0.000571321688040849	0.00296096209546885
Zo_SA_chr02A_2350-Zo_SB_chr02B_2317	1773.62553403668	-0.672629356978587	0.195418496623036	-3.44199432808091	0.000577442357151429	0.00298963275430388
Zo_SA_chr01A_2621-Zo_SB_chr01B_2622	1164.97068995181	0.597083065933228	0.174431669052914	3.42301985169964	0.000619295543445084	0.00319174462177009
Zo_SA_chr01A_3771-Zo_SB_chr01B_3756	1085.4970583792	-0.601440607872834	0.175712033906535	-3.42287659246352	0.000619622011629319	0.00319174462177009
Zo_SA_chr02A_2764-Zo_SB_chr02B_2728	864.066258134805	-0.558215074688558	0.163482108109922	-3.41453313235493	0.000638914223205089	0.00327782357541277
Zo_SA_chr01A_3010-Zo_SB_chr01B_3009	729.329535265958	-0.580954497307106	0.170249276309726	-3.41237572282072	0.000643992838474656	0.00329389690494741
Zo_SA_chr02A_2940-Zo_SB_chr02B_2911	934.569522780528	0.560984493254055	0.164954198480318	3.40085004457156	0.000671766673524766	0.00342216944316177
Zo_SA_chr02A_3312-Zo_SB_chr02B_3309	274.688522346043	0.802200261340087	0.236238033825274	3.39572865702654	0.000684461767345791	0.0034798611775268
Zo_SA_chr02A_3185-Zo_SB_chr02B_3192	685.276371045646	0.730600600389346	0.215466028369578	3.39079253429309	0.000696908348968882	0.00353959750441295
Zo_SA_chr02A_1788-Zo_SB_chr02B_1762	113.378438684357	0.920877288818631	0.27169979418902	3.38931905181341	0.000700664348244072	0.00355511910562601
Zo_SA_chr01A_3164-Zo_SB_chr01B_3168	404.937030800693	-0.684866348028052	0.202328983276124	-3.38491469160103	0.000712003789750811	0.003605450895458
Zo_SA_chr02A_1341-Zo_SB_chr02B_1322	266.485353315992	-0.836034577422773	0.247641346309995	-3.37598946977228	0.00073550734233331	0.00370668363085761
Zo_SA_chr01A_1405-Zo_SB_chr01B_1432	2107.84089066707	-0.530193140429298	0.157299166644285	-3.37060361946019	0.000750036926873533	0.00376055039643699
Zo_SA_chr01A_1919-Zo_SB_chr01B_1950	438.22148257948	-0.715054001091514	0.212311041984748	-3.36795483836814	0.000757279997674985	0.0037856546340465
Zo_SA_chr01A_2092-Zo_SB_chr01B_2117	277.743667117777	0.675705170395514	0.200724446055929	3.3663322214736	0.000761749055003068	0.00380425118029556
Zo_SA_chr02A_2303-Zo_SB_chr02B_2272	1950.91762328772	0.527947802149368	0.15696437945624	3.36348797082688	0.000769641903279893	0.00383989315005754
Zo_SA_chr02A_2846-Zo_SB_chr02B_2807	621.344897929156	0.887915589880567	0.264052135957434	3.36265255594714	0.000771974580460106	0.00384775161350037
Zo_SA_chr02A_1957-Zo_SB_chr02B_1916	5715.7093772651	0.538008237389916	0.160265829445965	3.35697409266716	0.000788004959448803	0.00392380116572595
Zo_SA_chr01A_3249-Zo_SB_chr01B_3259	513.235382902419	0.592374972633598	0.176508878116356	3.35606332641863	0.000790604634235006	0.00393289024219353
Zo_SA_chr01A_3690-Zo_SB_chr01B_3681	615.250169980111	0.738355278208138	0.220071256291659	3.35507367318156	0.000793438505468171	0.0039413846851075
Zo_SA_chr02A_2366-Zo_SB_chr02B_2333	761.120088834407	-0.602258056244315	0.179703798960874	-3.3513930129849	0.00080406101106213	0.00398811120623492
Zo_SA_chr02A_1198-Zo_SB_chr02B_1170	485.651257500712	0.784368805384445	0.234784208765505	3.34080732903058	0.000835351709333498	0.00412719001138603
Zo_SA_chr01A_2379-Zo_SB_chr01B_2387	292.766452878073	0.665482732894605	0.200028724452774	3.32693584241559	0.000878065872426947	0.0043214114012175
Zo_SA_chr01A_3240-Zo_SB_chr01B_3252	542.342779176751	-0.710621749850602	0.214418327822628	-3.31418380633229	0.0009191106676148	0.00451030249354161
Zo_SA_chr01A_2115-Zo_SB_chr01B_2138	7209.40659419632	0.613765166830094	0.185288819522286	3.31247815390325	0.000924733478733179	0.00452042477236364
Zo_SA_chr01A_3025-Zo_SB_chr01B_3024	539.763110971774	-0.685262405462779	0.206950401805784	-3.31123979215984	0.000928835783549534	0.00453201657182973
Zo_SA_chr02A_1804-Zo_SB_chr02B_1780	576.483703601289	-0.642043741225704	0.194272326235966	-3.30486463854799	0.00095022280409509	0.00463032890417082
Zo_SA_chr01A_2744-Zo_SB_chr01B_2730	215.316657964619	0.868608084610196	0.263104116198403	3.3013853875064	0.000962086328916927	0.00468049469786309
Zo_SA_chr01A_1120-Zo_SB_chr01B_1147	290.946994979755	-0.828311528675509	0.250975192735848	-3.30037211903772	0.000965567070227269	0.00469293315759263
Zo_SA_chr01A_2002-Zo_SB_chr01B_2031	175.426783912013	0.836269314638111	0.25384116420473	3.29445902621072	0.000986113200103317	0.00478363795924045
Zo_SA_chr02A_3386-Zo_SB_chr02B_3409	912.540829858955	0.534740567108217	0.162500702117426	3.29069696401561	0.000999395098242255	0.00483882526594129
Zo_SA_chr01A_3000-Zo_SB_chr01B_2999	1172.54563676542	-0.773620720250197	0.235134873713856	-3.29011476703215	0.00100146527140282	0.00484423058424279
Zo_SA_chr01A_2283-Zo_SB_chr01B_2298	175.910397402643	0.96814781948607	0.294470531198449	3.28775791433478	0.001009886386031	0.00487230189398288
Zo_SA_chr01A_2829-Zo_SB_chr01B_2820	250.847554180211	0.765181896550243	0.232713048578437	3.28809192791067	0.00100868897088559	0.00487230189398288
Zo_SA_chr02A_3544-Zo_SB_chr02B_3578	279.789582476811	0.870785812005228	0.26486287527056	3.28768541501224	0.00101014646473006	0.00487230189398288
Zo_SA_chr01A_934-Zo_SB_chr01B_966	360.719359833711	-0.905221008366774	0.275843280389537	-3.28164966385424	0.00103201740170657	0.00495652496647717
Zo_SA_chr01A_1230-Zo_SB_chr01B_1259	1898.92599399541	-0.523582273527288	0.159554740313865	-3.28152126660312	0.00103248738226676	0.00495652496647717
Zo_SA_chr02A_1806-Zo_SB_chr02B_1782	3388.92055342199	0.677336174881236	0.206398410155134	3.28169279197515	0.0010318595815485	0.00495652496647717
Zo_SA_chr01A_1637-Zo_SB_chr01B_1653	1108.380738209	-0.647829818200341	0.197535528375271	-3.27956101633331	0.00103968724925962	0.00498637539092504
Zo_SA_chr01A_1818-Zo_SB_chr01B_1848	996.546168495525	-0.698952376641241	0.213575111402846	-3.27263028004642	0.0010655175464294	0.00508624400217566
Zo_SA_chr01A_2178-Zo_SB_chr01B_2196	1099.6189968981	-0.556522183625416	0.170108014405922	-3.27158121014458	0.00106947868036537	0.00510035888974244
Zo_SA_chr01A_3999-Zo_SB_chr01B_3975	663.451991130569	-0.612034802953182	0.187130136479407	-3.27063729267645	0.00107305441223733	0.00511261103166358
Zo_SA_chr01A_854-Zo_SB_chr01B_900	465.092674871443	0.97251507491331	0.297511267916471	3.26883442675641	0.0010799147489169	0.00514047517314802
Zo_SA_chr02A_771-Zo_SB_chr02B_731	2507.01176409678	-0.699574439582604	0.214033799344891	-3.26852320392314	0.00108110312441736	0.00514131345404096
Zo_SA_chr02A_2401-Zo_SB_chr02B_2368	677.856250335181	-0.69656732777434	0.213664855624818	-3.2600931292017	0.00111375636980415	0.00528669962825729
Zo_SA_chr01A_2979-Zo_SB_chr01B_2976	677.48543835025	0.550668345093263	0.169610784422074	3.24665879572217	0.00116768287225581	0.00553233330987616
Zo_SA_chr01A_1991-Zo_SB_chr01B_2023	468.552059354735	0.76733670240789	0.236589755556563	3.24332176007696	0.00118144706206152	0.00559232956962765
Zo_SA_chr02A_1061-Zo_SB_chr02B_1041	713.260967449092	-0.728413348351705	0.224771773263413	-3.24067981391092	0.00119245039224047	0.00563391213226916
Zo_SA_chr02A_3270-Zo_SB_chr02B_3267	675.184107121224	0.931744075580884	0.287813186412758	3.23732240066532	0.00120657015044613	0.00569003694903982
Zo_SA_chr01A_4112-Zo_SB_chr01B_4132	30369.4356124249	-0.709916891386063	0.219428780930317	-3.23529524420732	0.00121517006444289	0.00572527714035757
Zo_SA_chr02A_246-Zo_SB_chr02B_234	379.170233207101	-0.702908078605202	0.218017189430699	-3.22409476262254	0.00126371573862816	0.00592651176038084
Zo_SA_chr02A_225-Zo_SB_chr02B_210	3142.70673744973	-0.442810603502859	0.137407567698667	-3.2226071017714	0.00127029665606682	0.0059463932867865
Zo_SA_chr02A_3495-Zo_SB_chr02B_3522	255.556395047152	0.911069858889897	0.283919708532259	3.20889966955704	0.0013324397889555	0.00622581572042778
Zo_SA_chr02A_577-Zo_SB_chr02B_562	701.475787471137	0.502798716788631	0.156889901776403	3.20478699454609	0.00135162466115178	0.00630385826812663
Zo_SA_chr01A_1588-Zo_SB_chr01B_1609	338.659448277525	0.800993206577997	0.250426691730525	3.19851370891372	0.00138137965115847	0.00641318761264521
Zo_SA_chr02A_130-Zo_SB_chr02B_124	296.857297462286	-0.640467621879147	0.200678340375348	-3.19151344724707	0.00141529522705257	0.00654075018944498
Zo_SA_chr01A_2820-Zo_SB_chr01B_2811	542.411344427817	0.612345811458924	0.192407704779057	3.18254309078779	0.00145987790731661	0.00672842095395742
Zo_SA_chr02A_1004-Zo_SB_chr02B_977	739.945777113794	0.899060352171736	0.282546674993915	3.18198878890045	0.00146267480258593	0.00673519974826286
Zo_SA_chr01A_660-Zo_SB_chr01B_711	184.936872460771	0.952411297491355	0.299765355519948	3.17718935812106	0.00148709905657877	0.00683527249625664
Zo_SA_chr01A_1971-Zo_SB_chr01B_2004	2729.10464024276	-0.525456945367854	0.165513976161713	-3.17469834000281	0.00149992343750729	0.00687555156958441
Zo_SA_chr01A_4029-Zo_SB_chr01B_4004	256.010580105993	0.71041308742162	0.223974223120634	3.1718519994106	0.00151470179092411	0.00693703372056227
Zo_SA_chr02A_1338-Zo_SB_chr02B_1319	1418.8345181719	0.478648896095942	0.15099241890957	3.17001939271275	0.00152428764020262	0.00697464587800822
Zo_SA_chr02A_2146-Zo_SB_chr02B_2105	8399.814859788	-0.79601199672789	0.251335050039435	-3.16713485287068	0.00153948910750013	0.00703153343254782
Zo_SA_chr01A_150-Zo_SB_chr01B_214	944.060719115782	-0.564741087737251	0.178730541025152	-3.15973467376109	0.00157912871992054	0.00720610491327619
Zo_SA_chr02A_423-Zo_SB_chr02B_411	456.833782207133	0.732250889105307	0.231785770211349	3.15917102433691	0.00158218613582485	0.00721357574852283
Zo_SA_chr02A_3224-Zo_SB_chr02B_3228	634.42836534795	0.588520177254667	0.186357667434315	3.15801429239343	0.00158847769785301	0.00723576522636363
Zo_SA_chr01A_559-Zo_SB_chr01B_612	211.787460822478	0.802144928168663	0.254268780571773	3.15471260909375	0.001606562742062	0.00730504222643946
Zo_SA_chr01A_698-Zo_SB_chr01B_742	2799.78159692076	-0.519913104948268	0.164792795567172	-3.1549504525296	0.00160525364151085	0.00730504222643946
Zo_SA_chr02A_69-Zo_SB_chr02B_67	441.188522860823	-0.711151853402242	0.2255335059771	-3.15319823687062	0.00161492098604492	0.0073364791485887
Zo_SA_chr01A_1207-Zo_SB_chr01B_1242	810.933177320433	0.836942675588886	0.265455710685424	3.15285240399555	0.00161683533959637	0.0073386118765058
Zo_SA_chr01A_4247-Zo_SB_chr01B_4267	994.333993986644	0.681523439930985	0.216286731299084	3.15101826097952	0.00162702317457949	0.00737167770177451
Zo_SA_chr02A_913-Zo_SB_chr02B_882	2295.03917414839	0.487711177513838	0.154908383407849	3.14838465668945	0.00164175500113103	0.00742517689291585
Zo_SA_chr02A_2232-Zo_SB_chr02B_2202	198.540447812151	-0.889401822517338	0.283324405643585	-3.13916416941568	0.00169430496973762	0.00765602752784465
Zo_SA_chr01A_2428-Zo_SB_chr01B_2437	415.748084127224	0.665943729491394	0.212277023386581	3.13714465591801	0.00170601933057017	0.00770210860441414
Zo_SA_chr01A_1156-Zo_SB_chr01B_1178	2138.88241336539	0.801081548438738	0.25546830130943	3.13573756247921	0.0017142252799516	0.00772542164762571
Zo_SA_chr01A_1546-Zo_SB_chr01B_1570	3397.09079688361	-0.600619303563977	0.191638712461008	-3.13412303730741	0.00172368565279328	0.00776116970792292
Zo_SA_chr01A_2501-Zo_SB_chr01B_2509	1305.60956642679	0.635504059824888	0.20397635683421	3.11557706828454	0.00183585368861492	0.0082080113419676
Zo_SA_chr02A_497-Zo_SB_chr02B_479	495.676891583922	0.614416666850642	0.19725496552718	3.11483498125669	0.00184047843291607	0.00821422667906917
Zo_SA_chr02A_1485-Zo_SB_chr02B_1474	555.412116450563	-0.600221330318893	0.193333382051679	-3.10459230552565	0.00190541463244995	0.00847425649580849
Zo_SA_chr02A_1795-Zo_SB_chr02B_1768	255.700301316219	-0.890351812670007	0.286869126066383	-3.10368642620668	0.0019112578081682	0.00849280700584976
Zo_SA_chr01A_617-Zo_SB_chr01B_666	843.408084971428	0.659514464155186	0.212668521038597	3.10113815121464	0.00192778326304559	0.00855127615109919
Zo_SA_chr02A_2016-Zo_SB_chr02B_1962	915.725955401418	-0.670215867013648	0.216315289269681	-3.09832869084943	0.00194615448729117	0.00861771459542447
Zo_SA_chr02A_1606-Zo_SB_chr02B_1588	8742.73302975192	-0.463252672600902	0.149874581227528	-3.09093555963053	0.00199526930715013	0.00880994556811
Zo_SA_chr01A_4243-Zo_SB_chr01B_4263	191.506630634662	0.759617159933932	0.246140125197866	3.08611673664866	0.00202789189763035	0.0089251845303852
Zo_SA_chr02A_1933-Zo_SB_chr02B_1891	619.778849297486	0.709900831053363	0.230340711333273	3.08195987997202	0.00205642551910337	0.00904293091907012
Zo_SA_chr01A_1925-Zo_SB_chr01B_1956	1211.54670396393	0.730022022025537	0.237327971416779	3.07600498022849	0.00209794340917981	0.00920160153300886
Zo_SA_chr02A_1900-Zo_SB_chr02B_1858	1482.37482924703	-0.503967657055096	0.164028339524514	-3.07244259446873	0.002123146658443	0.00930410860934598
Zo_SA_chr02A_1308-Zo_SB_chr02B_1294	325.615435490814	0.583654965672218	0.189991590225405	3.07200421334319	0.0021262672390448	0.00930975112681769
Zo_SA_chr01A_470-Zo_SB_chr01B_527	711.008062050877	0.603658671421281	0.196533600789847	3.07152908711408	0.00212965413571026	0.00931654897094955
Zo_SA_chr01A_2567-Zo_SB_chr01B_2572	2317.1067504217	0.559178857856876	0.182209531015193	3.06887820160325	0.00214864171272148	0.00938344906183352
Zo_SA_chr01A_2613-Zo_SB_chr01B_2607	2972.51533774388	0.832869296080073	0.27272326668467	3.05389894380761	0.00225888158290267	0.00983107074512654
Zo_SA_chr02A_3209-Zo_SB_chr02B_3215	8405.92443545938	-0.364168554396839	0.119246658721298	-3.05390992336288	0.00225879891489213	0.00983107074512654
Zo_SA_chr02A_908-Zo_SB_chr02B_873	153.095714849758	-0.721617117085644	0.236412668818528	-3.05236229806094	0.0022704787796036	0.00987308366575915
Zo_SA_chr02A_1102-Zo_SB_chr02B_1063	157.710907075158	-0.969530181246111	0.318422021604562	-3.04479626239588	0.00232837980735221	0.0101075564457623
Zo_SA_chr01A_1423-Zo_SB_chr01B_1454	857.638388413393	0.586866352661987	0.192778534494237	3.04425155114732	0.00233260008819069	0.0101113337113673
Zo_SA_chr01A_4026-Zo_SB_chr01B_3999	934.492805559902	0.761775688808633	0.250240839929806	3.04417012435826	0.00233323156324522	0.0101113337113673
Zo_SA_chr01A_1666-Zo_SB_chr01B_1689	172.719298627424	0.771614120800973	0.253968479195798	3.03822790625168	0.00237973902741039	0.0102953104942226
Zo_SA_chr02A_2043-Zo_SB_chr02B_1992	1173.25570441886	0.6159156752999	0.203039941391781	3.03347051362394	0.00241758335914982	0.010435996698343
Zo_SA_chr02A_3306-Zo_SB_chr02B_3304	330.949458564178	-0.905589615495422	0.29858846261215	-3.03290223464439	0.00242214057294471	0.0104431680560154
Zo_SA_chr02A_858-Zo_SB_chr02B_767	710.402164681934	-0.521315471374953	0.172105387470312	-3.02904795159233	0.00245325740813745	0.0105518554753687
Zo_SA_chr01A_4119-Zo_SB_chr01B_4141	3156.35117047319	0.47328328833787	0.156319642719408	3.0276635751235	0.00246452290972795	0.0105809905820019
Zo_SA_chr01A_1949-Zo_SB_chr01B_1987	281.273428064629	0.698276870733386	0.230709298079111	3.02665248668888	0.0024727806321251	0.0106074770528407
Zo_SA_chr02A_157-Zo_SB_chr02B_150	998.005568135445	0.505864879433445	0.167390654877358	3.02206165454144	0.00251059406998959	0.0107515238461022
Zo_SA_chr01A_2261-Zo_SB_chr01B_2274	1128.7967670021	-0.456601194347568	0.151173998837368	-3.02036856773747	0.00252467255712712	0.0108027059120881
Zo_SA_chr02A_3635-Zo_SB_chr02B_3654	823.622883836361	0.544027359725362	0.18025531121011	3.01809337030425	0.00254370518355918	0.0108658356831767
Zo_SA_chr02A_386-Zo_SB_chr02B_378	2334.42755392768	0.587148088763045	0.194778117959603	3.01444584696531	0.00257449166377015	0.0109604720538882
Zo_SA_chr02A_1019-Zo_SB_chr02B_995	126.297978163231	-0.800531877684729	0.266264162481951	-3.00653257360158	0.00264245740980938	0.0112333071662505
Zo_SA_chr02A_1815-Zo_SB_chr02B_1791	1722.49741929356	-0.453764635716307	0.151000516043034	-3.00505354290967	0.00265534101566812	0.0112658373203035
Zo_SA_chr02A_87-Zo_SB_chr02B_86	1108.33856649715	0.442184290961037	0.14724144782008	3.00312376377444	0.002672237345212	0.0113196776283
Zo_SA_chr02A_1454-Zo_SB_chr02B_1447	325.43461170757	-0.720651943958606	0.239996142288253	-3.00276469899691	0.00267539198549005	0.0113235965785866
Zo_SA_chr02A_3102-Zo_SB_chr02B_3100	282.349641540932	-0.76045371605942	0.253989555916026	-2.99403537801704	0.00275314019230081	0.0116139526882856
Zo_SA_chr02A_1942-Zo_SB_chr02B_1901	720.595729254812	-0.69921157476639	0.233868090942248	-2.9897690272721	0.0027918847150361	0.0117578627426769
Zo_SA_chr02A_228-Zo_SB_chr02B_213	1646.28842551453	-0.912776469113374	0.305399043956519	-2.98879936652103	0.00280075977615971	0.0117854671939645
Zo_SA_chr01A_1318-Zo_SB_chr01B_1344	2300.23047418922	-0.39674737946162	0.13281982913646	-2.98710954562363	0.00281628787947389	0.011840998460139
Zo_SA_chr02A_3616-Zo_SB_chr02B_3634	111.72113229992	-0.885609328415894	0.296768410670744	-2.98417653824501	0.00284342663723474	0.0119353420582771
Zo_SA_chr01A_2291-Zo_SB_chr01B_2308	327.110221584429	-0.825673985182659	0.27679523084687	-2.98297764255716	0.00285458845856592	0.0119722995714751
Zo_SA_chr01A_509-Zo_SB_chr01B_567	364.446271401213	-0.530074645477281	0.17807411471257	-2.97670802032556	0.00291361347044448	0.0121796237171914
Zo_SA_chr02A_1689-Zo_SB_chr02B_1670	847.730681981079	0.981431756136902	0.330136600850366	2.97280505587363	0.00295091808591305	0.0123152941317604
Zo_SA_chr01A_2591-Zo_SB_chr01B_2590	518.944360455814	0.79745018217303	0.268412842739381	2.97098370567657	0.00296847530125867	0.012363420615034
Zo_SA_chr01A_445-Zo_SB_chr01B_501	459.418996722945	0.56478566899255	0.190135380388697	2.97043963010961	0.00297373846850731	0.0123698752510636
Zo_SA_chr02A_1574-Zo_SB_chr02B_1561	537.766439731944	0.588929397354232	0.198568614099593	2.96587353457004	0.00301824573351028	0.0125140163922438
Zo_SA_chr01A_593-Zo_SB_chr01B_642	460.907001762767	0.624881676246852	0.210824039306107	2.96399631798892	0.00303671920352407	0.0125717443911324
Zo_SA_chr01A_925-Zo_SB_chr01B_958	1110.15804704605	0.819538335812705	0.277667759409659	2.95150700086715	0.00316227377456522	0.0130685016281666
Zo_SA_chr02A_1884-Zo_SB_chr02B_1847	1598.08900618946	-0.444545560626601	0.150635755396928	-2.9511290958459	0.00316614554732439	0.0130738644185859
Zo_SA_chr01A_3939-Zo_SB_chr01B_3927	393.315485169249	-0.631273856458023	0.21438019416038	-2.94464635098595	0.00323323993420349	0.013329241579399
Zo_SA_chr01A_4105-Zo_SB_chr01B_4126	581.646593559164	-0.916485661592139	0.311586436333693	-2.94135287907921	0.00326782030907834	0.0134390763966064
Zo_SA_chr02A_236-Zo_SB_chr02B_226	1249.32201152125	0.777475198649937	0.264407929140348	2.94043828858571	0.00327748280424258	0.013467908707725
Zo_SA_chr01A_4006-Zo_SB_chr01B_3982	538.524326533849	-0.700958318089144	0.23849928340247	-2.93903741801299	0.00329233323852121	0.0135179955686736
Zo_SA_chr02A_2954-Zo_SB_chr02B_2934	232.653471751921	0.701403518428318	0.238761532534198	2.93767388315728	0.00330684672094077	0.0135328937249666
Zo_SA_chr01A_952-Zo_SB_chr01B_982	393.672346388966	0.942332778456146	0.320996744712956	2.93564590288542	0.00332854037822913	0.0135897560940721
Zo_SA_chr01A_2568-Zo_SB_chr01B_2573	1370.73874617319	0.536846067369032	0.182971484374934	2.93404225911487	0.00334578651647872	0.0136384868232701
Zo_SA_chr01A_2208-Zo_SB_chr01B_2225	4476.68750031156	-0.390155788486424	0.133261206804253	-2.92775217816783	0.0034142206087643	0.0138837681920848
Zo_SA_chr01A_2134-Zo_SB_chr01B_2156	389.98252463043	0.613995411294331	0.209763175812841	2.92708865088008	0.00342151338006254	0.0139022931658701
Zo_SA_chr01A_4137-Zo_SB_chr01B_4159	264.407737862954	-0.565489253823485	0.193499472825667	-2.92243304627999	0.00347308283414686	0.0140892873120063
Zo_SA_chr01A_960-Zo_SB_chr01B_993	164.475123414223	0.704144289159325	0.241395432840015	2.91697436391017	0.00353444821474387	0.0143153608314865
Zo_SA_chr02A_1326-Zo_SB_chr02B_1308	867.061942307002	-0.61934505756215	0.212447608672305	-2.91528373245882	0.00355365306003594	0.0143816764079064
Zo_SA_chr01A_895-Zo_SB_chr01B_934	621.897707309944	-0.63032360535258	0.216459075137251	-2.91197587790167	0.0035915036977859	0.0144886793336415
Zo_SA_chr01A_4159-Zo_SB_chr01B_4180	181.716374743922	-0.768117042905513	0.263767247484772	-2.91210167384356	0.00359005757675383	0.0144886793336415
Zo_SA_chr02A_3147-Zo_SB_chr02B_3145	307.635241424093	0.743873552997573	0.255852479183468	2.90743148306236	0.00364410164891051	0.0146892002181083
Zo_SA_chr02A_1655-Zo_SB_chr02B_1637	1033.25453545588	0.420673798970236	0.145756713469274	2.88613669283174	0.0039000273063541	0.0156463180797571
Zo_SA_chr01A_2853-Zo_SB_chr01B_2849	403.121201674091	-0.709387899325487	0.246383978770523	-2.87919654055996	0.00398689784077493	0.0159696010514951
Zo_SA_chr02A_334-Zo_SB_chr02B_332	1288.15985721164	-0.503629451022088	0.175002387514607	-2.87784331502364	0.00400403959103904	0.0160182749391543
Zo_SA_chr01A_1665-Zo_SB_chr01B_1688	533.102647712968	0.816683722007234	0.284368433370274	2.87192116342898	0.00407984733314004	0.0162777255341856
Zo_SA_chr02A_2264-Zo_SB_chr02B_2235	864.973761127796	0.657040567660996	0.229095258559833	2.8679797730925	0.00413101942505277	0.016456037380269
Zo_SA_chr02A_3768-Zo_SB_chr02B_3771	783.307907665974	-0.752044075014626	0.262324133249848	-2.86685050932141	0.00414578790836832	0.0165019253813501
Zo_SA_chr02A_1337-Zo_SB_chr02B_1318	180.05344505054	0.818659882408531	0.28617698864203	2.86067683601412	0.00422737721329775	0.0167934335039709
Zo_SA_chr02A_2679-Zo_SB_chr02B_2638	721.640121948593	-0.728721116588881	0.254747764389983	-2.86055941779851	0.00422894299105705	0.0167934335039709
Zo_SA_chr01A_2935-Zo_SB_chr01B_2934	93.6363539862649	0.894895139753148	0.312933882041696	2.85969398364448	0.00424049983479064	0.0168261708288294
Zo_SA_chr02A_179-Zo_SB_chr02B_173	658.437472735667	-0.692758433099895	0.242292337901104	-2.85918423628674	0.00424732030175424	0.0168400779177282
Zo_SA_chr01A_3928-Zo_SB_chr01B_3917	109.991730130097	0.844705447586676	0.295510567719261	2.8584610496541	0.00425701367689469	0.016865345136465
Zo_SA_chr01A_2595-Zo_SB_chr01B_2594	4241.55195001105	0.362140376774401	0.126701908314018	2.85820775387907	0.0042604135182404	0.0168656588146087
Zo_SA_chr02A_911-Zo_SB_chr02B_879	377.399873314924	0.689346097247432	0.241378534029508	2.85587158783208	0.00429188679594397	0.0169638078105832
Zo_SA_chr02A_3208-Zo_SB_chr02B_3214	1216.6649135562	-0.49816552565469	0.174545097167192	-2.85407916773229	0.0043161773948085	0.0170333061291627
Zo_SA_chr02A_1064-Zo_SB_chr02B_1043	847.530156887547	-0.410469848681681	0.144037657576298	-2.84973982213125	0.00437550051961339	0.0172540117539724
Zo_SA_chr02A_353-Zo_SB_chr02B_353	882.051156491462	0.67016008979933	0.235196411941246	2.84936357773494	0.00438067881106609	0.0172610300088477
Zo_SA_chr01A_2729-Zo_SB_chr01B_2717	2145.44444046888	0.55794094543706	0.195832225403438	2.84907626560253	0.00438463685831618	0.0172632330258821
Zo_SA_chr02A_2316-Zo_SB_chr02B_2289	1424.6421128725	0.446424684634858	0.156786596731651	2.84733959369588	0.00440863055599685	0.0173442560758389
Zo_SA_chr01A_325-Zo_SB_chr01B_385	1194.27924039366	-0.94164223330103	0.331647797045806	-2.83928384777112	0.00452149166375747	0.0177196420989384
Zo_SA_chr02A_2913-Zo_SB_chr02B_2886	973.626581071601	0.605158356022224	0.213215099555682	2.83825281269155	0.00453612386481405	0.0177495940750312
Zo_SA_chr01A_2768-Zo_SB_chr01B_2756	172.203378876725	0.884795268415742	0.311788994560175	2.83780147424343	0.00454254263905364	0.0177610269928818
Zo_SA_chr01A_1434-Zo_SB_chr01B_1462	404.568717020052	-0.483626677675991	0.170542789371881	-2.83580841768341	0.00457098567539274	0.0178584894194767
Zo_SA_chr02A_23-Zo_SB_chr02B_25	856.235439194947	0.686171623905158	0.242030970914576	2.83505710575917	0.0045817494925965	0.0178867837608744
Zo_SA_chr02A_45-Zo_SB_chr02B_49	119.710803993171	0.821946153070626	0.289959348841341	2.83469443684114	0.00458695355063421	0.0178933464544325
Zo_SA_chr02A_684-Zo_SB_chr02B_659	668.834076602845	-0.611293359436326	0.216004004416707	-2.83000938379384	0.00465466389159741	0.01812963029557
Zo_SA_chr01A_1642-Zo_SB_chr01B_1656	261.12013154024	0.591820649004368	0.209354873885523	2.82687781765225	0.0047004258630947	0.0182496293449961
Zo_SA_chr01A_1653-Zo_SB_chr01B_1671	813.355868495297	0.884151010199132	0.31293395241549	2.82535980316135	0.00472275503670003	0.0183105899476332
Zo_SA_chr01A_972-Zo_SB_chr01B_1004	383.424729542923	-0.782168562218865	0.276961184167299	-2.8241089615879	0.00474122634821198	0.0183681835412423
Zo_SA_chr02A_1934-Zo_SB_chr02B_1892	8853.44182322397	-0.630116354134786	0.223358306577524	-2.82110105413108	0.00478591241184763	0.0185130610356239
Zo_SA_chr02A_3330-Zo_SB_chr02B_3330	73.3380600136583	0.902035362412457	0.319967280245287	2.81914876333904	0.00481511964029937	0.0186118665548558
Zo_SA_chr01A_2171-Zo_SB_chr01B_2189	447.075094795953	-0.635548728220698	0.225504035292382	-2.8183474739007	0.00482715393641507	0.0186300264764834
Zo_SA_chr02A_1261-Zo_SB_chr02B_1254	433.287818531879	-0.657089239246218	0.233392224569714	-2.8153861614612	0.0048718653894015	0.0187883100324755
Zo_SA_chr01A_2033-Zo_SB_chr01B_2060	859.211218422926	0.849520456835763	0.301946189304397	2.81348295467093	0.00490079843180856	0.0188712321722181
Zo_SA_chr02A_3037-Zo_SB_chr02B_3033	479.641579677245	0.733400836947781	0.260705892352355	2.813134871369	0.0049061068663937	0.0188773611927376
Zo_SA_chr02A_2623-Zo_SB_chr02B_2569	314.741632603268	0.899738033124544	0.320467049642924	2.80758360064495	0.00499147220325124	0.0191691758289987
Zo_SA_chr02A_3506-Zo_SB_chr02B_3530	1256.18498382871	0.445667182009398	0.158737313275159	2.80757669897606	0.00499157916529376	0.0191691758289987
Zo_SA_chr01A_2503-Zo_SB_chr01B_2511	69.1861072493332	0.925141269980145	0.329636695165827	2.80654818940817	0.00500754219139828	0.0192094462160966
Zo_SA_chr02A_1487-Zo_SB_chr02B_1476	366.57655077655	0.630815061791463	0.22578214168868	2.79391034682124	0.00520749135827076	0.0199013157326239
Zo_SA_chr01A_598-Zo_SB_chr01B_648	731.968487585467	0.515053818606074	0.184493711728414	2.79171476242109	0.00524295516196667	0.0200217814042321
Zo_SA_chr02A_3318-Zo_SB_chr02B_3315	587.273411705709	-0.596789761060863	0.213831780362951	-2.79093107697973	0.00525566625039615	0.0200552433401668
Zo_SA_chr02A_3579-Zo_SB_chr02B_3600	513.690392459635	-0.706750181863836	0.253586746644576	-2.78701545414126	0.00531959420408722	0.0202687314047704
Zo_SA_chr01A_3667-Zo_SB_chr01B_3665	3574.25720446057	-0.736854063283136	0.264493513652921	-2.78590598728279	0.00533783502867855	0.0203077633787703
Zo_SA_chr02A_2030-Zo_SB_chr02B_1978	2771.89493144923	-0.371767622479978	0.133461847668893	-2.7855722738254	0.00534333267544333	0.0203091686231188
Zo_SA_chr01A_66-Zo_SB_chr01B_118	430.14627110676	0.496497056552164	0.178351204045134	2.78381667906498	0.00537233891095522	0.0203779756002551
Zo_SA_chr01A_1650-Zo_SB_chr01B_1668	239.541635891082	-0.94798874881257	0.340870087577567	-2.78108517983952	0.00541775198600066	0.0205195841438459
Zo_SA_chr02A_3607-Zo_SB_chr02B_3626	645.763302753208	0.627415655127333	0.225767580530323	2.77903343630448	0.00545209127549537	0.0206342560270052
Zo_SA_chr01A_3983-Zo_SB_chr01B_3957	215.822508218213	0.954849483073481	0.343730639110152	2.77790040930128	0.00547113843304323	0.020690924870757
Zo_SA_chr01A_2505-Zo_SB_chr01B_2513	566.22360725669	-0.535442927438873	0.192915005528329	-2.77553799390813	0.00551104597357396	0.0208108568771614
Zo_SA_chr02A_704-Zo_SB_chr02B_677	3919.12704944646	0.556726227125742	0.201025913325823	2.76942518461985	0.00561552994836941	0.0211739247273706
Zo_SA_chr02A_209-Zo_SB_chr02B_195	179.744884120191	0.723248175593107	0.261343060356082	2.76742827840033	0.00565004760026653	0.0212724920398471
Zo_SA_chr02A_3508-Zo_SB_chr02B_3532	6988.17127258622	0.349623187396724	0.12661942477733	2.76121288666067	0.0057587125431339	0.0216495196199682
Zo_SA_chr01A_2281-Zo_SB_chr01B_2296	109.692184191048	0.957735432659204	0.347719294869149	2.75433502480675	0.00588115316300998	0.0220760138079438
Zo_SA_chr02A_2334-Zo_SB_chr02B_2302	581.756606747906	-0.463672839033641	0.168356688279942	-2.75411000163326	0.00588519840440162	0.0220760138079438
Zo_SA_chr01A_3795-Zo_SB_chr01B_3779	184.938765145413	0.729707842697457	0.265027559563205	2.75332815915483	0.0058992730882828	0.022105203306039
Zo_SA_chr01A_4255-Zo_SB_chr01B_4273	151.802359068907	0.667760348423353	0.242546539150685	2.75312255850618	0.00590297933392956	0.022105203306039
Zo_SA_chr02A_2180-Zo_SB_chr02B_2152	361.831819612441	0.513922443948934	0.186850165720505	2.75045217095323	0.00595130789157752	0.0222366881919597
Zo_SA_chr02A_3151-Zo_SB_chr02B_3151	1528.60675954653	0.491279593682249	0.178604908777849	2.75065000757234	0.0059477152615056	0.0222366881919597
Zo_SA_chr01A_2270-Zo_SB_chr01B_2288	443.404322454488	-0.880532745474779	0.32032316948692	-2.74888871412324	0.00597976847549715	0.0222990044691997
Zo_SA_chr02A_158-Zo_SB_chr02B_151	1542.85717464765	0.680826657320992	0.2481991124915	2.74306644567195	0.00608683674713683	0.0226649881515454
Zo_SA_chr01A_167-Zo_SB_chr01B_232	731.554186464985	0.850533264603488	0.310480231527572	2.73941197614689	0.00615491938918691	0.0228849455180676
Zo_SA_chr02A_2562-Zo_SB_chr02B_2509	2443.56930746324	0.438591960959998	0.160320018248286	2.7357279880093	0.00622424530444294	0.02310887565882
Zo_SA_chr01A_2175-Zo_SB_chr01B_2193	289.791599042939	0.89537705422417	0.328068395236749	2.72923898560246	0.00634806805044157	0.0235513788372482
Zo_SA_chr01A_32-Zo_SB_chr01B_79	872.933967195194	0.728983297204354	0.267567605845992	2.72448264018906	0.00644023159428782	0.0238584509608956
Zo_SA_chr02A_3507-Zo_SB_chr02B_3531	202.834760578638	0.639791617694457	0.234994696397869	2.72257896668114	0.00647745509574836	0.023978858914946
Zo_SA_chr02A_1920-Zo_SB_chr02B_1875	1198.28114098067	0.428170174439074	0.157784777001243	2.71363424645016	0.00665495976239374	0.0246180193978134
Zo_SA_chr01A_2646-Zo_SB_chr01B_2646	141.331735726894	0.87699262903132	0.323558721267685	2.71045894110136	0.00671901668048885	0.0248368891704533
Zo_SA_chr01A_577-Zo_SB_chr01B_628	1854.84989910202	0.420347396369541	0.155147108783168	2.70934727476627	0.00674157348828491	0.0248942564783441
Zo_SA_chr02A_2970-Zo_SB_chr02B_2961	900.246530698466	-0.591019662481973	0.218151932180819	-2.70921122070143	0.00674433882933677	0.0248942564783441
Zo_SA_chr01A_2176-Zo_SB_chr01B_2194	2288.06763785556	0.583479504960315	0.215521926149622	2.70728605383401	0.00678357787101377	0.0250027518192155
Zo_SA_chr02A_835-Zo_SB_chr02B_788	742.066172938031	0.631076620712213	0.233275771211622	2.70528146765708	0.00682465357210111	0.0251101955460987
Zo_SA_chr02A_3597-Zo_SB_chr02B_3617	393.101597217041	0.644434922114589	0.238226087872456	2.70514001161624	0.00682756055309359	0.0251101955460987
Zo_SA_chr01A_380-Zo_SB_chr01B_437	644.056399747303	0.620082753769286	0.22927901161111	2.70448982404475	0.00684093649591386	0.0251411841264446
Zo_SA_chr02A_3600-Zo_SB_chr02B_3619	770.261552684019	0.513867242676533	0.190563812156109	2.69656256800518	0.00700592346386302	0.0256732216976625
Zo_SA_chr01A_1647-Zo_SB_chr01B_1665	590.360854669375	0.532801790711167	0.197766390354022	2.69409675606354	0.00705796726332025	0.0258452889188201
Zo_SA_chr01A_2225-Zo_SB_chr01B_2241	75.2115584494539	-0.955420832490416	0.354986800091061	-2.69142636358685	0.00711472028107503	0.0260343402792364
Zo_SA_chr02A_969-Zo_SB_chr02B_942	2336.72710185793	-0.525745251750537	0.195690571530385	-2.6866151375561	0.0072180066675479	0.0263932727606017
Zo_SA_chr02A_909-Zo_SB_chr02B_874	2059.64206683291	-0.554847056664664	0.20674357487882	-2.68374510303346	0.00728025887383192	0.0265826274767738
Zo_SA_chr02A_3003-Zo_SB_chr02B_2994	63.070313278601	0.959247755280577	0.357525659641472	2.68301793007673	0.00729610785084109	0.0266213590333491
Zo_SA_chr01A_2590-Zo_SB_chr01B_2589	347.713814510663	-0.509487622588707	0.190167305902077	-2.67915465369772	0.00738082953232447	0.0268725685983341
Zo_SA_chr01A_392-Zo_SB_chr01B_449	1039.01103780462	-0.655459397485766	0.244710585774374	-2.67850855495931	0.00739508430407773	0.0269051813613258
Zo_SA_chr02A_2800-Zo_SB_chr02B_2762	250.637190631574	-0.729038998466732	0.272727248812656	-2.67314322877773	0.00751441592949163	0.027319769868209
Zo_SA_chr02A_1192-Zo_SB_chr02B_1165	241.884855901639	-0.860621332684635	0.321983545108126	-2.67287364761335	0.00752045705974321	0.0273221755410842
Zo_SA_chr02A_3624-Zo_SB_chr02B_3641	146.876603426992	0.879432649721259	0.329075504356144	2.67243425317214	0.00753031292402414	0.0273384269772113
Zo_SA_chr01A_838-Zo_SB_chr01B_888	807.363231571863	0.988895079331371	0.371760655079089	2.66003157090681	0.00781333272689081	0.0282246919771539
Zo_SA_chr02A_164-Zo_SB_chr02B_157	598.784207320665	0.634123720969725	0.238891546968963	2.65444185453791	0.00794397291518467	0.0286558511620902
Zo_SA_chr01A_492-Zo_SB_chr01B_552	1036.67025609466	-0.547774900125179	0.206689712253494	-2.65022818094284	0.00804374243488472	0.0289951510481047
Zo_SA_chr01A_2519-Zo_SB_chr01B_2525	201.834970949582	-0.586512256242428	0.221512687859216	-2.64775919569532	0.00810272187494114	0.0291663532266662
Zo_SA_chr01A_1549-Zo_SB_chr01B_1574	571.029631226729	0.403508722306764	0.153037358831238	2.63666810109899	0.00837247052479827	0.0300309165222107
Zo_SA_chr02A_1822-Zo_SB_chr02B_1799	174.954305262958	0.625835974913972	0.237908085456374	2.63057883767777	0.00852395966392068	0.0305311644097695
Zo_SA_chr01A_4246-Zo_SB_chr01B_4266	256.366393540674	0.612503932307648	0.233249668564152	2.6259584250564	0.00864053703653108	0.0309051321186911
Zo_SA_chr02A_2050-Zo_SB_chr02B_1999	123.996964092337	0.858300485197668	0.327049476733975	2.6243750449288	0.00868081386113746	0.0309837340834274
Zo_SA_chr01A_2955-Zo_SB_chr01B_2951	290.367761097449	0.635172425347738	0.242105929949443	2.62353105304102	0.00870235117379329	0.0310170116573306
Zo_SA_chr02A_644-Zo_SB_chr02B_620	162.672752090628	0.725653361143836	0.276708517697689	2.62244677967099	0.00873009015934414	0.0310940588494452
Zo_SA_chr02A_1889-Zo_SB_chr02B_1851	899.983510061934	-0.476296938207203	0.181816172861642	-2.61966210546987	0.00880169291145633	0.0313051808804529
Zo_SA_chr01A_3166-Zo_SB_chr01B_3171	377.042747712783	0.561439627940644	0.214579605112393	2.61646314264849	0.00888459556824392	0.0315232411156388
Zo_SA_chr02A_3539-Zo_SB_chr02B_3572	5076.04774740289	-0.563385892003684	0.215333680618866	-2.61633893213788	0.00888782856420453	0.0315232411156388
Zo_SA_chr02A_29-Zo_SB_chr02B_31	1280.22023725724	-0.470084456281399	0.179689603022244	-2.61609157332941	0.00889427003878696	0.0315240736406134
Zo_SA_chr02A_244-Zo_SB_chr02B_232	172.570343345082	0.969809210535282	0.370842146763212	2.61515369544692	0.00891873122756507	0.0315887279670872
Zo_SA_chr02A_3580-Zo_SB_chr02B_3601	284.608533364225	-0.687718955605786	0.263027447239532	-2.6146281037336	0.00893246566289679	0.0316153262033817
Zo_SA_chr02A_2921-Zo_SB_chr02B_2893	460.653339822453	0.574032903386473	0.221185945609036	2.59525035284621	0.00945220416229705	0.0333850799306723
Zo_SA_chr01A_2936-Zo_SB_chr01B_2935	155.804095857481	0.813070964475705	0.313413464470971	2.5942438875373	0.00947992134008892	0.0334597084685974
Zo_SA_chr02A_3428-Zo_SB_chr02B_3461	3331.18155138985	0.332708661261807	0.128293669040461	2.59333655160238	0.0095049706869577	0.0335248236937904
Zo_SA_chr01A_805-Zo_SB_chr01B_849	151.943324171787	-0.696978980317913	0.268788304672713	-2.59304057580401	0.00951315462038019	0.0335304041061145
Zo_SA_chr02A_1630-Zo_SB_chr02B_1612	1153.43517531659	0.480444556752617	0.185503607284005	2.58994724569997	0.00959906409100507	0.033809740997375
Zo_SA_chr02A_1917-Zo_SB_chr02B_1872	233.246579249914	0.625590460467347	0.241611535983267	2.58924085690458	0.00961877901433339	0.0338322566577557
Zo_SA_chr02A_2974-Zo_SB_chr02B_2964	126.290444277046	-0.915292557072548	0.353490888598461	-2.5892960373082	0.00961723766074198	0.0338322566577557
Zo_SA_chr01A_3419-Zo_SB_chr01B_3433	741.933443550072	-0.750298718950828	0.289804585143516	-2.58898153243251	0.00962602567191749	0.0338343144551342
Zo_SA_chr01A_4048-Zo_SB_chr01B_4024	661.478109222301	0.820904297450653	0.317212989795573	2.58786469614527	0.00965729060303825	0.0339207323463563
Zo_SA_chr01A_427-Zo_SB_chr01B_479	770.972223187985	-0.736720127893403	0.284808571707678	-2.58672034860509	0.00968941955582348	0.0340100635273168
Zo_SA_chr01A_2119-Zo_SB_chr01B_2142	1126.94051094018	-0.620817351050923	0.240847241895618	-2.57763944550373	0.00994777350421858	0.0348686967756564
Zo_SA_chr01A_1741-Zo_SB_chr01B_1767	545.4105674388	0.638974912142839	0.247985530397172	2.57666207830538	0.00997594239686046	0.0349433182301064
Zo_SA_chr01A_2070-Zo_SB_chr01B_2094	390.701345520982	0.716769138617885	0.278403072438868	2.57457337786843	0.0100363795287175	0.0351307867859107
Zo_SA_chr02A_703-Zo_SB_chr02B_676	172.47001388739	0.991690563551416	0.385224561938188	2.57431810308746	0.0100437882937617	0.0351325073994599
Zo_SA_chr01A_2809-Zo_SB_chr01B_2801	282.097005366325	-0.610985659928478	0.237369743054428	-2.57398290138597	0.010053524151214	0.0351423600578223
Zo_SA_chr01A_729-Zo_SB_chr01B_772	864.451438245561	-0.404156318491838	0.157059038813754	-2.57327640321994	0.0100740717600734	0.0351899659349468
Zo_SA_chr01A_2987-Zo_SB_chr01B_2984	863.611865573576	-0.511775426496354	0.19895407962774	-2.5723293910531	0.0101016730752926	0.035262128899939
Zo_SA_chr02A_2814-Zo_SB_chr02B_2777	212.835077880451	0.650496507529072	0.253008201554001	2.57104909458926	0.0101390952409089	0.0353598545100593
Zo_SA_chr02A_3484-Zo_SB_chr02B_3514	2686.88079575097	0.603628228363673	0.23479298446009	2.57089550504128	0.0101435928374004	0.0353598545100593
Zo_SA_chr02A_2299-Zo_SB_chr02B_2268	320.207711517105	0.581063957276105	0.226067788071211	2.57030850009056	0.0101607986050109	0.0353955391734226
Zo_SA_chr01A_3875-Zo_SB_chr01B_3864	317.171033169346	-0.707884830138163	0.275703941127019	-2.5675542657986	0.0102418757364082	0.0355803603729256
Zo_SA_chr02A_1810-Zo_SB_chr02B_1786	364.929945339194	0.736536144154005	0.286944864889463	2.5668211363104	0.0102635538848234	0.0356312988250296
Zo_SA_chr02A_1741-Zo_SB_chr02B_1709	8827.90519086096	0.515445076527915	0.200913322936324	2.56550968843055	0.010302434416077	0.0357418472672508
Zo_SA_chr02A_2563-Zo_SB_chr02B_2510	123.009489818714	0.778157536019075	0.303585726236814	2.56322174848257	0.0103705789671601	0.0359537000506525
Zo_SA_chr02A_1982-Zo_SB_chr02B_1941	232.515606909586	0.640360625902985	0.250362658199678	2.55773217343084	0.0105357201261838	0.0364267682238852
Zo_SA_chr02A_1386-Zo_SB_chr02B_1368	164.937632139715	-0.79657005109863	0.311496332765093	-2.5572373325478	0.0105507205857065	0.0364394068949565
Zo_SA_chr01A_3410-Zo_SB_chr01B_3423	1077.74071321898	0.518730477066637	0.202991856759401	2.55542505668821	0.0106058196939612	0.0365944009684978
Zo_SA_chr02A_108-Zo_SB_chr02B_105	302.864614240924	-0.609111693849678	0.238700352645901	-2.55178380382731	0.0107172998941336	0.0369539485148027
Zo_SA_chr01A_4168-Zo_SB_chr01B_4187	315.479585385414	-0.616572677312127	0.241755755942053	-2.5503950253822	0.010760092285399	0.0370763288450077
Zo_SA_chr01A_3180-Zo_SB_chr01B_3183	256.165242379398	0.592788391579346	0.232781409997421	2.54654523995673	0.0108795108563006	0.0374370160156849
Zo_SA_chr02A_3163-Zo_SB_chr02B_3166	4539.46735629669	-0.610555260202471	0.239749618785337	-2.54663704282733	0.0108766495193071	0.0374370160156849
Zo_SA_chr02A_2317-Zo_SB_chr02B_2291	241.996247451133	0.611126378945746	0.240058018788334	2.54574449139561	0.0109044971880891	0.0374975905337201
Zo_SA_chr01A_2220-Zo_SB_chr01B_2237	1312.29967743847	0.604414115056485	0.237805870430618	2.541628236351	0.011033746269935	0.0379163716542624
Zo_SA_chr02A_3342-Zo_SB_chr02B_3342	253.535696615951	0.540895467183876	0.212956352458632	2.53993581754716	0.0110872813249769	0.0380745786677197
Zo_SA_chr01A_351-Zo_SB_chr01B_410	441.036158767643	0.578413749943183	0.227916079854445	2.53783651558318	0.0111540075686791	0.0382519948962331
Zo_SA_chr02A_237-Zo_SB_chr02B_227	136.092854991896	-0.65249213686864	0.257262991282372	-2.536284498661	0.0112035674562771	0.0383960317884152
Zo_SA_chr01A_3205-Zo_SB_chr01B_3208	446.82165899309	-0.741033450960756	0.292273414556246	-2.53541175507138	0.0112315222238289	0.0384658809000857
Zo_SA_chr01A_2309-Zo_SB_chr01B_2330	1156.01866017989	-0.932103129397994	0.368065512942108	-2.53243810306293	0.0113272366451785	0.0387153667031371
Zo_SA_chr01A_924-Zo_SB_chr01B_957	686.236740681841	-0.614894354099718	0.243155243646149	-2.52881387577453	0.0114448701663171	0.0390267762201167
Zo_SA_chr01A_2413-Zo_SB_chr01B_2424	204.336349756675	-0.661151032047036	0.261484803462397	-2.52844916145237	0.0114567677385694	0.0390267762201167
Zo_SA_chr01A_3646-Zo_SB_chr01B_3639	419.016661735864	-0.555249702353024	0.219585233742046	-2.52862951160593	0.0114508830529108	0.0390267762201167
Zo_SA_chr01A_706-Zo_SB_chr01B_751	926.474588622083	0.488807927126089	0.19338775591766	2.52760535333071	0.0114843362167458	0.0390944662499006
Zo_SA_chr01A_618-Zo_SB_chr01B_667	83.3299202699266	-0.842890773139455	0.334119649970504	-2.52272134612216	0.0116450637081202	0.0396150559769208
Zo_SA_chr02A_3338-Zo_SB_chr02B_3338	96.951252998367	-0.861894747617683	0.342208824887226	-2.518622212334	0.0117814989720957	0.0400523649794337
Zo_SA_chr02A_3276-Zo_SB_chr02B_3274	1235.83428182136	0.587206899629856	0.233195025448494	2.51809359355117	0.0117991962879351	0.0400711770339504
Zo_SA_chr01A_3045-Zo_SB_chr01B_3048	337.237055619528	-0.766300610308033	0.304947539357295	-2.51289324033597	0.0119745566228494	0.0405728973231836
Zo_SA_chr02A_1417-Zo_SB_chr02B_1402	4738.01150499654	-0.427893107550407	0.170276765218429	-2.512927157158	0.011973405473439	0.0405728973231836
Zo_SA_chr02A_2720-Zo_SB_chr02B_2685	146.699862307161	0.684071092650428	0.272459198684689	2.51072856395679	0.0120482298032515	0.0407705763206994
Zo_SA_chr01A_4179-Zo_SB_chr01B_4204	486.422183798107	0.594299875179016	0.237026456721857	2.50731451416164	0.012165241179865	0.0411366577580123
Zo_SA_chr01A_2073-Zo_SB_chr01B_2097	595.303739147499	0.707530245593683	0.282502037054074	2.50451378323425	0.0122619827521736	0.0414362011964667
Zo_SA_chr02A_3406-Zo_SB_chr02B_3435	1167.82671067693	0.525520027023482	0.209951310906835	2.50305665991616	0.0123125830942445	0.0415795276168005
Zo_SA_chr02A_1782-Zo_SB_chr02B_1751	625.014018422936	0.74848108387688	0.299056814881158	2.50280564304919	0.0123213186068208	0.0415813802020217
Zo_SA_chr02A_2871-Zo_SB_chr02B_2832	566.311899375043	-0.472720839240034	0.188990724851772	-2.50129121209941	0.0123741381374056	0.0417042120768966
Zo_SA_chr02A_2692-Zo_SB_chr02B_2654	2480.65859925313	0.51960775274924	0.207769506131152	2.50088553621166	0.0123883211037373	0.0417243255211417
Zo_SA_chr01A_3549-Zo_SB_chr01B_3550	2048.99098236676	0.420812662530036	0.168360003078728	2.49948120001671	0.0124375298143479	0.0418623021385507
Zo_SA_chr02A_1460-Zo_SB_chr02B_1451	220.094004172995	0.71362829266704	0.286058452476881	2.49469395673499	0.0126065808184966	0.0424031946868505
Zo_SA_chr01A_2260-Zo_SB_chr01B_2273	516.572980812418	-0.443861988411354	0.178162151053424	-2.49133716553667	0.0127263287063281	0.0427776462603842
Zo_SA_chr01A_3761-Zo_SB_chr01B_3746	2732.00381826468	0.320198934791814	0.128807159657085	2.48587839095482	0.012923211848572	0.0434107096421279
Zo_SA_chr01A_3901-Zo_SB_chr01B_3888	100.830281091044	-0.914733347539392	0.36866994638662	-2.48117145567412	0.0130951367371927	0.043930118552313
Zo_SA_chr01A_3764-Zo_SB_chr01B_3750	746.130936633278	-0.461543709113468	0.186189236920221	-2.47889575545783	0.0131789817063047	0.0441239605051559
Zo_SA_chr02A_3578-Zo_SB_chr02B_3599	74.8217715884072	0.920995657710312	0.371826697972101	2.47694870414985	0.013251094504027	0.0443069841908844
Zo_SA_chr01A_864-Zo_SB_chr01B_910	330.054616959291	0.767192797915947	0.310110523019228	2.4739334558743	0.0133634585232036	0.0446239354630842
Zo_SA_chr02A_2273-Zo_SB_chr02B_2243	209.295332490364	-0.699116295925531	0.282639184994812	-2.47352926643333	0.0133785845810236	0.0446450926984355
Zo_SA_chr01A_2817-Zo_SB_chr01B_2808	533.349764210484	-0.455415323882709	0.184212047253582	-2.47223420331351	0.0134271519401134	0.0447777443885987
Zo_SA_chr02A_2448-Zo_SB_chr02B_2415	1232.60725344086	-0.516074436359436	0.208865857778414	-2.47084153364568	0.0134795535414622	0.0449230002868022
Zo_SA_chr02A_3439-Zo_SB_chr02B_3471	721.023860043554	0.624267944652463	0.252746130858482	2.4699406575763	0.013513546739183	0.0450067566480723
Zo_SA_chr02A_1808-Zo_SB_chr02B_1784	114.6884452763	-0.785141744903404	0.318121082365262	-2.46805945417323	0.0135847754315471	0.045214334480228
Zo_SA_chr01A_996-Zo_SB_chr01B_1026	753.189075005096	-0.422801062989772	0.17168522460185	-2.46265258976291	0.0137913474868497	0.0458118076427138
Zo_SA_chr01A_1686-Zo_SB_chr01B_1717	146.272045213882	-0.743873216256301	0.302181965698805	-2.46167309996833	0.013829064743685	0.045877086762362
Zo_SA_chr01A_3018-Zo_SB_chr01B_3016	385.460661208743	-0.527368488834384	0.214224772510129	-2.46175305803837	0.0138259823841707	0.045877086762362
Zo_SA_chr01A_3907-Zo_SB_chr01B_3894	4707.22203569963	0.289160580383524	0.117486185567422	2.46123047562544	0.0138461387577558	0.0459037459207843
Zo_SA_chr01A_3169-Zo_SB_chr01B_3174	224.669607078789	-0.7662245816926	0.311370929325507	-2.46080963098385	0.0138623898898959	0.0459276439992049
Zo_SA_chr02A_3244-Zo_SB_chr02B_3238	567.896999828952	0.439340432402368	0.178577427246986	2.46022377618156	0.0138850410139214	0.0459727009841634
Zo_SA_chr01A_783-Zo_SB_chr01B_824	152.388391290195	0.696832461135136	0.283276317101048	2.45990370203298	0.0138974299590359	0.0459837438188556
Zo_SA_chr02A_3498-Zo_SB_chr02B_3525	1412.62111396685	0.439694168166572	0.178800298728087	2.45913553441678	0.0139272028522207	0.046052254743769
Zo_SA_chr02A_3762-Zo_SB_chr02B_3767	97.4599542835066	-0.860502795986294	0.350131001673354	-2.45765953849776	0.0139845680679465	0.0462118550534159
Zo_SA_chr01A_2184-Zo_SB_chr01B_2203	1256.23344658813	0.440316839760056	0.17923498873211	2.45664556275988	0.014024097432074	0.046312347761706
Zo_SA_chr02A_2084-Zo_SB_chr02B_2041	74.0877640534826	0.925600858802126	0.37688939189035	2.45589522740246	0.0140534123604855	0.0463790002462025
Zo_SA_chr02A_3389-Zo_SB_chr02B_3412	356.815491034487	-0.587058609233462	0.239107387650797	-2.45520899626417	0.0140802701305331	0.0464374623331022
Zo_SA_chr02A_2333-Zo_SB_chr02B_2301	2424.5008020835	0.339472200653999	0.138392770461753	2.45296195401926	0.014168532338218	0.0466982321517255
Zo_SA_chr01A_819-Zo_SB_chr01B_867	3155.96559201764	-0.347201477753901	0.141657383930033	-2.45099456252411	0.0142462105339175	0.0468933916408083
Zo_SA_chr02A_504-Zo_SB_chr02B_486	782.415862910779	-0.414115986405617	0.169113871068811	-2.44874050714099	0.0143356686467301	0.0471572934305324
Zo_SA_chr01A_487-Zo_SB_chr01B_547	878.842184896154	-0.35816717318959	0.146372652778243	-2.44695417068254	0.0144069156774414	0.0473609868774918
Zo_SA_chr01A_2361-Zo_SB_chr01B_2376	64.9415777791648	0.946666556317064	0.387006686531288	2.44612454839467	0.0144401107647986	0.0474394065811204
Zo_SA_chr02A_832-Zo_SB_chr02B_791	421.984286570159	0.754419149887041	0.308685260157825	2.44397529542331	0.0145264212122777	0.0476921094616408
Zo_SA_chr02A_673-Zo_SB_chr02B_647	139.641264664629	0.700966211196285	0.287020341237776	2.44221788662562	0.0145973335574551	0.0478630452797382
Zo_SA_chr02A_1613-Zo_SB_chr02B_1595	2290.94875370283	-0.353567799631662	0.144788386311474	-2.44196242971486	0.0146076667391311	0.0478660253987401
Zo_SA_chr01A_3114-Zo_SB_chr01B_3123	134.380523668056	-0.675326190560242	0.276733014021102	-2.44035281785622	0.0146729236698163	0.0480488583617003
Zo_SA_chr01A_4143-Zo_SB_chr01B_4168	131.417260251105	-0.916840617894091	0.375905020871289	-2.43902200552948	0.0147270714233263	0.0481951003602281
Zo_SA_chr02A_1390-Zo_SB_chr02B_1372	249.916328283222	-0.605777340166025	0.248486690377586	-2.43786634706881	0.0147742353567657	0.0482872209633289
Zo_SA_chr02A_3715-Zo_SB_chr02B_3730	1720.82962707103	-0.350518267134941	0.143776235719028	-2.43794299789525	0.0147711030195514	0.0482872209633289
Zo_SA_chr01A_2183-Zo_SB_chr01B_2202	45.2995478464012	0.946728505857863	0.388901743332671	2.43436426318105	0.0149179738667524	0.0486943375766296
Zo_SA_chr01A_2566-Zo_SB_chr01B_2571	586.402549388467	-0.469602693259049	0.192992231859797	-2.43327251430617	0.014963034504084	0.0487787241631853
Zo_SA_chr02A_3294-Zo_SB_chr02B_3290	1468.09542807262	0.383366894911439	0.157698402042113	2.43101318686198	0.0150566665529119	0.0490524755755223
Zo_SA_chr01A_4104-Zo_SB_chr01B_4125	120.116684837991	0.901401582597661	0.371209459842191	2.42828289715695	0.0151705047786276	0.0493916626734935
Zo_SA_chr01A_2887-Zo_SB_chr01B_2886	538.918855717075	0.381428667916705	0.15721232511552	2.42620079333113	0.015257825881296	0.0495806127006413
Zo_SA_chr01A_416-Zo_SB_chr01B_468	356.198557811439	0.5801107571382	0.239206544703173	2.42514584146537	0.0153022380620205	0.0496931375428403
Zo_SA_chr02A_2348-Zo_SB_chr02B_2313	191.679937044492	0.769296564621317	0.317336817248183	2.42422726518892	0.0153410016489099	0.049787186820967
Zo_SA_chr01A_2307-Zo_SB_chr01B_2328	1396.63083285232	0.427388247849793	0.176337005401841	2.42370140558898	0.0153632316196278	0.049816794541838
Zo_SA_chr01A_3855-Zo_SB_chr01B_3844	132.822320661815	0.758963417569006	0.313162174670359	2.42354753848515	0.0153697414938098	0.049816794541838
