baseMean	log2FoldChange	lfcSE	stat	pvalue	padj
Zo_SA_chr02A_2439-Zo_SB_chr02B_2406	12516.3456847953	4.57979403864136	0.135855234361749	33.7108397785139	4.01019571726548e-249	2.03677840479914e-245
Zo_SA_chr01A_562-Zo_SB_chr01B_615	1516.73493159296	-6.39621760095828	0.25144096893925	-25.4382475057342	9.52448255748598e-143	2.41874234547356e-139
Zo_SA_chr01A_247-Zo_SB_chr01B_310	1156.93031851058	-4.27610160710682	0.181842601233152	-23.5154005613028	2.83800790611869e-122	4.80474738505895e-119
Zo_SA_chr01A_3062-Zo_SB_chr01B_3069	2160.20613727336	6.14963008907483	0.28318456303099	21.7159792301315	1.44921728737086e-104	1.84014365063915e-101
Zo_SA_chr01A_3758-Zo_SB_chr01B_3740	1292.11471916445	8.17652424844086	0.38615001710552	21.1744759452038	1.64197950367151e-99	1.66792277982952e-96
Zo_SA_chr01A_2502-Zo_SB_chr01B_2510	690.92406689608	4.990498942039	0.24125328131385	20.6857246245981	4.65724247220689e-95	3.94235575272313e-92
Zo_SA_chr01A_2925-Zo_SB_chr01B_2924	1483.50368322175	5.18898387739944	0.260056411014417	19.9533011209317	1.40311292235008e-88	1.01805864751658e-85
Zo_SA_chr01A_1148-Zo_SB_chr01B_1171	899.225714815021	-7.63769241315923	0.386265150768739	-19.7731853312649	5.06733171726533e-87	3.21712222399883e-84
Zo_SA_chr01A_1343-Zo_SB_chr01B_1366	1086.04987895681	3.68261746295375	0.187588002037085	19.6314125794981	8.33645117978144e-86	4.70453728245666e-83
Zo_SA_chr02A_2883-Zo_SB_chr02B_2852	470.585983916097	-6.0207241967181	0.307824064791933	-19.5589782780228	3.45939714249011e-85	1.75702780867073e-82
Zo_SA_chr01A_2316-Zo_SB_chr01B_2338	782.408584618726	4.24556732386129	0.217945868313725	19.4799165348249	1.62544269978678e-84	7.50511224747005e-82
Zo_SA_chr02A_2311-Zo_SB_chr02B_2283	738.487719740403	5.71265500237952	0.296059623067006	19.2956234396292	5.84556377617766e-83	2.4741348682672e-80
Zo_SA_chr02A_2433-Zo_SB_chr02B_2402	436.179767186735	-5.42210168192871	0.291133460881604	-18.6241102809331	2.04868761082898e-77	8.00406490415414e-75
Zo_SA_chr02A_2042-Zo_SB_chr02B_1991	2013.23806284611	10.7709744389783	0.587475823120709	18.3343280098952	4.40425274715303e-75	1.59779997877073e-72
Zo_SA_chr01A_3328-Zo_SB_chr01B_3343	381.508482921876	5.23001177266457	0.287238282137998	18.2079203849016	4.46590800038073e-74	1.51215644892891e-71
Zo_SA_chr01A_3015-Zo_SB_chr01B_3013	2209.37017339306	-4.5664987695495	0.254672355334587	-17.9308773563195	6.77028578967584e-72	2.14914259536023e-69
Zo_SA_chr01A_4042-Zo_SB_chr01B_4020	1718.98196107914	3.44746506816481	0.193866828925712	17.782645371921	9.63258213564737e-71	2.87787556864429e-68
Zo_SA_chr02A_1503-Zo_SB_chr02B_1490	859.213259532826	-4.02836722305799	0.231012737755437	-17.4378575926088	4.25736610115167e-68	1.20128680154163e-65
Zo_SA_chr02A_1493-Zo_SB_chr02B_1480	3308.96622844175	-4.24346983546124	0.243607918790582	-17.4192606567488	5.89337362025851e-68	1.57539182196279e-65
Zo_SA_chr01A_2644-Zo_SB_chr01B_2643	630.318815350693	5.12832720736861	0.294823043860267	17.3945941952868	9.06665823906193e-68	2.30247785980978e-65
Zo_SA_chr01A_1687-Zo_SB_chr01B_1718	551.485606474727	-3.45450565045843	0.199039385011526	-17.3558898921356	1.78020465924817e-67	4.30555212586735e-65
Zo_SA_chr01A_3514-Zo_SB_chr01B_3523	779.767514059168	-3.10864640161528	0.179539416376749	-17.3145622524027	3.65289765757215e-67	8.43321236491317e-65
Zo_SA_chr01A_161-Zo_SB_chr01B_225	454.966182937127	-7.71441499682605	0.445925550464683	-17.2997824161166	4.72168755190465e-67	1.04267178591842e-64
Zo_SA_chr02A_774-Zo_SB_chr02B_735	393.653967435628	-4.15531257230678	0.242878391706422	-17.1086136692205	1.28010112306478e-65	2.70901400168583e-63
Zo_SA_chr02A_1398-Zo_SB_chr02B_1382	528.994407294137	6.10711149881963	0.360970093689265	16.9186079555855	3.28093801629445e-64	6.17180895731835e-62
Zo_SA_chr01A_1984-Zo_SB_chr01B_2013	689.2969688816	3.32667353492664	0.198072541794814	16.7952281764162	2.64485365245125e-63	4.79757560742853e-61
Zo_SA_chr02A_3644-Zo_SB_chr02B_3670	825.977880651904	-9.27876401627138	0.557602561075854	-16.6404616190583	3.54871824184752e-62	6.00797998344785e-60
Zo_SA_chr02A_3413-Zo_SB_chr02B_3442	446.186036231246	5.11714193826876	0.310834966136113	16.4625685516603	6.81463186980702e-61	1.1165004924758e-58
Zo_SA_chr01A_1690-Zo_SB_chr01B_1723	688.836070373813	4.88202166958044	0.299726491516231	16.2882554854717	1.19592158376668e-59	1.89815178873468e-57
Zo_SA_chr01A_1162-Zo_SB_chr01B_1182	1459.15442105812	3.22426510437555	0.198728411612481	16.2244798225572	3.38573728346143e-59	5.21095747354564e-57
Zo_SA_chr01A_3689-Zo_SB_chr01B_3680	3524.20016787745	-3.55572330867978	0.219533808677992	-16.1967003173313	5.32064601114102e-59	7.9481062031133e-57
Zo_SA_chr01A_1852-Zo_SB_chr01B_1879	734.785400408524	-9.3043496805179	0.580673583939642	-16.0233734370893	8.77572815340933e-58	1.27348352260474e-55
Zo_SA_chr02A_1825-Zo_SB_chr02B_1801	507.493275616027	-3.78001495710777	0.235960149271644	-16.0197176039082	9.30719988828682e-58	1.31309078423913e-55
Zo_SA_chr01A_2314-Zo_SB_chr01B_2336	465.118244112728	-7.86188023987046	0.490856943108714	-16.0166426292746	9.77897115364256e-58	1.34236201322569e-55
Zo_SA_chr02A_1559-Zo_SB_chr02B_1549	314.898234545745	-6.6292503130112	0.416630600420593	-15.9115780413606	5.26690297667254e-57	7.03963163645259e-55
Zo_SA_chr01A_4080-Zo_SB_chr01B_4103	573.253495388367	-5.56795112548289	0.350326407339287	-15.8936095276723	7.01681660578375e-57	9.13805424122453e-55
Zo_SA_chr01A_3868-Zo_SB_chr01B_3858	5502.11733142172	6.59511507453928	0.418076211983607	15.774911093956	4.63049671527233e-56	5.8149168675015e-54
Zo_SA_chr02A_655-Zo_SB_chr02B_629	550.492200032656	-6.51920353741399	0.414006364546781	-15.7466263702266	7.24443505573029e-56	8.76059182096528e-54
Zo_SA_chr01A_1111-Zo_SB_chr01B_1137	393.476574720804	6.68352622839405	0.433441380235501	15.4196773385197	1.20705926766653e-53	1.42573349313449e-51
Zo_SA_chr02A_3555-Zo_SB_chr02B_3582	1185.80984676321	4.59307206508789	0.29928373523574	15.3468816521887	3.71625484162677e-53	4.28974053195963e-51
Zo_SA_chr01A_1846-Zo_SB_chr01B_1870	317.22472700886	-4.33914184265586	0.282946348708033	-15.3355640122903	4.42413341656911e-53	4.99337191616766e-51
Zo_SA_chr01A_2564-Zo_SB_chr01B_2569	3956.73249733852	3.80665851621377	0.256251965326542	14.8551388137177	6.44343339359832e-50	6.81795795960123e-48
Zo_SA_chr01A_3171-Zo_SB_chr01B_3176	1095.55464282976	3.88382394018616	0.263061896286695	14.7639167625912	2.50311690122482e-49	2.59455729414711e-47
Zo_SA_chr02A_1927-Zo_SB_chr02B_1884	219.265405853577	-5.37783859221353	0.367177315420803	-14.6464347506061	1.41972362143923e-48	1.44215525465797e-46
Zo_SA_chr01A_3987-Zo_SB_chr01B_3962	451.108498372924	-3.49643127767143	0.23905994658993	-14.6257511036301	1.92435394322596e-48	1.9164301328715e-46
Zo_SA_chr01A_3462-Zo_SB_chr01B_3478	481.895726572342	-8.50186820387726	0.587853535215652	-14.4625620066372	2.08875810357598e-47	2.04015430924277e-45
Zo_SA_chr02A_1421-Zo_SB_chr02B_1411	717.806887070364	4.48607030496909	0.318628904230146	14.07929489576	5.09152575809091e-45	4.78886283802661e-43
Zo_SA_chr01A_975-Zo_SB_chr01B_1008	462.389045457114	4.16321770272885	0.297308621634457	14.0030170663788	1.4939147850213e-44	1.37956239874967e-42
Zo_SA_chr02A_3585-Zo_SB_chr02B_3606	557.940817093702	-3.48944800200143	0.250027338750386	-13.9562658205354	2.88140078992537e-44	2.61332760929124e-42
Zo_SA_chr02A_1719-Zo_SB_chr02B_1694	243.062626747426	-4.01929009126666	0.288537168788217	-13.9298867738485	4.17016061458878e-44	3.71583258973622e-42
Zo_SA_chr02A_3652-Zo_SB_chr02B_3673	2697.13751799295	3.41991291061283	0.246343734186178	13.8826868152781	8.06626566822068e-44	7.06354540153325e-42
Zo_SA_chr02A_2956-Zo_SB_chr02B_2937	517.844423446475	7.90484902540997	0.577909424934861	13.6783528427503	1.36755517321848e-42	1.17725639402995e-40
Zo_SA_chr01A_160-Zo_SB_chr01B_224	371.157881594262	-3.49263162068809	0.255522767833208	-13.6685730602601	1.56432727930432e-42	1.32420304193111e-40
Zo_SA_chr01A_801-Zo_SB_chr01B_845	2182.83932645058	-6.30951959514477	0.463932869258158	-13.600070211093	4.00049220481104e-42	3.17476561066176e-40
Zo_SA_chr01A_4068-Zo_SB_chr01B_4063	796.045238253513	7.99628159473702	0.59057744659327	13.5397679692365	9.10761400401488e-42	7.1165494655987e-40
Zo_SA_chr02A_2071-Zo_SB_chr02B_2026	219.358107739599	3.82316984066032	0.290956059787686	13.1400247977311	1.94163105278739e-39	1.47187225628465e-37
Zo_SA_chr01A_3923-Zo_SB_chr01B_3912	595.545108665499	3.09676664188147	0.23816390998415	13.0026696407847	1.18145753375603e-38	8.8244453146278e-37
Zo_SA_chr02A_654-Zo_SB_chr02B_628	561.75785038071	9.73431390972808	0.763654730143031	12.7470092510327	3.23935928280247e-37	2.38445011555851e-35
Zo_SA_chr01A_702-Zo_SB_chr01B_747	4053.53138913971	15.4441811797261	1.21396291465116	12.7221194266581	4.4560723737019e-37	3.18766078676507e-35
Zo_SA_chr02A_3016-Zo_SB_chr02B_3009	529.464057359969	-3.72102363576976	0.305022811700764	-12.1991650887416	3.14027265336826e-34	2.18485545293937e-32
Zo_SA_chr01A_1689-Zo_SB_chr01B_1722	269.581959797802	4.39896605204612	0.365396059400876	12.0388984469589	2.21898830203344e-33	1.50269887813704e-31
Zo_SA_chr02A_2148-Zo_SB_chr02B_2106	1949.08601443666	-12.5203530545205	1.04516769175048	-11.9792767738076	4.56286818149934e-33	3.00971525893963e-31
Zo_SA_chr01A_2612-Zo_SB_chr01B_2606	1759.05934812369	-14.2296920030036	1.19246054810748	-11.9330505529823	7.96019657471378e-33	5.18331261576555e-31
Zo_SA_chr02A_1538-Zo_SB_chr02B_1525	195.909976666584	4.76553786988442	0.405119784351627	11.7632810194926	6.03428839683733e-32	3.8310188459421e-30
Zo_SA_chr01A_3770-Zo_SB_chr01B_3755	721.374203152243	3.41334705689292	0.291396654558611	11.7137482654468	1.08380104509699e-31	6.79583396055261e-30
Zo_SA_chr02A_1738-Zo_SB_chr02B_1706	123.040902572578	4.30218445144278	0.367505222731972	11.7064579911574	1.18111393895401e-31	7.31570450725294e-30
Zo_SA_chr01A_3437-Zo_SB_chr01B_3452	1280.20115851332	3.9681750106167	0.341327617038456	11.6257074216459	3.05055795304791e-31	1.86672094500366e-29
Zo_SA_chr01A_2360-Zo_SB_chr01B_2374	1303.33917653891	13.8072269584901	1.19256610582929	11.5777455782116	5.34327878281515e-31	3.19276622799037e-29
Zo_SA_chr02A_2344-Zo_SB_chr02B_2309	128.725894690746	-5.87149800878072	0.514244334481307	-11.4177203618646	3.41062907133844e-30	1.99110173026758e-28
Zo_SA_chr01A_2712-Zo_SB_chr01B_2703	1030.31011452877	-13.4579574524155	1.19464320534223	-11.2652525810501	1.94792587239423e-29	1.12426312566935e-27
Zo_SA_chr01A_2620-Zo_SB_chr01B_2621	272.00035721457	-5.19211639619012	0.466028556714009	-11.1411979403151	7.90488287988545e-29	4.46098890521536e-27
Zo_SA_chr01A_2354-Zo_SB_chr01B_2369	164.440522913457	5.12003529314885	0.460543336797679	11.1173800249728	1.03259897122979e-28	5.76326392843529e-27
Zo_SA_chr01A_800-Zo_SB_chr01B_844	488.323086579588	3.34207174459652	0.306951083792528	10.8879620273811	1.3155111622954e-27	7.03313809820876e-26
Zo_SA_chr02A_3402-Zo_SB_chr02B_3431	623.606134492426	12.7437710084015	1.19582740577654	10.6568648174826	1.61965569375369e-26	8.5689909047656e-25
Zo_SA_chr02A_3103-Zo_SB_chr02B_3101	7581.30773293886	3.10383302733872	0.291368857762743	10.6525901607032	1.69579781533596e-26	8.87933722071274e-25
Zo_SA_chr01A_3890-Zo_SB_chr01B_3878	421.930886820653	5.47546747766793	0.515790107954824	10.61568919842	2.51928349488267e-26	1.3056572316846e-24
Zo_SA_chr01A_257-Zo_SB_chr01B_311	124.437635188224	-6.95449669352104	0.655697791887307	-10.6062530323669	2.78702736020378e-26	1.42982949115909e-24
Zo_SA_chr02A_2999-Zo_SB_chr02B_2991	611.828970071622	12.7161518618835	1.20050120051173	10.5923691342108	3.23303997700184e-26	1.64206100431924e-24
Zo_SA_chr01A_2866-Zo_SB_chr01B_2867	176.12626854171	4.22922683464022	0.406843087353267	10.3952284458208	2.60661571502337e-25	1.31079219966373e-23
Zo_SA_chr02A_3106-Zo_SB_chr02B_3103	94.0742232438657	-5.10249131791934	0.491172001155526	-10.3884002058653	2.80010231672606e-25	1.3942862418286e-23
Zo_SA_chr01A_4250-Zo_SB_chr01B_4271	114.878830186885	-5.0733667928384	0.488782918176678	-10.379591029416	3.07087856439196e-25	1.51427109015017e-23
Zo_SA_chr01A_1837-Zo_SB_chr01B_1866	106.810343303846	-4.12086643335893	0.400177877473612	-10.2975868115815	7.22510361779604e-25	3.49488583569391e-23
Zo_SA_chr01A_282-Zo_SB_chr01B_337	155.223053784655	-4.17113807804121	0.407357419713179	-10.2395043668976	1.31910377188926e-24	6.3204981673826e-23
Zo_SA_chr02A_1410-Zo_SB_chr02B_1394	137.620033468504	3.36080389185314	0.331131809667966	10.1494444016813	3.33255220088197e-24	1.55284703011739e-22
Zo_SA_chr02A_2775-Zo_SB_chr02B_2738	83.1544249955148	4.20381840393171	0.415327544286197	10.1216942188523	4.42685482867943e-24	2.04399960680571e-22
Zo_SA_chr01A_959-Zo_SB_chr01B_990	177.234965643426	4.22144008146443	0.431496101919086	9.78326353978518	1.32856131194055e-22	5.67038899440843e-21
Zo_SA_chr02A_2809-Zo_SB_chr02B_2773	331.248207895408	11.8308803153888	1.21214311995369	9.76029985290915	1.6666172059709e-22	7.05395732427183e-21
Zo_SA_chr02A_2167-Zo_SB_chr02B_2144	296.338454979028	11.6702589784911	1.20163882997371	9.71195228332162	2.68151019490372e-22	1.12556944462116e-20
Zo_SA_chr01A_369-Zo_SB_chr01B_423	134.182128801139	3.32104081446827	0.342237005119226	9.70392086417222	2.9013010138081e-22	1.2078449056665e-20
Zo_SA_chr02A_1257-Zo_SB_chr02B_1241	96.4257585104139	-5.9842500954474	0.620427676331684	-9.64536290648677	5.14289604308553e-22	2.1065136292606e-20
Zo_SA_chr02A_467-Zo_SB_chr02B_449	122.759694507414	-5.69064283788012	0.590346067007756	-9.63950326072954	5.44508229032608e-22	2.21244583620529e-20
Zo_SA_chr01A_2963-Zo_SB_chr01B_2960	107.134893367769	-6.99888395641659	0.729293942248289	-9.59679431155046	8.24694780402687e-22	3.32430538862321e-20
Zo_SA_chr01A_3699-Zo_SB_chr01B_3690	98.1350486206106	4.92175360347859	0.514397868081391	9.56798989435128	1.09004295305158e-21	4.3593135106685e-20
Zo_SA_chr02A_812-Zo_SB_chr02B_814	172.324610042428	-3.09698782439833	0.325621112553801	-9.51101665401572	1.88808162758039e-21	7.49184889568814e-20
Zo_SA_chr01A_2262-Zo_SB_chr01B_2276	568.166573551036	5.39642737873879	0.56784372018964	9.50336718866342	2.03210853881923e-21	7.93929174512528e-20
Zo_SA_chr01A_76-Zo_SB_chr01B_138	195.445805802058	-3.59385733985058	0.378812727881462	-9.48716100419721	2.37411988165038e-21	9.20469838084143e-20
Zo_SA_chr01A_2984-Zo_SB_chr01B_2981	254.236155691804	11.4493084200938	1.20789730923653	9.47871009608467	2.57445684927558e-21	9.90580783141717e-20
Zo_SA_chr02A_3072-Zo_SB_chr02B_3072	288.709360981753	3.20452006121144	0.33819048387181	9.47548856054183	2.65515262991931e-21	1.01394888777144e-19
Zo_SA_chr01A_2005-Zo_SB_chr01B_2037	271.22278671934	11.5427212319376	1.21981682145716	9.4626676964079	3.00185140681451e-21	1.13779129068738e-19
Zo_SA_chr01A_2529-Zo_SB_chr01B_2544	115.627185687218	-4.37734580061715	0.468180920010876	-9.34968857875597	8.79061697455558e-21	3.30722545287169e-19
Zo_SA_chr02A_121-Zo_SB_chr02B_117	238.955522856085	-11.3496161475879	1.21448906053364	-9.34517775121081	9.17352547930087e-21	3.42590705215949e-19
Zo_SA_chr01A_3714-Zo_SB_chr01B_3704	291.948593634353	3.55004345003643	0.379953396484545	9.34336548345827	9.33196617218326e-21	3.45963913784809e-19
Zo_SA_chr01A_2693-Zo_SB_chr01B_2687	377.473244000337	12.0195844523378	1.2958462133458	9.27547137040585	1.768353850217e-20	6.46148863687206e-19
Zo_SA_chr02A_2490-Zo_SB_chr02B_2446	143.889238928122	3.04759830658512	0.329878932936235	9.23853572417798	2.49893441329841e-20	8.93809005995959e-19
Zo_SA_chr02A_3794-Zo_SB_chr02B_3797	611.735814797178	-4.26259591683267	0.462072717574502	-9.22494610633531	2.83703534485062e-20	1.00764353262212e-18
Zo_SA_chr02A_1839-Zo_SB_chr02B_1815	397.762071369795	3.20654114839996	0.348749143159946	9.19440581085345	3.77072769540153e-20	1.32996708089892e-18
Zo_SA_chr01A_2782-Zo_SB_chr01B_2777	80.5733409051514	-5.90286694873331	0.647332724915171	-9.11875256964158	7.59939658046216e-20	2.66188518842533e-18
Zo_SA_chr01A_3508-Zo_SB_chr01B_3516	194.758980725604	-11.0545331346086	1.21290416286312	-9.11410272392325	7.93241306675541e-20	2.75950177849662e-18
Zo_SA_chr02A_776-Zo_SB_chr02B_737	94.1231538351757	-4.93909183009156	0.547204105680885	-9.02605038744339	1.77979620632052e-19	6.10782765669048e-18
Zo_SA_chr01A_2034-Zo_SB_chr01B_2061	232.094868197251	9.45775679484678	1.05243457073294	8.98655085822596	2.55110667536608e-19	8.63804720278954e-18
Zo_SA_chr02A_2625-Zo_SB_chr02B_2572	189.757579075973	11.0270666207343	1.2380835268947	8.90656113355444	5.26399419549932e-19	1.74743964176085e-17
Zo_SA_chr02A_52-Zo_SB_chr02B_56	160.554414406155	-10.7760455511425	1.21368192107307	-8.87880536410639	6.75822435934784e-19	2.21451751749211e-17
Zo_SA_chr01A_2479-Zo_SB_chr01B_2489	212.657718435571	-9.32224421277457	1.05147582748208	-8.86586640331815	7.5911450676887e-19	2.47150165376865e-17
Zo_SA_chr02A_172-Zo_SB_chr02B_166	144.388618546575	-10.622955203321	1.21640060198604	-8.73310584192137	2.47773031878812e-18	7.91471213152508e-17
Zo_SA_chr02A_2747-Zo_SB_chr02B_2713	152.045498882498	10.707841135413	1.22948087031972	8.70923769039892	3.05925174631672e-18	9.65089417362896e-17
Zo_SA_chr01A_3476-Zo_SB_chr01B_3489	146.360854748563	-10.6423301607295	1.22656670482438	-8.67651968610481	4.08064138048285e-18	1.27935664021435e-16
Zo_SA_chr01A_94-Zo_SB_chr01B_159	909.549861424114	-4.00424785947255	0.463722115210023	-8.63501594626125	5.87188459746796e-18	1.80747284063877e-16
Zo_SA_chr01A_77-Zo_SB_chr01B_140	93.3320145938627	3.07946670395769	0.35668978938047	8.63345908865621	5.95239516336756e-18	1.82121777317734e-16
Zo_SA_chr02A_2301-Zo_SB_chr02B_2270	134.481219039269	-10.5201938538524	1.22899172085677	-8.56002011674935	1.12847828896921e-17	3.39144451460037e-16
Zo_SA_chr01A_3270-Zo_SB_chr01B_3280	116.437946664452	10.3225535652404	1.22298435878056	8.44046245655429	3.16084569072643e-17	9.33368329255788e-16
Zo_SA_chr02A_2417-Zo_SB_chr02B_2382	115.850204270463	3.86699584442271	0.458470175275138	8.43456358333895	3.32440985666359e-17	9.7599292843898e-16
Zo_SA_chr01A_536-Zo_SB_chr01B_591	108.59167445884	-10.2117238434244	1.22282682160176	-8.35091581492159	6.77356884332437e-17	1.96588320887111e-15
Zo_SA_chr01A_457-Zo_SB_chr01B_513	61.0117153837624	5.49581526837302	0.667446687775695	8.23408875799226	1.8092951375336e-16	5.04912637556768e-15
Zo_SA_chr01A_2961-Zo_SB_chr01B_2957	98.4574071046066	-10.0704430080364	1.23058858068644	-8.18343609398598	2.75862601841604e-16	7.61470736279079e-15
Zo_SA_chr02A_2904-Zo_SB_chr02B_2874	63.2788433869657	4.34008352913592	0.539034796857138	8.05158322698449	8.17298090511905e-16	2.2265041149303e-14
Zo_SA_chr01A_4061-Zo_SB_chr01B_4047	106.917973803369	6.51746772216531	0.826386438400883	7.88670701660724	3.10264671339568e-15	8.20747013402951e-14
Zo_SA_chr02A_3392-Zo_SB_chr02B_3415	513.119665834414	3.32344151559801	0.423649547075157	7.84478949297313	4.33680347897266e-15	1.13539303452073e-13
Zo_SA_chr01A_4166-Zo_SB_chr01B_4185	138.165316338527	-3.78902451325408	0.485402734848158	-7.80593977172243	5.9059781775347e-15	1.53828016224096e-13
Zo_SA_chr01A_3182-Zo_SB_chr01B_3186	745.857978823836	-4.32617071700198	0.558337865135379	-7.74830257294662	9.31290214059622e-15	2.38890050364082e-13
Zo_SA_chr01A_1693-Zo_SB_chr01B_1726	57.1789302232999	-4.79755650596007	0.622461668238361	-7.70739268096253	1.28414211958396e-14	3.26107891268347e-13
Zo_SA_chr02A_1537-Zo_SB_chr02B_1523	110.089386927734	-3.35053462181702	0.435417799645668	-7.69498772108903	1.41507762875866e-14	3.57571108281853e-13
Zo_SA_chr02A_1270-Zo_SB_chr02B_1265	70.8932792905248	-4.76850219985523	0.626973683398305	-7.60558588999961	2.83616071790032e-14	7.06120602265477e-13
Zo_SA_chr01A_38-Zo_SB_chr01B_88	381.393735356803	3.50503515437402	0.46460344753837	7.54414366261144	4.55269051322395e-14	1.10636914433801e-12
Zo_SA_chr02A_203-Zo_SB_chr02B_192	52.1183437369372	-3.40770981531553	0.454271588054415	-7.5014812832788	6.310064130538e-14	1.51890121891007e-12
Zo_SA_chr02A_182-Zo_SB_chr02B_170	54.9111544585807	-4.73712608886019	0.632399620111834	-7.49071621520341	6.84987814211133e-14	1.64106278697092e-12
Zo_SA_chr01A_1568-Zo_SB_chr01B_1585	47.2455900737208	-4.781516371002	0.642071196204171	-7.4470189587535	9.54729042033559e-14	2.27655812417298e-12
Zo_SA_chr01A_375-Zo_SB_chr01B_430	118.792615566434	3.23921748196046	0.436624821211016	7.41876623728403	1.18216346943849e-13	2.79265500524562e-12
Zo_SA_chr01A_4034-Zo_SB_chr01B_4009	89.5462147347903	6.05664352003072	0.818163115392854	7.40273352108098	1.33409299811035e-13	3.13697145250114e-12
Zo_SA_chr01A_3490-Zo_SB_chr01B_3497	54.5405061451057	-9.2183332869516	1.24683674602078	-7.39337633124102	1.43146585935063e-13	3.33505279800084e-12
Zo_SA_chr02A_187-Zo_SB_chr02B_179	59.8838376280633	9.36368680632565	1.2793649317457	7.31901162364116	2.49803962209928e-13	5.76706510938284e-12
Zo_SA_chr01A_3970-Zo_SB_chr01B_3950	691.984911427864	-9.42326122391768	1.29414498927975	-7.28145710254782	3.30233664317496e-13	7.55521072553407e-12
Zo_SA_chr01A_3830-Zo_SB_chr01B_3816	54.1249036080046	-5.13344297456447	0.705926133766153	-7.27192652179808	3.54396365221218e-13	8.07165533165276e-12
Zo_SA_chr01A_36-Zo_SB_chr01B_87	58.5201036071942	5.87494274300094	0.813823666861942	7.21893818307643	5.23950644594097e-13	1.17749793092629e-11
Zo_SA_chr01A_3199-Zo_SB_chr01B_3205	58.7293836603294	9.33556303918968	1.29362674700399	7.21658164598917	5.33106610695927e-13	1.19279668534124e-11
Zo_SA_chr02A_3708-Zo_SB_chr02B_3720	201.883020564891	4.15805790456394	0.579209853198653	7.17884525202964	7.03026637964678e-13	1.54574558191455e-11
Zo_SA_chr01A_116-Zo_SB_chr01B_182	201.458351520898	3.12880305788579	0.436796505750179	7.16306796573888	7.8891210760884e-13	1.72710542868332e-11
Zo_SA_chr02A_2284-Zo_SB_chr02B_2254	48.3401999530622	-9.04411649108433	1.26641267279275	-7.14152399560237	9.23017579260137e-13	2.01201986483358e-11
Zo_SA_chr02A_2725-Zo_SB_chr02B_2692	66.2294680240018	-9.49821961040865	1.33457832472761	-7.11701923702926	1.10286098738235e-12	2.38358764038934e-11
Zo_SA_chr02A_3567-Zo_SB_chr02B_3589	45.1892361707446	8.9573659016958	1.26096363051134	7.10358783152491	1.21559032701141e-12	2.61609460630972e-11
Zo_SA_chr01A_2036-Zo_SB_chr01B_2063	78.8117922387667	-3.43602108991398	0.484500669722131	-7.09188099138147	1.3230126623514e-12	2.83526637640623e-11
Zo_SA_chr01A_2061-Zo_SB_chr01B_2089	47.4624918439588	-6.13914476045232	0.868222662906786	-7.07093355510743	1.53894819672322e-12	3.27042589588169e-11
Zo_SA_chr01A_450-Zo_SB_chr01B_507	40.6771179672598	5.92104170125662	0.846075859439744	6.99823973842893	2.59198301073583e-12	5.37333947409278e-11
Zo_SA_chr01A_4028-Zo_SB_chr01B_4003	79.3007567677083	3.45621227677708	0.498470796289429	6.93363042028702	4.10175401460675e-12	8.36658981533642e-11
Zo_SA_chr02A_595-Zo_SB_chr02B_578	59.2467199646087	-4.49837568258442	0.649386579945919	-6.92711525230325	4.29508663175436e-12	8.72589800107215e-11
Zo_SA_chr02A_3001-Zo_SB_chr02B_2992	374.207020190532	3.56731855122548	0.517997996396281	6.88674198750451	5.70846187121735e-12	1.15052689856797e-10
Zo_SA_chr02A_72-Zo_SB_chr02B_70	39.1344175694383	8.74923490207264	1.28192860085575	6.82505632235065	8.7890826231564e-12	1.75057845658868e-10
Zo_SA_chr01A_1732-Zo_SB_chr01B_1761	36.5334043903646	-8.6403612142907	1.27283830868572	-6.78826301450055	1.13491612828668e-11	2.24289455858678e-10
Zo_SA_chr01A_1336-Zo_SB_chr01B_1361	59.8457283452672	8.39680008086088	1.23850641164406	6.77977925823936	1.20359637334441e-11	2.34937985883441e-10
Zo_SA_chr01A_1658-Zo_SB_chr01B_1676	47.7732870255291	5.82725573122128	0.859489944691147	6.77989983153936	1.20259233003412e-11	2.34937985883441e-10
Zo_SA_chr02A_3750-Zo_SB_chr02B_3760	532.776939681365	-3.54825740325314	0.529429019240269	-6.70204555153567	2.05521943365138e-11	3.8660961124131e-10
Zo_SA_chr01A_4023-Zo_SB_chr01B_3997	39.2061978239468	8.75185156275907	1.31952451052263	6.63257976109338	3.29869981446238e-11	6.04841023742037e-10
Zo_SA_chr01A_1774-Zo_SB_chr01B_1804	34.8131514948778	8.58127516804658	1.30241948001089	6.58871838125061	4.43639358205032e-11	7.99022801533106e-10
Zo_SA_chr02A_68-Zo_SB_chr02B_66	45.1471254308502	-3.50949801539437	0.534860871262768	-6.56151572110462	5.3263558478121e-11	9.43261311242211e-10
Zo_SA_chr02A_2556-Zo_SB_chr02B_2503	112.066042592082	-3.56836847168967	0.54492114601908	-6.54841255062016	5.8151892261674e-11	1.02553284998973e-09
Zo_SA_chr01A_3555-Zo_SB_chr01B_3554	58.8450510670789	-8.36232434871735	1.28691507601782	-6.49796129096055	8.14157448399674e-11	1.42099851560891e-09
Zo_SA_chr01A_2717-Zo_SB_chr01B_2708	32.4919921145999	-8.47147294323943	1.30414562454502	-6.49580291019638	8.25917253348402e-11	1.43658689375224e-09
Zo_SA_chr01A_3111-Zo_SB_chr01B_3120	135.231491601479	3.0514374882854	0.471658779738852	6.46958695431245	9.82711673161911e-11	1.69192969084385e-09
Zo_SA_chr01A_2062-Zo_SB_chr01B_2090	32.7651904104147	-4.99278185049683	0.778892611383888	-6.4101029814957	1.45421373824603e-10	2.46198385885053e-09
Zo_SA_chr01A_2391-Zo_SB_chr01B_2398	61.512944611585	3.06212769862438	0.477829161455409	6.4084152781666	1.47039949535981e-10	2.48111595911378e-09
Zo_SA_chr02A_1348-Zo_SB_chr02B_1331	49.6163324258991	-7.21192597187366	1.1300441786348	-6.38198586234597	1.74806105586524e-10	2.91095150909494e-09
Zo_SA_chr01A_3547-Zo_SB_chr01B_3548	57.1628656799093	5.22170593988493	0.818699239454745	6.37805153375078	1.79355167512725e-10	2.97694410391219e-09
Zo_SA_chr02A_1431-Zo_SB_chr02B_1423	464.459240150694	-3.55310550126157	0.558457888189234	-6.36235171246717	1.98687827714427e-10	3.26581060505365e-09
Zo_SA_chr02A_1481-Zo_SB_chr02B_1471	203.647513307219	3.16491175129287	0.503816842470265	6.28186968854592	3.34525200277426e-10	5.35979019624305e-09
Zo_SA_chr02A_596-Zo_SB_chr02B_579	34.8563371165042	-3.69836949483923	0.591454924782453	-6.25300312817507	4.0263407056632e-10	6.43074982517718e-09
Zo_SA_chr02A_2258-Zo_SB_chr02B_2230	78.6000451070572	-3.6840600649892	0.591989682878933	-6.22318288905487	4.87168926265356e-10	7.63682400154859e-09
Zo_SA_chr02A_1969-Zo_SB_chr02B_1930	46.8540658075556	-8.9989494194879	1.44768004084642	-6.21611762653469	5.09606083083121e-10	7.93953771772753e-09
Zo_SA_chr02A_922-Zo_SB_chr02B_895	45.420810476053	-3.07782725132751	0.496823107918645	-6.195016299104	5.82789990512785e-10	8.99693119092533e-09
Zo_SA_chr02A_1007-Zo_SB_chr02B_984	190.824492426752	3.36227732959553	0.545419097101615	6.16457573169484	7.06723680543637e-10	1.07468550104226e-08
Zo_SA_chr01A_3438-Zo_SB_chr01B_3453	59.0816412719886	5.47294064090425	0.890632788342033	6.14500242135982	7.99622949626404e-10	1.20871576224777e-08
Zo_SA_chr02A_521-Zo_SB_chr02B_504	25.7757152135791	-8.13735587598908	1.33608024263258	-6.09046943165286	1.12580079849428e-09	1.67681591071919e-08
Zo_SA_chr02A_2788-Zo_SB_chr02B_2752	451.20279057313	-3.16606402295316	0.525341165934291	-6.02668176083722	1.67360078848417e-09	2.43559266610633e-08
Zo_SA_chr01A_3808-Zo_SB_chr01B_3792	956.438015938528	-8.14467311909046	1.36314823921217	-5.97489904971574	2.30232706661546e-09	3.32202249185793e-08
Zo_SA_chr02A_2881-Zo_SB_chr02B_2838	163.256293370498	3.59872707444286	0.603552237676183	5.96257763586263	2.4828961641416e-09	3.57241632228759e-08
Zo_SA_chr02A_1114-Zo_SB_chr02B_1091	851.467999326788	-3.29952952202236	0.555642246710671	-5.93822651455165	2.88121783535632e-09	4.08762720273037e-08
Zo_SA_chr02A_653-Zo_SB_chr02B_627	22.453722063631	7.94860417950426	1.34131377407929	5.9259841605372	3.10432510703232e-09	4.36755324615433e-08
Zo_SA_chr01A_2679-Zo_SB_chr01B_2673	22.4135356177513	7.94545188381946	1.35197830975339	5.87690780724786	4.1800084478096e-09	5.78481278104223e-08
Zo_SA_chr01A_3560-Zo_SB_chr01B_3557	46.6327812257684	3.96042395381216	0.676780109887895	5.85186221632338	4.86099261332337e-09	6.67269769812687e-08
Zo_SA_chr02A_1948-Zo_SB_chr02B_1907	27.512672924251	-4.73540085045362	0.81127887988236	-5.83695812608887	5.31624497703503e-09	7.20032219689625e-08
Zo_SA_chr01A_4177-Zo_SB_chr01B_4201	32.363049230064	-7.49668153676624	1.2926279185326	-5.79956647174736	6.64865800735175e-09	8.95717082741102e-08
Zo_SA_chr02A_807-Zo_SB_chr02B_821	20.8243281921703	-7.82975053932931	1.36235168961894	-5.74723149608992	9.07164917300408e-09	1.18140784999199e-07
Zo_SA_chr01A_4078-Zo_SB_chr01B_4102	34.2596374146032	-6.67227855267326	1.17149901103933	-5.69550506641379	1.23007232522007e-08	1.59328295459009e-07
Zo_SA_chr01A_3766-Zo_SB_chr01B_3751	78.3498550168965	-3.54277119940497	0.624255160487732	-5.67519729694665	1.38528900616075e-08	1.77226268571548e-07
Zo_SA_chr02A_1967-Zo_SB_chr02B_1927	61.1399800331248	-4.11062068604245	0.7253543597831	-5.66705173905846	1.45275486153521e-08	1.85390501048676e-07
Zo_SA_chr01A_902-Zo_SB_chr01B_939	39.3924372999732	-4.36445465221203	0.772441488327314	-5.65020745022779	1.60254321100367e-08	2.02975485503433e-07
Zo_SA_chr01A_2745-Zo_SB_chr01B_2731	28.6571507946349	4.2042114260357	0.74753267266237	5.62411728582006	1.86458939241258e-08	2.30981695708866e-07
Zo_SA_chr01A_2983-Zo_SB_chr01B_2980	60.501731286421	-3.3869132507139	0.602767581089637	-5.6189373101176	1.92135549649484e-08	2.36858363269351e-07
Zo_SA_chr02A_2377-Zo_SB_chr02B_2341	29.4249641408559	-7.35856887435772	1.31600545335713	-5.59159451473853	2.249937639177e-08	2.74697915129326e-07
Zo_SA_chr02A_3247-Zo_SB_chr02B_3243	17.5957335088259	7.59631262082452	1.36512593363536	5.56455081077784	2.62828540934481e-08	3.17834799858626e-07
Zo_SA_chr02A_3303-Zo_SB_chr02B_3298	23.9224503511795	8.04022652463851	1.44879235830445	5.54960583450907	2.86314384298276e-08	3.42969518361071e-07
Zo_SA_chr02A_3477-Zo_SB_chr02B_3505	20.0542237671482	-7.77443642141715	1.40103893678426	-5.54905093448826	2.87224498306941e-08	3.43250171035519e-07
Zo_SA_chr02A_3680-Zo_SB_chr02B_3701	23.1585185639538	-7.98232378118921	1.44274613419802	-5.53272928062729	3.15285900531394e-08	3.75900725070176e-07
Zo_SA_chr02A_1980-Zo_SB_chr02B_1939	17.3080199991329	-7.56240748518598	1.38950229031301	-5.44252970139574	5.25291985240342e-08	6.04979136742788e-07
Zo_SA_chr02A_1903-Zo_SB_chr02B_1862	18.5554444069198	-7.66314564870563	1.40924711594004	-5.43775861736919	5.3955002185406e-08	6.18594709028616e-07
Zo_SA_chr01A_23-Zo_SB_chr01B_70	30.010533174505	7.39673112796552	1.36060848220904	5.43634059663983	5.43859490116349e-08	6.20733112427177e-07
Zo_SA_chr02A_991-Zo_SB_chr02B_964	114.831798274211	-3.24508701160215	0.598102908535524	-5.42563322346628	5.77494369129281e-08	6.57644372378389e-07
Zo_SA_chr01A_4111-Zo_SB_chr01B_4131	80.1050859027584	4.86292394284153	0.90126057704163	5.39569139793508	6.8260183079949e-08	7.65327748042077e-07
Zo_SA_chr01A_1726-Zo_SB_chr01B_1757	51.13107047901	-3.36635291138022	0.625479237866171	-5.38203781609853	7.36472874081811e-08	8.23908750542185e-07
Zo_SA_chr01A_3149-Zo_SB_chr01B_3155	18.3913997717035	7.65957936886301	1.43186803680863	5.34936123438778	8.82652079317873e-08	9.76686255088339e-07
Zo_SA_chr02A_1205-Zo_SB_chr02B_1183	27.6762321472193	4.3294359955836	0.812353833705761	5.32949537005785	9.84860310219247e-08	1.08270682155921e-06
Zo_SA_chr02A_1828-Zo_SB_chr02B_1803	36.2276206555719	7.6703266978378	1.44104483436697	5.32275368185008	1.02208101780632e-07	1.12119859383117e-06
Zo_SA_chr02A_2879-Zo_SB_chr02B_2836	18.8271944992241	-7.68366355832156	1.44483970921328	-5.31800414213793	1.04911681449311e-07	1.14590630124957e-06
Zo_SA_chr02A_2776-Zo_SB_chr02B_2739	27.7432071693866	4.32402030437501	0.821612519500052	5.26284617352978	1.41842250748574e-07	1.52954732813589e-06
Zo_SA_chr02A_676-Zo_SB_chr02B_648	15.8061335803917	-7.43156501850368	1.41736869861174	-5.2432123171498	1.57804773312048e-07	1.69807297383875e-06
Zo_SA_chr02A_3056-Zo_SB_chr02B_3055	60.1303547905809	-3.52364582481519	0.679681067792614	-5.18426360801671	2.16870017014096e-07	2.30918829437022e-06
Zo_SA_chr01A_80-Zo_SB_chr01B_145	706.589312226581	-3.34752214336239	0.660296271049119	-5.06972746952462	3.98385744514693e-07	4.03872494289446e-06
Zo_SA_chr01A_2021-Zo_SB_chr01B_2045	80.0954305368078	-3.59628256624028	0.709434005850591	-5.06922777394698	3.99432988118214e-07	4.04127519253468e-06
Zo_SA_chr02A_351-Zo_SB_chr02B_350	53.8493106471709	-3.16260981828158	0.625917873628546	-5.05275524398661	4.35481806417024e-07	4.362548510438e-06
Zo_SA_chr02A_1483-Zo_SB_chr02B_1472	22.7182118971887	-5.47318718357697	1.09292589253385	-5.00783010171704	5.50470912316531e-07	5.38697835001091e-06
Zo_SA_chr02A_833-Zo_SB_chr02B_790	14.4042474437007	-7.29707807819533	1.4597358737996	-4.99890302702603	5.76573886950917e-07	5.60999764717185e-06
Zo_SA_chr02A_2634-Zo_SB_chr02B_2580	14.3115166202148	7.29805615773776	1.46126347449612	4.9943465262172	5.90353157394047e-07	5.72214443970299e-06
Zo_SA_chr01A_1344-Zo_SB_chr01B_1368	34.9536594036898	-5.11744299612374	1.03715878101641	-4.93409793157095	8.05220331476019e-07	7.64432535246112e-06
Zo_SA_chr02A_1831-Zo_SB_chr02B_1806	20.6189692920845	-6.84245521275704	1.40015471244685	-4.88692796012483	1.0242154910664e-06	9.58009296340007e-06
Zo_SA_chr01A_1816-Zo_SB_chr01B_1846	19.4434771739926	3.78526936551084	0.779687363433627	4.85485534720106	1.20474653112447e-06	1.11658898386518e-05
Zo_SA_chr01A_3880-Zo_SB_chr01B_3865	17.6097293680267	5.7140614045236	1.20523893512912	4.74101959202923	2.1264536633822e-06	1.91155011616251e-05
Zo_SA_chr01A_4248-Zo_SB_chr01B_4269	116.474007836409	-3.00254826746757	0.634661324493391	-4.73094570535602	2.23476291657446e-06	2.00182731098442e-05
Zo_SA_chr02A_3022-Zo_SB_chr02B_3014	45.4714581847888	-4.13812919447445	0.876926393911102	-4.71890140746972	2.37121699460791e-06	2.10917882935439e-05
Zo_SA_chr02A_3364-Zo_SB_chr02B_3367	75.9610696916746	-3.05076238727744	0.648216650783808	-4.70639312271373	2.52138077171661e-06	2.23492023377813e-05
Zo_SA_chr02A_249-Zo_SB_chr02B_237	30.9548080286845	-6.54212786680321	1.39104230563896	-4.70304018812579	2.5631594307624e-06	2.26799420711537e-05
Zo_SA_chr02A_2927-Zo_SB_chr02B_2900	100.936932669079	3.42430197798618	0.728886424136517	4.69799116102733	2.62732799130119e-06	2.32073023788152e-05
Zo_SA_chr02A_3709-Zo_SB_chr02B_3721	368.900345157254	-6.91550496924518	1.47581988810978	-4.6858732728575	2.78768722895038e-06	2.4411488682481e-05
Zo_SA_chr01A_3626-Zo_SB_chr01B_3620	20.6334691767175	-3.67983757996789	0.785966019100081	-4.68192961342177	2.84187067793995e-06	2.48431345494957e-05
Zo_SA_chr01A_653-Zo_SB_chr01B_704	171.621715116544	-3.5201132594346	0.754476025131244	-4.66563965213111	3.0765845746565e-06	2.66654830284648e-05
Zo_SA_chr01A_1003-Zo_SB_chr01B_1036	19.0566867874968	6.73643202299757	1.45217228736945	4.63886556821735	3.50326824903374e-06	3.01067672366199e-05
Zo_SA_chr02A_2935-Zo_SB_chr02B_2907	18.630497175814	4.42626593135583	0.956831268521286	4.62596288078702	3.728620775983e-06	3.18815907764607e-05
Zo_SA_chr02A_2863-Zo_SB_chr02B_2823	24.2791928621928	-3.77142570143292	0.816550027076632	-4.61873195318501	3.86092223241631e-06	3.29573512914999e-05
Zo_SA_chr02A_2430-Zo_SB_chr02B_2398	20.6544901483953	5.95667794444552	1.29756237565453	4.59066789867483	4.4182987254021e-06	3.72148245875908e-05
Zo_SA_chr01A_1512-Zo_SB_chr01B_1541	10.4962001513911	6.8505767149615	1.50032813378857	4.56605229261595	4.96994837701153e-06	4.13809308308878e-05
Zo_SA_chr01A_1477-Zo_SB_chr01B_1506	18.6563360916396	7.68098775162177	1.69055724382402	4.54346504957588	5.53369838930872e-06	4.5774680976057e-05
Zo_SA_chr02A_1687-Zo_SB_chr02B_1668	36.5447144316712	-3.11822008081302	0.688225586383128	-4.53081103421391	5.87576779327236e-06	4.85252432878541e-05
Zo_SA_chr02A_792-Zo_SB_chr02B_753	16.5638307889786	5.61883648459672	1.24377829052171	4.51755471808395	6.25578651811124e-06	5.12469995572371e-05
Zo_SA_chr02A_1311-Zo_SB_chr02B_1296	55.3939555036279	-3.25180874649467	0.720423652806293	-4.51374511903903	6.36927573009691e-06	5.20089251337013e-05
Zo_SA_chr01A_434-Zo_SB_chr01B_488	16.5373939560768	-5.61325606787071	1.25022500026451	-4.4897966899423	7.12911858306504e-06	5.80269123131208e-05
Zo_SA_chr01A_1796-Zo_SB_chr01B_1831	169.969578306436	-3.64589441574755	0.815419797199261	-4.47118702326112	7.77866347780521e-06	6.28105434082236e-05
Zo_SA_chr01A_3314-Zo_SB_chr01B_3321	15.1667588990727	5.48841669101491	1.23679318569942	4.43761879874132	9.09595220657522e-06	7.28680461469962e-05
Zo_SA_chr02A_3494-Zo_SB_chr02B_3521	19.0161250884116	7.70901849735149	1.73920294347898	4.43250083393425	9.31463421439226e-06	7.42917480170188e-05
Zo_SA_chr01A_645-Zo_SB_chr01B_693	35.7515009851934	3.07944421720607	0.695926694798406	4.42495486984891	9.64624469730863e-06	7.65317637193484e-05
Zo_SA_chr01A_58-Zo_SB_chr01B_114	26.3951241438575	-3.05524192629041	0.693662101000651	-4.40451038320103	1.06023063053166e-05	8.29724402537798e-05
Zo_SA_chr02A_3707-Zo_SB_chr02B_3719	10.3677124827263	6.83397586201441	1.55234637222391	4.40235245451308	1.07083411182493e-05	8.35447995999821e-05
Zo_SA_chr02A_2133-Zo_SB_chr02B_2092	9.26762784657399	6.67169369830573	1.5207563610192	4.3870891283561	1.14877723924237e-05	8.89426768004874e-05
Zo_SA_chr02A_1369-Zo_SB_chr02B_1351	9.57275209933678	6.71867674517863	1.53973379438859	4.36353139072754	1.27979566914066e-05	9.87854438231829e-05
Zo_SA_chr01A_4204-Zo_SB_chr01B_4222	28.2861050663353	4.16778761527742	0.961326748818769	4.3354537054114	1.4545978652898e-05	0.000111096279064765
Zo_SA_chr01A_3904-Zo_SB_chr01B_3890	54.0220231723608	-3.57935633249561	0.825949774363604	-4.33362468711068	1.46674144905389e-05	0.00011185555284902
Zo_SA_chr01A_33-Zo_SB_chr01B_81	51.4665806814844	3.23397100902255	0.75022036087227	4.31069480074156	1.62742391155107e-05	0.000122273462230294
Zo_SA_chr02A_3195-Zo_SB_chr02B_3200	201.618417126062	3.7419208760919	0.869865795136329	4.30172205530332	1.69475816998704e-05	0.000126397602721941
Zo_SA_chr01A_4051-Zo_SB_chr01B_4027	350.656049378911	7.71092659070278	1.79471345242681	4.2964667035153	1.73542020817091e-05	0.000129051233342607
Zo_SA_chr01A_1398-Zo_SB_chr01B_1424	31.6830829211101	3.38388558320622	0.787750878462717	4.29562908239444	1.74198638316012e-05	0.000129350129240793
Zo_SA_chr01A_211-Zo_SB_chr01B_280	11.9884058337742	-6.05177611505898	1.41701207803692	-4.27080065784823	1.94772446912842e-05	0.000143577541055199
Zo_SA_chr02A_3261-Zo_SB_chr02B_3255	14.5263705622626	-4.80894038426851	1.13608382693382	-4.23290981726884	2.30687025862011e-05	0.000167141141847811
Zo_SA_chr01A_2087-Zo_SB_chr01B_2110	8.88186942815205	6.61094789053472	1.56728493714902	4.21808934280986	2.46381199709741e-05	0.00017749930685472
Zo_SA_chr02A_824-Zo_SB_chr02B_805	8.7559947077463	-6.5790790898886	1.563394348484	-4.20820191416723	2.57410808031865e-05	0.000184139365351246
Zo_SA_chr01A_3281-Zo_SB_chr01B_3291	12.2797245630801	7.07668555801099	1.6848056357837	4.2002978905749	2.66564028227464e-05	0.000189884810570447
Zo_SA_chr02A_1246-Zo_SB_chr02B_1235	13.0117763722368	-7.15146237091459	1.70519631814205	-4.19392318340606	2.741708608963e-05	0.000195029944326654
Zo_SA_chr01A_1547-Zo_SB_chr01B_1572	17.327511533106	4.03701839765361	0.973521689416102	4.14681916339731	3.37126120268429e-05	0.000235201039126834
Zo_SA_chr01A_888-Zo_SB_chr01B_928	19.6905826727607	3.62177488798	0.882852058943237	4.10235763884973	4.0896148417431e-05	0.000282216763331701
Zo_SA_chr02A_1634-Zo_SB_chr02B_1617	12.863128233688	-5.23307629795442	1.28758359212244	-4.06426140405243	4.81848003184636e-05	0.000326219808217593
Zo_SA_chr02A_2233-Zo_SB_chr02B_2203	8.16720919862526	6.48860028407202	1.59672487479232	4.06369336791096	4.83022715051824e-05	0.00032623302789205
Zo_SA_chr02A_2092-Zo_SB_chr02B_2048	14.4890529016645	-3.74893257848705	0.951325669328251	-3.94074573971524	8.12286895002406e-05	0.000524886150091249
Zo_SA_chr02A_2445-Zo_SB_chr02B_2413	7.89652437826082	-6.43044075057396	1.64118290377457	-3.91817434594556	8.92221651984342e-05	0.000572894281975787
Zo_SA_chr02A_1784-Zo_SB_chr02B_1753	12.4741268449681	-5.18745093555397	1.32813834372379	-3.90580616851221	9.39117687327097e-05	0.000600727800243618
Zo_SA_chr02A_2163-Zo_SB_chr02B_2139	6.94641596512059	-6.24493359311028	1.62033091275233	-3.8541100117028	0.000116151363488516	0.00071855392832908
Zo_SA_chr02A_3249-Zo_SB_chr02B_3246	8.15594014861346	-6.47773918871445	1.68655173283607	-3.84081855456733	0.000122624730194772	0.000754922429889996
Zo_SA_chr02A_3657-Zo_SB_chr02B_3678	7.23538969690393	6.31509857921593	1.68309978592859	3.752064275697	0.000175384481870921	0.00104674240120142
Zo_SA_chr01A_5-Zo_SB_chr01B_51	6.30423896224884	6.11554272716363	1.6331661513519	3.74459311571044	0.000180686356940712	0.00107208645666107
Zo_SA_chr01A_3233-Zo_SB_chr01B_3242	12.0865421068438	-5.13896002121297	1.37401106741067	-3.74011544965018	0.000183935752327623	0.00108882247793939
Zo_SA_chr02A_1145-Zo_SB_chr02B_1118	8.65532753681472	5.58251448579509	1.49348107806504	3.7379211345803	0.000185548126272477	0.00109453999226238
Zo_SA_chr01A_356-Zo_SB_chr01B_411	7.1931162517803	-6.29639784302916	1.6921998039278	-3.72083593699423	0.00019856441089392	0.00116053928990819
Zo_SA_chr01A_4109-Zo_SB_chr01B_4129	6.94085846032455	-6.24390898646088	1.678503719998	-3.71992561712541	0.000199281459657247	0.00116246750747818
Zo_SA_chr01A_1743-Zo_SB_chr01B_1769	43.16914713764	-3.46996194784969	0.942084465552091	-3.68328114381568	0.000230250973055927	0.00132439942485963
Zo_SA_chr02A_2026-Zo_SB_chr02B_1975	6.2781995683019	-6.09913591152409	1.6673473098175	-3.65798767635981	0.000254203266265823	0.00145067234760013
Zo_SA_chr01A_2614-Zo_SB_chr01B_2609	58.4835314105617	-3.20684172927917	0.881351275985142	-3.63855118459399	0.000274176140817133	0.0015524421618843
Zo_SA_chr01A_4269-Zo_SB_chr01B_4287	7.81304427350295	-6.41434322064371	1.76723694629181	-3.62958868311514	0.000283873193662114	0.0016019910562332
Zo_SA_chr02A_3530-Zo_SB_chr02B_3563	6.56887912628387	6.17582380896715	1.71234702416678	3.60664265000389	0.000310184368308545	0.00173314236153917
Zo_SA_chr02A_3674-Zo_SB_chr02B_3698	56.0721014634067	-3.01542976820869	0.841981743228696	-3.58134816159505	0.000341825775509894	0.00189534182730868
Zo_SA_chr02A_2256-Zo_SB_chr02B_2228	20.7204001630482	-3.37767668551341	0.947046382282082	-3.56653776278019	0.00036172870498885	0.00198618388393337
Zo_SA_chr01A_2511-Zo_SB_chr01B_2519	6.06237646199586	-6.04951892164996	1.71780071546682	-3.52166515427604	0.000428845447632603	0.00231221446764967
Zo_SA_chr02A_454-Zo_SB_chr02B_435	25.1392121318882	-3.19309376047613	0.909254657445137	-3.51177058520461	0.000445132069659505	0.00238987926194569
Zo_SA_chr02A_2672-Zo_SB_chr02B_2618	17.5932773492564	-3.81971607179988	1.08829881730045	-3.50980448667103	0.000448436295901592	0.00240507702944476
Zo_SA_chr02A_2636-Zo_SB_chr02B_2583	21.969766941354	-3.96677638488842	1.13034157198041	-3.50936078369519	0.000449185142570246	0.0024065520454792
Zo_SA_chr01A_785-Zo_SB_chr01B_829	12.6009758435776	4.17045033027966	1.19217534578049	3.49818535087167	0.000468435461391834	0.00249390325829049
Zo_SA_chr01A_2677-Zo_SB_chr01B_2671	8.3116218063971	6.51534094940969	1.86612438927678	3.49137548753366	0.000480540388351426	0.00255566977218523
Zo_SA_chr01A_2180-Zo_SB_chr01B_2198	14.1414020277959	3.09857781130964	0.892047761287103	3.47355595269788	0.000513610262352986	0.00270885412512027
Zo_SA_chr01A_4155-Zo_SB_chr01B_4177	5.60546730288076	5.94673040724074	1.71771804175929	3.46199449657644	0.000536188119285142	0.00281042255711996
Zo_SA_chr01A_308-Zo_SB_chr01B_366	11.1425871966837	-3.35042336397502	0.969499559808727	-3.4558276278496	0.000548606027493411	0.00286663581650106
Zo_SA_chr02A_2100-Zo_SB_chr02B_2056	25.078547118728	4.61998447650631	1.34369027825899	3.43828079376476	0.000585420303286631	0.00302477082440773
Zo_SA_chr01A_1628-Zo_SB_chr01B_1642	7.82174856334853	6.42774749491261	1.8784882536291	3.42176613694265	0.000622158024280954	0.00320156089698376
Zo_SA_chr01A_3127-Zo_SB_chr01B_3135	5.63639904600804	-5.94323092364516	1.7415547808462	-3.41260061929112	0.000643461676848982	0.00329389690494741
Zo_SA_chr01A_2536-Zo_SB_chr01B_2549	6.81518098410377	-6.21891107221538	1.83896483826772	-3.38174550312419	0.000720268400042491	0.00364004298887146
Zo_SA_chr01A_2734-Zo_SB_chr01B_2720	5.26463685008942	-5.84557659624851	1.73154131926894	-3.37593826448017	0.000735644240973512	0.00370668363085761
Zo_SA_chr01A_1127-Zo_SB_chr01B_1155	1013.35218859214	-4.01105671292801	1.19557259326469	-3.35492527641105	0.00079386425140086	0.0039413846851075
Zo_SA_chr01A_2896-Zo_SB_chr01B_2897	15.0701386698195	-3.01883272540828	0.901519020772965	-3.34860680235002	0.000812189703016983	0.00402449902597391
Zo_SA_chr01A_107-Zo_SB_chr01B_172	23.8785551813383	3.34516003128782	1.00607495832268	3.32496103159633	0.00088430894002968	0.0043479236267287
Zo_SA_chr02A_2826-Zo_SB_chr02B_2786	5.30204462081396	-5.85505485972351	1.76706261608911	-3.31343938036674	0.000921560816139561	0.00451670205455792
Zo_SA_chr02A_3282-Zo_SB_chr02B_3280	4.99510746008971	5.77933532346405	1.76033480455198	3.28308871046547	0.00102676349545391	0.00494306331128948
Zo_SA_chr01A_622-Zo_SB_chr01B_671	23.5792547486882	-4.10375534954185	1.27614523467443	-3.21574319132163	0.0013010720450055	0.00608484798948707
Zo_SA_chr01A_2357-Zo_SB_chr01B_2372	6.19960382024325	6.09252932496304	1.91900316387589	3.17484068794224	0.0014991878588055	0.00687555156958441
Zo_SA_chr01A_1688-Zo_SB_chr01B_1719	31.8834986349245	3.13057396875029	0.987681975746376	3.16961739266789	0.00152639784834261	0.00697801500605953
Zo_SA_chr01A_3330-Zo_SB_chr01B_3346	5.72900694394075	-5.96785352145325	1.90261747916909	-3.13665441781788	0.00170887421275326	0.00770814576072274
Zo_SA_chr02A_2035-Zo_SB_chr02B_1984	1024.39474104859	3.60451306557077	1.1530529600571	3.12606028555035	0.00177165229227103	0.00795598761489351
Zo_SA_chr02A_2938-Zo_SB_chr02B_2909	8.44510225250629	3.56698708551532	1.14142420308858	3.12503193454581	0.00177785757897291	0.00797680092191112
Zo_SA_chr02A_44-Zo_SB_chr02B_48	4.90669815839506	-5.74453913587541	1.84140116292624	-3.1196565156647	0.00181062039557456	0.00810947177171358
Zo_SA_chr02A_1578-Zo_SB_chr02B_1563	7.57984905493252	-4.44066059700824	1.4255111463292	-3.11513565393247	0.00183860332890043	0.00821307502857104
Zo_SA_chr01A_2648-Zo_SB_chr01B_2648	30.910886114722	3.61609674951922	1.16185870745553	3.11233777938324	0.00185611992239815	0.00827676302533817
Zo_SA_chr02A_272-Zo_SB_chr02B_271	4.46158596017167	-5.60630639677013	1.80499977519274	-3.10598731025963	0.00189644853925048	0.00844177224439369
Zo_SA_chr02A_2150-Zo_SB_chr02B_2108	22.903755570132	3.27624736743229	1.05837069274024	3.09555752998954	0.00196443260655914	0.00868526371158878
Zo_SA_chr02A_1786-Zo_SB_chr02B_1755	11.2273592763442	3.99326360388818	1.29200398837727	3.09075176223228	0.00199650469558862	0.00880994556811
Zo_SA_chr01A_977-Zo_SB_chr01B_1010	4.62925562633821	-5.65950200324136	1.83140793126724	-3.09024652925101	0.00199990422130031	0.00881728605901415
Zo_SA_chr01A_2043-Zo_SB_chr01B_2071	14.5441442263836	3.80288348590266	1.23568774827303	3.07754405691686	0.00208713983819179	0.00917005470430456
Zo_SA_chr02A_313-Zo_SB_chr02B_312	4.78646883072294	5.71865415550932	1.88189062179601	3.03878136660867	0.00237537173309839	0.0102851773507304
Zo_SA_chr02A_2856-Zo_SB_chr02B_2816	9.02276786135542	-3.01221118084961	1.01163436902295	-2.97756904380271	0.00290544196021771	0.0121654902851985
Zo_SA_chr02A_1077-Zo_SB_chr02B_1053	49.0598578037031	-3.61393675432557	1.21929511153099	-2.96395574799589	0.00303711958415425	0.0125717443911324
Zo_SA_chr01A_364-Zo_SB_chr01B_418	4.57738485229432	5.65510031339875	1.90980599391721	2.96108627337563	0.00306556053901071	0.0126791384182699
Zo_SA_chr02A_2244-Zo_SB_chr02B_2211	5.11237359106516	-4.79285958406103	1.62657130573098	-2.94660281241536	0.00321285592948386	0.0132559669097064
Zo_SA_chr01A_3931-Zo_SB_chr01B_3920	4.27233482437517	5.55521944970436	1.88844940007038	2.94168297519506	0.00326433927744408	0.0134356395381997
Zo_SA_chr01A_3994-Zo_SB_chr01B_3969	4.12228959714341	-5.49243758024175	1.86909721458158	-2.93855104881279	0.00329750348807084	0.0135220375032848
Zo_SA_chr02A_1478-Zo_SB_chr02B_1467	4.43750924010192	-5.59906318662362	1.90831396351724	-2.93403669085139	0.00334584654101094	0.0136384868232701
Zo_SA_chr01A_1362-Zo_SB_chr01B_1383	15.350467807274	-3.0259686631128	1.03254872600645	-2.93058195405096	0.00338327738232868	0.0137800046710885
Zo_SA_chr01A_1480-Zo_SB_chr01B_1509	18.7156470887438	-3.22785310384024	1.10816792465732	-2.91278337156202	0.00358223014543579	0.0144742616616296
Zo_SA_chr02A_1512-Zo_SB_chr02B_1498	7.50873231385217	4.4600631833115	1.53426823029694	2.90696443766441	0.00364954685273792	0.0146994833188389
Zo_SA_chr02A_3642-Zo_SB_chr02B_3662	4.30193606664863	-5.55366553573324	1.92804469180541	-2.88046514654846	0.00397088853406614	0.0159180290959131
Zo_SA_chr01A_2125-Zo_SB_chr01B_2147	4.59331127834832	5.65969414559617	1.96792918101508	2.87596433865411	0.00402795216258111	0.0160959630477966
Zo_SA_chr01A_3159-Zo_SB_chr01B_3165	8.26334446932484	-3.53341255471747	1.23661895729573	-2.85731715001718	0.00427238713346186	0.0168998864882031
Zo_SA_chr02A_793-Zo_SB_chr02B_754	9.54055773138507	3.77518663027995	1.32980958970363	2.83889262004895	0.0045270388315647	0.017727702564007
Zo_SA_chr02A_1669-Zo_SB_chr02B_1649	31.4527590694147	-3.06802731620006	1.08845130571025	-2.81870883897563	0.00482172335101811	0.0186232189352251
Zo_SA_chr02A_283-Zo_SB_chr02B_282	5.30498177104806	-4.84738159892318	1.72277115563608	-2.81371184040601	0.00489731064839176	0.0188712321722181
Zo_SA_chr02A_482-Zo_SB_chr02B_467	6.549767895958	-4.24805236331737	1.51312605108313	-2.80746760012261	0.00499327025433457	0.0191691758289987
Zo_SA_chr01A_16-Zo_SB_chr01B_63	4.26433449892636	5.55253051360572	1.99277702986435	2.78632803890945	0.00533088940109582	0.0202965421800342
Zo_SA_chr02A_2033-Zo_SB_chr02B_1982	6.56913516121295	4.25977270020727	1.53862030877469	2.76856653712028	0.00563034877274444	0.0212140514961195
Zo_SA_chr01A_2598-Zo_SB_chr01B_2597	15.9840550375281	4.52605662509307	1.64951907926563	2.74386436749073	0.0060720620181101	0.0226265612545717
Zo_SA_chr01A_2881-Zo_SB_chr01B_2879	7.75985500584033	-6.40567860877854	2.34743566866852	-2.72879836251781	0.00635655582689759	0.0235656547772357
Zo_SA_chr01A_3377-Zo_SB_chr01B_3394	6.6265356805022	-3.63314144674878	1.34135887323508	-2.70855288561694	0.00675773410150586	0.024925585694661
Zo_SA_chr01A_1840-Zo_SB_chr01B_1869	5.43269539767205	-4.88360670812688	1.80445675004367	-2.70641383231196	0.0068014230604306	0.0250503464277933
Zo_SA_chr01A_1205-Zo_SB_chr01B_1241	6.58987443063777	3.62510530746826	1.34091309617241	2.70346028972049	0.00686216469065257	0.0251827561154801
Zo_SA_chr01A_1907-Zo_SB_chr01B_1939	3.75731603994454	-5.3595595560887	2.03674701364941	-2.63143115967335	0.00850260906995699	0.0304761831096059
Zo_SA_chr01A_730-Zo_SB_chr01B_774	4.27207515623707	-4.5246487933492	1.72385942310451	-2.62472028328199	0.00867201767254391	0.0309837340834274
Zo_SA_chr02A_1355-Zo_SB_chr02B_1341	6.45628151472474	6.14998912551169	2.34390794769579	2.62381853841894	0.00869500965346581	0.0310126081671017
Zo_SA_chr02A_2447-Zo_SB_chr02B_2414	7.16638978440161	-4.35139883613133	1.70006130244082	-2.55955407601121	0.0104806548840675	0.0362610668638819
Zo_SA_chr01A_3107-Zo_SB_chr01B_3116	3.27643923769312	5.17266213277484	2.04039260300726	2.53513080039158	0.0112405346274969	0.0384708055074508
Zo_SA_chr01A_3393-Zo_SB_chr01B_3409	479.394771622505	-3.00109867890252	1.18574957445354	-2.53097175285566	0.0113747008550696	0.0388514496589768
Zo_SA_chr01A_302-Zo_SB_chr01B_361	3.42896425165269	5.23851402731952	2.07079324127456	2.5297136975854	0.0114155634142945	0.0389648162508077
Zo_SA_chr01A_3908-Zo_SB_chr01B_3895	5.73333331481307	-5.96867149263186	2.38520551715829	-2.50237199675057	0.0123364226506246	0.0416047082619671
Zo_SA_chr01A_1567-Zo_SB_chr01B_1584	5.29997337348231	-3.89249096573868	1.58055821005744	-2.46273180005007	0.0137883013066745	0.0458118076427138
Zo_SA_chr01A_4158-Zo_SB_chr01B_4179	4.47081929555605	-4.59192255981984	1.88557779233996	-2.43528672138283	0.0148799937302921	0.0486016001004204
