baseMean	log2FoldChange	lfcSE	stat	pvalue	padj
Zo_SA_chr02A_1524-Zo_SB_chr02B_1509	2647.73169888254	-2.61296409730505	0.153716309974158	-16.9986132099081	8.40856701024392e-65	1.6425812248088e-62
Zo_SA_chr02A_3346-Zo_SB_chr02B_3347	1808.0135165187	-2.61148335300841	0.153625417348566	-16.9990317883604	8.34874535821238e-65	1.6425812248088e-62
Zo_SA_chr02A_230-Zo_SB_chr02B_215	812.866776838587	-2.80683896348568	0.167165632011824	-16.7907657196375	2.85142148933038e-63	4.99392060148586e-61
Zo_SA_chr01A_3975-Zo_SB_chr01B_3954	13502.3763947723	-2.75836853108234	0.182153518205557	-15.1430977466467	8.41545312294869e-52	9.09406093860774e-50
Zo_SA_chr02A_3716-Zo_SB_chr02B_3736	11302.9475726535	-1.63505982606339	0.11557629363198	-14.1470173050346	1.94847903247976e-45	1.86723113320089e-43
Zo_SA_chr02A_1761-Zo_SB_chr02B_1733	1474.80651152163	-2.99156754678533	0.219034235464593	-13.6579906809541	1.80906898143408e-42	1.50627235355798e-40
Zo_SA_chr02A_3368-Zo_SB_chr02B_3368	1235.60651555666	-2.95400162925679	0.216985619195587	-13.613812934737	3.31488063219921e-42	2.71552882757094e-40
Zo_SA_chr02A_1554-Zo_SB_chr02B_1542	2456.18040032328	-2.05940093147851	0.151418895783488	-13.6006864983564	3.9669233840968e-42	3.17476561066176e-40
Zo_SA_chr02A_920-Zo_SB_chr02B_893	444.213698486563	-2.62980410854071	0.196292272157893	-13.3973899208083	6.26271262177347e-41	4.81944203121022e-39
Zo_SA_chr02A_3541-Zo_SB_chr02B_3575	1136.86441953883	-1.90414266854235	0.149446815603183	-12.7412729462118	3.48659135429156e-37	2.52977106977812e-35
Zo_SA_chr01A_4228-Zo_SB_chr01B_4246	1414.74147669676	-1.82803735720889	0.159293838096107	-11.4758824261989	1.74389448277164e-30	1.02991163697642e-28
Zo_SA_chr01A_3924-Zo_SB_chr01B_3913	1241.38371575641	-1.65349181244903	0.148808366060032	-11.1115514283786	1.10227572515558e-28	6.08528087833175e-27
Zo_SA_chr02A_3465-Zo_SB_chr02B_3495	2835.10919480618	-2.97779417427868	0.27060329623939	-11.004279015302	3.64419181486614e-28	1.96902661996863e-26
Zo_SA_chr02A_736-Zo_SB_chr02B_709	670.190870920541	-2.00633689985366	0.193369953560483	-10.3756393530193	3.20062690819954e-25	1.56307539103322e-23
Zo_SA_chr01A_1511-Zo_SB_chr01B_1540	182.204814940318	-2.57058060931642	0.255060940048102	-10.0782997539005	6.89081546610585e-24	3.12486176360282e-22
Zo_SA_chr01A_2191-Zo_SB_chr01B_2209	285.090016435476	-2.71541433970807	0.270123180824646	-10.0525039406774	8.95622855191969e-24	4.02554732877877e-22
Zo_SA_chr01A_884-Zo_SB_chr01B_924	1765.13425106177	-1.69656118423735	0.169074136663207	-10.0344216905089	1.07587995127619e-23	4.7933283092384e-22
Zo_SA_chr02A_3602-Zo_SB_chr02B_3621	1763.86781849656	-1.39186653949808	0.139711856281087	-9.96240817742608	2.2260417654579e-23	9.74660872996608e-22
Zo_SA_chr02A_1601-Zo_SB_chr02B_1583	943.379240655096	-1.52297189171987	0.153457841511611	-9.92436669718596	3.26166649393787e-23	1.41589778826585e-21
Zo_SA_chr02A_1492-Zo_SB_chr02B_1479	5788.33982688022	-1.80978011556737	0.187449754432706	-9.65474786053711	4.69312346464538e-22	1.93791659162064e-20
Zo_SA_chr01A_2608-Zo_SB_chr01B_2604	977.785493740701	-1.71233908149638	0.180100210710495	-9.50770171084869	1.94921274328184e-21	7.67445854506083e-20
Zo_SA_chr01A_1011-Zo_SB_chr01B_1048	266.488301033912	-2.41328642957842	0.26061105357211	-9.26010772183412	2.04226067065928e-20	7.40902996162749e-19
Zo_SA_chr02A_185-Zo_SB_chr02B_176	632.421474948529	-1.86967052950941	0.205928004475372	-9.0792436622335	1.09331928388789e-19	3.77752968902488e-18
Zo_SA_chr02A_162-Zo_SB_chr02B_155	660.06465575966	-1.64496631912146	0.183777681491706	-8.95084923136165	3.52757901091161e-19	1.17872196029079e-17
Zo_SA_chr01A_30-Zo_SB_chr01B_77	210.56366562885	-2.09087526066401	0.236884544133136	-8.82655839077827	1.07946003757661e-18	3.46998577901999e-17
Zo_SA_chr01A_1197-Zo_SB_chr01B_1227	930.722383652264	-1.63383031230598	0.18864801356938	-8.66073424995328	4.68735143148857e-18	1.45164987320308e-16
Zo_SA_chr01A_1966-Zo_SB_chr01B_2001	605.448541012486	-1.59759623942214	0.186340317568826	-8.57354039247067	1.00351312341098e-17	3.03383521059785e-16
Zo_SA_chr01A_324-Zo_SB_chr01B_384	1712.27912761735	-1.31809590938271	0.155365776306462	-8.48382404875794	2.17911199925411e-17	6.47234493813547e-16
Zo_SA_chr02A_3063-Zo_SB_chr02B_3062	399.222466785044	-2.19908564470132	0.261155348783047	-8.42060350266153	3.74549853751812e-17	1.09329810758934e-15
Zo_SA_chr01A_3542-Zo_SB_chr01B_3542	126.898367265455	-2.46895017830506	0.296223172906157	-8.3347638001542	7.76530550641844e-17	2.24090833335791e-15
Zo_SA_chr02A_1185-Zo_SB_chr02B_1159	142.016233536518	-2.39064335712765	0.288360037655251	-8.29048080506143	1.12791595760019e-16	3.20038276460971e-15
Zo_SA_chr01A_2526-Zo_SB_chr01B_2542	292.744950204373	-1.62054814162308	0.196231109722853	-8.25836506714894	1.47681285052981e-16	4.14405108720492e-15
Zo_SA_chr02A_1791-Zo_SB_chr02B_1765	439.277013725573	-1.4803302598622	0.180879539031016	-8.18406696408243	2.74421459221886e-16	7.61470736279079e-15
Zo_SA_chr02A_1701-Zo_SB_chr02B_1683	158.624829510961	-2.16117964964039	0.268362873879926	-8.0531990822522	8.06575479096789e-16	2.21437668017978e-14
Zo_SA_chr01A_3360-Zo_SB_chr01B_3379	480.217726313272	-1.51006087998989	0.187556891241582	-8.05121512728032	8.19760325835727e-16	2.2265041149303e-14
Zo_SA_chr02A_2746-Zo_SB_chr02B_2712	586.537150242374	-1.72673866379707	0.218597709236455	-7.89916175164159	2.80785310481726e-15	7.5058346944036e-14
Zo_SA_chr01A_2795-Zo_SB_chr01B_2788	578.321719556388	-1.29232378118948	0.16381549916978	-7.88889810633918	3.04866303882327e-15	8.10688982941539e-14
Zo_SA_chr02A_591-Zo_SB_chr02B_575	1082.96527601075	-2.23740852499092	0.287115002458134	-7.79272593154434	6.55787649052134e-15	1.69935993343663e-13
Zo_SA_chr01A_2215-Zo_SB_chr01B_2233	435.514030166217	-1.44628440303218	0.18921544408077	-7.64358538521204	2.11254922826196e-14	5.28553572923276e-13
Zo_SA_chr01A_2977-Zo_SB_chr01B_2974	82.3740446729664	-2.70997689971314	0.356358867783859	-7.60462877370239	2.85722845835299e-14	7.078957726817e-13
Zo_SA_chr02A_170-Zo_SB_chr02B_162	254.376558648598	-1.70308409397304	0.224061111187815	-7.60098030820466	2.93895833952118e-14	7.24610165360585e-13
Zo_SA_chr02A_485-Zo_SB_chr02B_469	358.952598255879	-2.29047130362943	0.301568479548186	-7.59519465383466	3.07330102065487e-14	7.53715702075252e-13
Zo_SA_chr02A_2979-Zo_SB_chr02B_2970	248.098455669555	-1.70768555687401	0.226875988808064	-7.52695587508252	5.1936911501417e-14	1.2561313024557e-12
Zo_SA_chr01A_3892-Zo_SB_chr01B_3880	297.042589857751	-2.07859421565602	0.282368466127356	-7.36128309284548	1.82150807631613e-13	4.22440160712769e-12
Zo_SA_chr02A_2308-Zo_SB_chr02B_2278	711.647682364932	-2.28291308362386	0.312092382763088	-7.31486319343088	2.57643743329228e-13	5.92114286139886e-12
Zo_SA_chr02A_2502-Zo_SB_chr02B_2454	80.3623172352602	-2.9430131607467	0.407514301903218	-7.22186472229787	5.1279472777271e-13	1.15754863215893e-11
Zo_SA_chr02A_340-Zo_SB_chr02B_340	148.671759622856	-2.50975305356544	0.348015662140958	-7.21160949517525	5.52943581264479e-13	1.2263757420272e-11
Zo_SA_chr02A_2865-Zo_SB_chr02B_2826	1492.8877684078	-1.26544240546319	0.179402165533436	-7.05366293489554	1.7426822881589e-12	3.6726486894436e-11
Zo_SA_chr01A_2480-Zo_SB_chr01B_2490	132.066907762385	-2.34505768924767	0.333443249546046	-7.03285399371634	2.02351086491812e-12	4.24686433178477e-11
Zo_SA_chr01A_530-Zo_SB_chr01B_586	159.234889316613	-2.10205247319143	0.299173950426544	-7.02618817645873	2.12252163342938e-12	4.43633225357523e-11
Zo_SA_chr02A_3755-Zo_SB_chr02B_3764	545.497256727991	-2.66893917841613	0.381565685841029	-6.99470439154764	2.65818797697834e-12	5.48818566466382e-11
Zo_SA_chr02A_226-Zo_SB_chr02B_211	476.736299233328	-1.19858710113758	0.173835351223674	-6.89495601844158	5.38814708198315e-12	1.09029478204751e-10
Zo_SA_chr01A_388-Zo_SB_chr01B_447	234.994639306411	-1.8899014728218	0.27877386303592	-6.77933523695617	1.2073009315924e-11	2.34937985883441e-10
Zo_SA_chr02A_1926-Zo_SB_chr02B_1882	801.994242317521	-1.39394996960847	0.205759922526883	-6.77464276079494	1.24714033084295e-11	2.41764341234783e-10
Zo_SA_chr01A_1717-Zo_SB_chr01B_1745	369.553983955731	-1.43746679222442	0.212451088179065	-6.76610698747206	1.32293733551775e-11	2.55482841334398e-10
Zo_SA_chr02A_728-Zo_SB_chr02B_700	474.798372555423	-1.5933682806025	0.235735599570261	-6.75913304357578	1.38819878397202e-11	2.67070516052798e-10
Zo_SA_chr02A_2178-Zo_SB_chr02B_2150	187.726208418752	-2.68773390518056	0.398683050172238	-6.74153040621971	1.56726927288447e-11	2.99254159284972e-10
Zo_SA_chr02A_1908-Zo_SB_chr02B_1864	730.29346810972	-1.21323982002315	0.180085608688632	-6.73701707125775	1.61671192460213e-11	3.07538571724877e-10
Zo_SA_chr02A_1731-Zo_SB_chr02B_1701	80.5403751259503	-2.60152085235503	0.386271068337367	-6.7349617033261	1.63973117505905e-11	3.10753531273318e-10
Zo_SA_chr02A_1581-Zo_SB_chr02B_1566	173.772434827667	-1.75473585069887	0.262391751344395	-6.68746575190826	2.27068327752056e-11	4.25564589170736e-10
Zo_SA_chr02A_433-Zo_SB_chr02B_422	453.145979662116	-2.29390327797363	0.343329797540033	-6.68134049071623	2.36766396014298e-11	4.42109016675227e-10
Zo_SA_chr01A_2259-Zo_SB_chr01B_2271	1236.96083335078	-1.5206602132472	0.228518766813926	-6.65442157967452	2.84416351074022e-11	5.25291144401803e-10
Zo_SA_chr01A_2430-Zo_SB_chr01B_2441	2158.93606833582	-1.3251886156163	0.201078253099317	-6.59041241502012	4.38606484608634e-11	7.92769514351335e-10
Zo_SA_chr01A_1819-Zo_SB_chr01B_1850	532.616647859594	-1.16024099059736	0.176827974847986	-6.56141083782016	5.3301042789233e-11	9.43261311242211e-10
Zo_SA_chr02A_1800-Zo_SB_chr02B_1776	87.8516887436963	-2.58197276500668	0.394627256611794	-6.54281406503717	6.03718728976922e-11	1.06099910881446e-09
Zo_SA_chr02A_1662-Zo_SB_chr02B_1642	602.128836125351	-1.15152384533651	0.177773686784421	-6.47747068852164	9.32728846161107e-11	1.61133666994975e-09
Zo_SA_chr02A_1442-Zo_SB_chr02B_1436	1406.96149604382	-1.55173714114379	0.240814913528543	-6.44369203886479	1.16601566387479e-10	1.98731327410068e-09
Zo_SA_chr01A_4122-Zo_SB_chr01B_4146	67.5649258467562	-2.94667118698191	0.460257862993554	-6.40221802581823	1.53135772985349e-10	2.56691944221977e-09
Zo_SA_chr01A_1679-Zo_SB_chr01B_1705	1710.94609453388	-1.01811623509831	0.159814280666137	-6.37062114133107	1.88264171550323e-10	3.11463754822179e-09
Zo_SA_chr02A_2237-Zo_SB_chr02B_2207	305.714708784775	-2.51460623980215	0.397462930813976	-6.32664342974681	2.50551410678427e-10	4.07868786806325e-09
Zo_SA_chr01A_3354-Zo_SB_chr01B_3373	189.023132998246	-2.02516690914527	0.324082729373556	-6.24891956772848	4.13301672785043e-10	6.55987248773511e-09
Zo_SA_chr01A_2573-Zo_SB_chr01B_2576	6186.0330111667	-1.50270769932382	0.241280950314057	-6.22804119996983	4.72302880829084e-10	7.42670690938365e-09
Zo_SA_chr02A_1705-Zo_SB_chr02B_1685	436.671959911051	-1.50293274277138	0.241587028911112	-6.22108210670683	4.93737684642985e-10	7.71598061631299e-09
Zo_SA_chr02A_2306-Zo_SB_chr02B_2277	678.094660272879	-1.17544157872502	0.189475008828959	-6.20367607311266	5.51592629714211e-10	8.56739745051522e-09
Zo_SA_chr02A_2073-Zo_SB_chr02B_2027	623.421178676842	-1.61568464496397	0.261156872568797	-6.18664417701028	6.14584746296601e-10	9.45901795891041e-09
Zo_SA_chr02A_2676-Zo_SB_chr02B_2623	119.391209250312	-1.83427932825911	0.297438607595171	-6.16691741226699	6.96341027763323e-10	1.06527592771383e-08
Zo_SA_chr02A_2944-Zo_SB_chr02B_2917	2266.51380691363	-1.13073222704944	0.183402016960413	-6.16532056620459	7.03404926978407e-10	1.07285093817517e-08
Zo_SA_chr02A_712-Zo_SB_chr02B_683	151.401102693883	-1.65978228899414	0.26990173496484	-6.1495799173368	7.76884339605617e-10	1.17784942115132e-08
Zo_SA_chr01A_2922-Zo_SB_chr01B_2920	3079.54993028452	-1.01991314740707	0.166287991696795	-6.13341430731063	8.601275869795e-10	1.29631691818068e-08
Zo_SA_chr01A_2956-Zo_SB_chr01B_2953	145.163488734492	-1.77746862471314	0.290968915194091	-6.10879214890523	1.00387963159332e-09	1.50404266928097e-08
Zo_SA_chr02A_3125-Zo_SB_chr02B_3117	502.980723860125	-1.56376519267232	0.256888899343534	-6.08732100401549	1.14815624678093e-09	1.70511274192993e-08
Zo_SA_chr01A_1389-Zo_SB_chr01B_1415	574.040865532558	-1.60284335844499	0.264422797494599	-6.06166856122808	1.34716602175396e-09	1.98326267376475e-08
Zo_SA_chr01A_3042-Zo_SB_chr01B_3044	821.55943866971	-1.7146094051655	0.286763829060393	-5.97916902833795	2.24278746089744e-09	3.2453326250422e-08
Zo_SA_chr02A_3593-Zo_SB_chr02B_3614	290.674012348265	-1.48839738223029	0.250142148251316	-5.95020628324862	2.67804748952369e-09	3.83149385895516e-08
Zo_SA_chr02A_1803-Zo_SB_chr02B_1779	399.934292726456	-1.14847048151878	0.193275835503941	-5.94213176481317	2.81339126344598e-09	4.00258101597818e-08
Zo_SA_chr01A_2653-Zo_SB_chr01B_2653	200.489765830647	-1.33603022014787	0.225045410212062	-5.93671392315409	2.90791415692799e-09	4.11401002870119e-08
Zo_SA_chr02A_166-Zo_SB_chr02B_159	431.05272259737	-1.36778721379208	0.230801292746438	-5.92625456086484	3.09922032616047e-09	4.36755324615433e-08
Zo_SA_chr01A_1775-Zo_SB_chr01B_1805	338.149161138381	-1.6897216456446	0.285882271942572	-5.91055064087371	3.40966006219027e-09	4.78388493255922e-08
Zo_SA_chr01A_580-Zo_SB_chr01B_631	177.516571752582	-1.6646946982319	0.283152690945466	-5.87914136600071	4.12400064008289e-09	5.72289597021339e-08
Zo_SA_chr01A_3433-Zo_SB_chr01B_3449	354.211440013363	-1.06225197589082	0.181611762011686	-5.84902631924507	4.94458854630782e-09	6.76915504762733e-08
Zo_SA_chr01A_606-Zo_SB_chr01B_656	92.3850236220092	-1.80650752694588	0.312510360913513	-5.7806324298023	7.44203293745422e-09	9.9493673618471e-08
Zo_SA_chr01A_3775-Zo_SB_chr01B_3760	183.022220225612	-1.37600143872526	0.238374563659251	-5.77243401142503	7.81345474453291e-09	1.03886221590269e-07
Zo_SA_chr02A_1141-Zo_SB_chr02B_1114	299.661065147632	-1.60496578154641	0.27828115047178	-5.76742542146837	8.04916850762214e-09	1.06462830339096e-07
Zo_SA_chr02A_831-Zo_SB_chr02B_792	97.5880316780759	-2.65525686844747	0.460504571455707	-5.76597287634714	8.11881170708047e-09	1.07105051065615e-07
Zo_SA_chr02A_2123-Zo_SB_chr02B_2084	200.096439779076	-1.63306613276643	0.284052708907877	-5.74916584687829	8.96848132474473e-09	1.17399269712316e-07
Zo_SA_chr01A_3571-Zo_SB_chr01B_3569	275.894896252378	-1.26245462875125	0.219613248757949	-5.74853582783018	9.00195725947122e-09	1.1753455249577e-07
Zo_SA_chr02A_1091-Zo_SB_chr02B_1075	238.260557494809	-2.01990915988933	0.351794709532565	-5.74172693663648	9.37158570422359e-09	1.21734741155375e-07
Zo_SA_chr01A_2363-Zo_SB_chr01B_2377	420.97108152084	-1.05842393748635	0.185847475215965	-5.69512142285712	1.23284150650503e-08	1.59328295459009e-07
Zo_SA_chr02A_677-Zo_SB_chr02B_651	106.245086881583	-2.40124914671816	0.422107777641925	-5.68871097361097	1.28001902619239e-08	1.65005498325664e-07
Zo_SA_chr02A_1088-Zo_SB_chr02B_1078	559.685066739071	-1.14568727208674	0.202581779488487	-5.65543098189563	1.55455690033981e-08	1.97389862420647e-07
Zo_SA_chr02A_2268-Zo_SB_chr02B_2239	111.693016890966	-2.35022582080133	0.416096899467604	-5.64826564150909	1.62074604580965e-08	2.04770377280279e-07
Zo_SA_chr01A_2252-Zo_SB_chr01B_2266	266.295857905095	-1.26450615807162	0.223914351829581	-5.64727605774025	1.63009965246347e-08	2.05441095157865e-07
Zo_SA_chr01A_2976-Zo_SB_chr01B_2973	69.2575802332413	-2.15044603092552	0.380860203526319	-5.64628703922046	1.63950028990803e-08	2.06114405258488e-07
Zo_SA_chr01A_3224-Zo_SB_chr01B_3232	88.2506582668573	-1.77744749422122	0.315656055607983	-5.63096276039338	1.79206422019297e-08	2.23085641528434e-07
Zo_SA_chr02A_2549-Zo_SB_chr02B_2497	387.044458058801	-1.18722655535051	0.211252145703814	-5.61995027977163	1.91012421714625e-08	2.36046737199167e-07
Zo_SA_chr01A_2703-Zo_SB_chr01B_2695	126.263079640918	-1.62542407949982	0.290269292359033	-5.59971075923988	2.14709748142332e-08	2.63408408409397e-07
Zo_SA_chr02A_1807-Zo_SB_chr02B_1783	457.943038460246	-1.19768166953611	0.214169277328942	-5.59221978274968	2.24184785380245e-08	2.74369765047293e-07
Zo_SA_chr01A_3374-Zo_SB_chr01B_3391	381.832071745426	-1.19536823689226	0.215021884553475	-5.55928639252054	2.70879894699629e-08	3.26793108118626e-07
Zo_SA_chr01A_1870-Zo_SB_chr01B_1905	95.3914469766171	-2.95371757057168	0.531777822237122	-5.55442037455748	2.78534442453528e-08	3.35231382279969e-07
Zo_SA_chr02A_2926-Zo_SB_chr02B_2899	464.822831085894	-1.38100396512967	0.248700789985795	-5.55287325467904	2.81011833139105e-08	3.37413498939365e-07
Zo_SA_chr01A_425-Zo_SB_chr01B_476	142.464993607416	-1.94057286596377	0.352570130111806	-5.50407621130123	3.71108998028018e-08	4.39361911651352e-07
Zo_SA_chr01A_2575-Zo_SB_chr01B_2577	735.194971597459	-1.88658646256087	0.34389613416363	-5.48591936675626	4.11324499872054e-08	4.83591929363464e-07
Zo_SA_chr01A_1446-Zo_SB_chr01B_1475	318.74050478611	-1.5615980828377	0.285535917570539	-5.46900752845539	4.52562528440898e-08	5.29623290772194e-07
Zo_SA_chr01A_2908-Zo_SB_chr01B_2908	247.526219872723	-1.34881158822631	0.247441198686955	-5.45103885441783	5.00764270092999e-08	5.8216879008399e-07
Zo_SA_chr02A_3296-Zo_SB_chr02B_3292	251.455933761425	-1.57307182273502	0.288628738600865	-5.45015659341658	5.03254886190216e-08	5.83568850904134e-07
Zo_SA_chr01A_3303-Zo_SB_chr01B_3311	147.242483069129	-2.32297082184515	0.426767418220875	-5.4431775310525	5.23384378267962e-08	6.04152103914313e-07
Zo_SA_chr02A_428-Zo_SB_chr02B_417	222.381617240517	-2.00738961031718	0.369244236735893	-5.43648190168773	5.43428561824185e-08	6.20733112427177e-07
Zo_SA_chr01A_1365-Zo_SB_chr01B_1387	406.381499439694	-1.35505210749784	0.250176564543798	-5.41638306517163	6.08167330119496e-08	6.89482560195741e-07
Zo_SA_chr02A_486-Zo_SB_chr02B_470	63.1697874555742	-2.83806141585115	0.529257755272495	-5.36234261582042	8.2149535060606e-08	9.1499449248425e-07
Zo_SA_chr01A_795-Zo_SB_chr01B_837	742.554177524874	-1.45201797944927	0.271074802755991	-5.35652139072591	8.48394602620517e-08	9.42887568207791e-07
Zo_SA_chr02A_1712-Zo_SB_chr02B_1691	1358.49116281775	-1.11703754537078	0.208713255724052	-5.35202012682731	8.69777217454066e-08	9.64541154464891e-07
Zo_SA_chr01A_3617-Zo_SB_chr01B_3612	1426.50805799023	-1.1819514717356	0.221662985533414	-5.33220045237291	9.70297438246897e-08	1.07133493236e-06
Zo_SA_chr02A_3074-Zo_SB_chr02B_3073	229.233936151762	-1.72850781801595	0.324261766020273	-5.33059398038275	9.78920580699657e-08	1.07851141635001e-06
Zo_SA_chr02A_2398-Zo_SB_chr02B_2365	487.002307286091	-1.03100047039926	0.195249753403596	-5.28041880938056	1.28888929514489e-07	1.40177060600448e-06
Zo_SA_chr01A_3857-Zo_SB_chr01B_3846	28.5248329828896	-2.92375182086778	0.554018602599081	-5.27735315592566	1.3106315360915e-07	1.4223712760275e-06
Zo_SA_chr01A_3622-Zo_SB_chr01B_3616	548.040205060308	-1.1533255036304	0.220957550793831	-5.21967002026798	1.79242201133555e-07	1.92467471365185e-06
Zo_SA_chr02A_1656-Zo_SB_chr02B_1638	345.036262201663	-1.02730803132042	0.196922661623202	-5.21680959851184	1.82031203269683e-07	1.95049890592135e-06
Zo_SA_chr01A_2634-Zo_SB_chr01B_2632	252.983441815021	-1.43511268529613	0.275399448676374	-5.21102236113243	1.87802812080528e-07	2.00810627906737e-06
Zo_SA_chr02A_3795-Zo_SB_chr02B_3798	305.081001912255	-1.45524090426608	0.281205218584795	-5.17501386208188	2.27894060422032e-07	2.41140402684063e-06
Zo_SA_chr02A_1122-Zo_SB_chr02B_1098	82.0753768182845	-1.95789657033306	0.378739235155278	-5.16951081007054	2.34707558884899e-07	2.4783361571235e-06
Zo_SA_chr01A_3052-Zo_SB_chr01B_3055	177.594755286636	-1.65121491261391	0.319825213438117	-5.16286660098924	2.43196457357649e-07	2.55733914476087e-06
Zo_SA_chr01A_1188-Zo_SB_chr01B_1203	278.626789685779	-1.4084363807086	0.272943298704517	-5.16017937569279	2.46713344675502e-07	2.58896090414644e-06
Zo_SA_chr01A_2807-Zo_SB_chr01B_2800	777.633519610927	-1.05080747424657	0.204472746195224	-5.1391077480971	2.76046085526903e-07	2.86715351409231e-06
Zo_SA_chr02A_3475-Zo_SB_chr02B_3503	1227.06497722098	-1.22902758949243	0.239946770387527	-5.12208431689864	3.02176706162471e-07	3.11309430141824e-06
Zo_SA_chr02A_1289-Zo_SB_chr02B_1284	1052.04183145399	-1.08405350784025	0.211718750410445	-5.12025272083206	3.05126475528942e-07	3.13712018059008e-06
Zo_SA_chr01A_523-Zo_SB_chr01B_580	191.649152568401	-1.56258215028703	0.307877552321029	-5.07533640730554	3.86811031020595e-07	3.93710065441604e-06
Zo_SA_chr01A_2219-Zo_SB_chr01B_2236	154.316625151675	-1.74403876102474	0.343688360018141	-5.07447724133771	3.88562731754196e-07	3.94702022915913e-06
Zo_SA_chr01A_2042-Zo_SB_chr01B_2070	261.985679812068	-1.16685014401566	0.230726823929087	-5.05727996487435	4.25278676246776e-07	4.27720870625223e-06
Zo_SA_chr01A_493-Zo_SB_chr01B_553	112.469529753331	-2.89018163519827	0.572159608818313	-5.05135558444503	4.38685544488496e-07	4.37737501072116e-06
Zo_SA_chr01A_2412-Zo_SB_chr01B_2421	49.065939677726	-2.56689682186036	0.508766326291067	-5.04533552873512	4.52726188448755e-07	4.49979708636248e-06
Zo_SA_chr01A_1029-Zo_SB_chr01B_1062	100.375175061631	-2.34076565479394	0.464378720469785	-5.04063935665684	4.63979114719577e-07	4.60263656964987e-06
Zo_SA_chr01A_55-Zo_SB_chr01B_111	989.74219389509	-1.12281330530657	0.223140109317039	-5.0318757517111	4.85704022727929e-07	4.80875386244669e-06
Zo_SA_chr01A_3888-Zo_SB_chr01B_3877	113.289399866348	-2.3525194634518	0.468170517346821	-5.02492014401891	5.03642059087677e-07	4.95736050020603e-06
Zo_SA_chr02A_1225-Zo_SB_chr02B_1205	137.155893842976	-2.86435392485752	0.57002467827369	-5.02496476737142	5.035249678797e-07	4.95736050020603e-06
Zo_SA_chr02A_2046-Zo_SB_chr02B_1995	930.27670020179	-1.13061357405318	0.225597674269801	-5.01163665677261	5.39690356936714e-07	5.29167436849724e-06
Zo_SA_chr01A_906-Zo_SB_chr01B_942	514.439157060432	-1.14299470138934	0.228784883106492	-4.99593629556945	5.85509879150998e-07	5.68605100613369e-06
Zo_SA_chr02A_171-Zo_SB_chr02B_189	51.3031088325177	-2.74976458045821	0.550750012965946	-4.99276353285938	5.95214153480114e-07	5.75827178195333e-06
Zo_SA_chr01A_1219-Zo_SB_chr01B_1250	271.159642495852	-1.04365155278206	0.209308622783987	-4.98618517909385	6.15831229016081e-07	5.94640078359825e-06
Zo_SA_chr01A_120-Zo_SB_chr01B_186	317.644977493801	-1.1331466431377	0.227301918876929	-4.98520491483943	6.18961781538005e-07	5.95848512769349e-06
Zo_SA_chr02A_1070-Zo_SB_chr02B_1046	106.180079285885	-1.92728186324003	0.38664002031058	-4.98469315641945	6.20602211567209e-07	5.95848512769349e-06
Zo_SA_chr01A_484-Zo_SB_chr01B_544	216.999319913909	-1.44880333016159	0.293403903622294	-4.93791429587341	7.89625283556298e-07	7.52440303036104e-06
Zo_SA_chr01A_1096-Zo_SB_chr01B_1124	552.643855187912	-1.21339622518828	0.246477579945642	-4.92294765899551	8.52502598740479e-07	8.04806821376002e-06
Zo_SA_chr02A_711-Zo_SB_chr02B_682	332.023033580085	-1.69924747190025	0.346548063952328	-4.90335295058525	9.42144776368577e-07	8.86139503551111e-06
Zo_SA_chr02A_869-Zo_SB_chr02B_837	118.044972707432	-2.02959258747808	0.417210205436651	-4.86467627356794	1.14644294028585e-06	1.06644389994722e-05
Zo_SA_chr01A_1576-Zo_SB_chr01B_1594	3489.51155957068	-1.21770550255598	0.25047228951344	-4.8616376083816	1.1641860727707e-06	1.08096911583224e-05
Zo_SA_chr02A_2236-Zo_SB_chr02B_2206	303.179438820609	-1.02281518049185	0.211759834018787	-4.83007169528244	1.3648389760869e-06	1.25807933930043e-05
Zo_SA_chr02A_152-Zo_SB_chr02B_146	93.396070542081	-1.50007958887777	0.312601593232529	-4.79869463672866	1.5970306372057e-06	1.45364132730605e-05
Zo_SA_chr02A_35-Zo_SB_chr02B_39	399.198273182349	-1.06448459494213	0.224783422029808	-4.73560098573897	2.1840691785643e-06	1.95987409150673e-05
Zo_SA_chr01A_4008-Zo_SB_chr01B_3984	131.182269213497	-1.86485437881038	0.394762008213441	-4.72399658530991	2.31254300655057e-06	2.06785315673774e-05
Zo_SA_chr01A_1375-Zo_SB_chr01B_1397	493.589456821188	-1.07761233673504	0.228439027761295	-4.71728647812791	2.39011029709675e-06	2.12226751729972e-05
Zo_SA_chr01A_4194-Zo_SB_chr01B_4218	1460.3223857458	-1.18745663842194	0.254055724876236	-4.67400070988525	2.95388308467302e-06	2.57441835069131e-05
Zo_SA_chr02A_3596-Zo_SB_chr02B_3616	126.72687294732	-1.45359879066638	0.312595657082822	-4.65009272435684	3.31785827078831e-06	2.87076697739929e-05
Zo_SA_chr01A_2081-Zo_SB_chr01B_2103	1293.90180484841	-1.02066491594894	0.219976365132624	-4.63988445001164	3.48604042761621e-06	3.00094903929877e-05
Zo_SA_chr01A_708-Zo_SB_chr01B_753	674.286465054427	-1.02332613040214	0.2218835328753	-4.61199674054794	3.98819250193572e-06	3.39866270425026e-05
Zo_SA_chr01A_1429-Zo_SB_chr01B_1459	186.19248597706	-1.35017110066209	0.293495515596749	-4.600312539416	4.21857512757137e-06	3.57102384548917e-05
Zo_SA_chr02A_846-Zo_SB_chr02B_777	49.0040017448872	-2.20550555184727	0.47966530296748	-4.59800935819782	4.26546840133501e-06	3.60471114981373e-05
Zo_SA_chr01A_2510-Zo_SB_chr01B_2518	108.225256312892	-2.24068060718414	0.487583495706894	-4.59548082925904	4.3175248939851e-06	3.64264268049008e-05
Zo_SA_chr01A_4165-Zo_SB_chr01B_4184	298.026373838891	-1.16045497671256	0.25324350086513	-4.58236824537732	4.59739373444033e-06	3.85009382034895e-05
Zo_SA_chr02A_3476-Zo_SB_chr02B_3504	281.115187580031	-1.1872647190251	0.260313701444177	-4.56089983907245	5.09348742087929e-06	4.23401352056398e-05
Zo_SA_chr02A_2515-Zo_SB_chr02B_2465	210.429636966745	-1.06749115507089	0.235954632636908	-4.52413730190908	6.06423489917013e-06	4.97580760143539e-05
Zo_SA_chr01A_3322-Zo_SB_chr01B_3331	71.3391785599345	-2.44445535896207	0.5479022834206	-4.46148051017624	8.13953501509063e-06	6.55161621896122e-05
Zo_SA_chr01A_4145-Zo_SB_chr01B_4170	141.211097529349	-1.4840903184063	0.334081157073968	-4.44230477230331	8.90003744077264e-06	7.14112008873369e-05
Zo_SA_chr01A_865-Zo_SB_chr01B_911	343.813728894428	-1.78043265467537	0.401543306859222	-4.43397417977528	9.25117106625266e-06	7.39947997566886e-05
Zo_SA_chr02A_3568-Zo_SB_chr02B_3590	167.799923527977	-1.12106505239225	0.253273529474675	-4.42630169334116	9.58624277394247e-06	7.61948780107258e-05
Zo_SA_chr02A_1315-Zo_SB_chr02B_1299	47.7593190373983	-2.38232595805704	0.540701170198124	-4.40599371587102	1.05300015829643e-05	8.25337624072154e-05
Zo_SA_chr01A_3074-Zo_SB_chr01B_3082	358.717085489382	-1.02997235963967	0.234089979118603	-4.39989940414249	1.08301071447254e-05	8.43652058099081e-05
Zo_SA_chr01A_4147-Zo_SB_chr01B_4172	140.38062489554	-2.46058849255424	0.560373355591226	-4.39098052754164	1.12840646871392e-05	8.76326675014983e-05
Zo_SA_chr02A_562-Zo_SB_chr02B_547	62.35451715309	-1.66832842693608	0.380271727039165	-4.38720080487145	1.14818777145223e-05	8.89426768004874e-05
Zo_SA_chr01A_3601-Zo_SB_chr01B_3593	291.631971365036	-1.19398765725258	0.2743065324691	-4.35274962832714	1.3444065578701e-05	0.000103458195567003
Zo_SA_chr02A_2643-Zo_SB_chr02B_2591	141.779233800981	-2.87725603491275	0.663353096169875	-4.33744268554062	1.4415010698071e-05	0.000110261806228167
Zo_SA_chr01A_1927-Zo_SB_chr01B_1958	301.28848571649	-1.13753017267165	0.262764225289144	-4.3290907330323	1.49726241764756e-05	0.000113841254778922
Zo_SA_chr02A_109-Zo_SB_chr02B_106	170.823106232615	-1.01456522598337	0.234430287043198	-4.32779074231314	1.50612459846932e-05	0.000114343898888276
Zo_SA_chr02A_3240-Zo_SB_chr02B_3235	269.797362805517	-1.10198320547076	0.25524529259696	-4.31734977071965	1.57913816522237e-05	0.000118997666782854
Zo_SA_chr01A_289-Zo_SB_chr01B_345	42.9076645283242	-2.23682127158445	0.521060596279155	-4.29282368990743	1.76415091080178e-05	0.000130804707678281
Zo_SA_chr02A_2750-Zo_SB_chr02B_2716	94.6663288080928	-1.26241759485478	0.294125133642363	-4.29211056947549	1.76982773801664e-05	0.000131034330632456
Zo_SA_chr01A_558-Zo_SB_chr01B_611	427.030489548599	-1.40930053299275	0.328375820328053	-4.29173052871201	1.7728601746252e-05	0.000131067784962465
Zo_SA_chr01A_3493-Zo_SB_chr01B_3499	165.257656281762	-1.21133533809666	0.284669644631083	-4.25523184836404	2.08832507372478e-05	0.000152832896966112
Zo_SA_chr02A_718-Zo_SB_chr02B_690	83.8363520143788	-1.8433513528405	0.434307073634553	-4.2443502874917	2.19227672669137e-05	0.00015998640342719
Zo_SA_chr02A_1350-Zo_SB_chr02B_1339	856.647156168852	-1.61007597554991	0.379346551352824	-4.24434061627307	2.19237126964608e-05	0.00015998640342719
Zo_SA_chr02A_2440-Zo_SB_chr02B_2407	126.61487348047	-1.28241586368874	0.302184196704798	-4.24382174075611	2.1974493357553e-05	0.000160126903533733
Zo_SA_chr01A_2713-Zo_SB_chr01B_2705	325.301944603378	-1.79273799034168	0.42280371204852	-4.24011885244743	2.23401468177232e-05	0.000162325616147662
Zo_SA_chr02A_3259-Zo_SB_chr02B_3254	468.922576415566	-1.00596113848535	0.237444502122712	-4.23661583861593	2.26913878514782e-05	0.000164642226996654
Zo_SA_chr01A_363-Zo_SB_chr01B_417	201.122107462706	-1.55477911589894	0.369461557957016	-4.20822973977669	2.57379119159279e-05	0.000184139365351246
Zo_SA_chr02A_1827-Zo_SB_chr02B_1802	595.062683887175	-1.12396638360394	0.267482960111869	-4.20201116038893	2.64554087769452e-05	0.000188983152149233
Zo_SA_chr02A_3727-Zo_SB_chr02B_3747	789.621366285126	-1.27680883800639	0.30487320637402	-4.18799950704752	2.81424127992907e-05	0.000199909530919717
Zo_SA_chr01A_1274-Zo_SB_chr01B_1296	1001.80830675756	-1.00593572203935	0.240234189698695	-4.187312902052	2.82276545345314e-05	0.000200234996342018
Zo_SA_chr02A_2917-Zo_SB_chr02B_2889	189.317573569138	-1.34019130825273	0.320353072472607	-4.18348198726057	2.87077846036161e-05	0.000203356817296745
Zo_SA_chr02A_988-Zo_SB_chr02B_959	172.621097659092	-1.1871383711272	0.285487647372739	-4.15828279104925	3.20648924302707e-05	0.000225564527220699
Zo_SA_chr01A_2839-Zo_SB_chr01B_2837	296.494980860981	-1.62597586169642	0.391917395775235	-4.14877185658	3.3426372913411e-05	0.000234169031761675
Zo_SA_chr02A_3304-Zo_SB_chr02B_3300	67.8691305719281	-1.93814683408865	0.467690492178302	-4.14408004118621	3.41180571651734e-05	0.000237598586622797
Zo_SA_chr02A_2227-Zo_SB_chr02B_2196	80.8394101899957	-1.27205349658819	0.309323809505478	-4.11236851964885	3.91620510219457e-05	0.000270986453869839
Zo_SA_chr01A_4185-Zo_SB_chr01B_4210	217.23688573904	-1.32055542539181	0.322518066577715	-4.09451612867586	4.23050965124251e-05	0.000290754513107722
Zo_SA_chr02A_2638-Zo_SB_chr02B_2584	29.2994196850078	-2.67794606724586	0.65504883272231	-4.08816249029345	4.34803564533727e-05	0.000298428014090108
Zo_SA_chr02A_3534-Zo_SB_chr02B_3567	458.609962672966	-1.08586456931805	0.265766810998261	-4.08577942911448	4.3929096149942e-05	0.000301101051748388
Zo_SA_chr02A_2782-Zo_SB_chr02B_2745	410.325602108421	-1.0818068884034	0.265341049427453	-4.07704307621344	4.56120451773854e-05	0.00031095782208851
Zo_SA_chr02A_2277-Zo_SB_chr02B_2247	217.561075310492	-1.18414250097373	0.292323473858331	-4.05079511865543	5.10438867689694e-05	0.000342472788506731
Zo_SA_chr01A_1813-Zo_SB_chr01B_1841	75.0263125355647	-1.32374667397856	0.326832719994296	-4.05022689895205	5.11679948197005e-05	0.000342852566872373
Zo_SA_chr01A_4150-Zo_SB_chr01B_4174	591.933364284967	-1.14185010890425	0.282681394977858	-4.03935359450767	5.35987115737766e-05	0.00035819454747791
Zo_SA_chr01A_1364-Zo_SB_chr01B_1386	56.8474596336674	-1.53345618417077	0.382153172947951	-4.01267421736055	6.00347411180524e-05	0.000399105301228518
Zo_SA_chr02A_2371-Zo_SB_chr02B_2337	395.323828033262	-1.26257187610378	0.314707197630454	-4.01189386709344	6.02335801416969e-05	0.000399427869474712
Zo_SA_chr02A_3250-Zo_SB_chr02B_3247	44.0385854624863	-2.29010568540906	0.570876782730941	-4.01155863171337	6.03191919446946e-05	0.000399427869474712
Zo_SA_chr02A_3327-Zo_SB_chr02B_3326	172.400484391002	-1.23787093913769	0.309777885876202	-3.99599518098716	6.44230442463359e-05	0.00042494109315213
Zo_SA_chr01A_3594-Zo_SB_chr01B_3587	66.520581912538	-2.02213779525143	0.507617314209647	-3.98358712093947	6.78827694901345e-05	0.000446601795648178
Zo_SA_chr01A_3703-Zo_SB_chr01B_3694	242.748544642249	-1.71561991065394	0.433308736956451	-3.95934760675358	7.51547825324464e-05	0.000491895799590587
Zo_SA_chr01A_3168-Zo_SB_chr01B_3173	119.895844420987	-1.4968999160038	0.378282267781328	-3.95709776401444	7.58658868975059e-05	0.000495910990414971
Zo_SA_chr02A_94-Zo_SB_chr02B_92	163.047609022785	-1.12504815721257	0.284801425518376	-3.95028976826513	7.80566342698893e-05	0.000506968856082823
Zo_SA_chr02A_3467-Zo_SB_chr02B_3497	103.755502453568	-1.94104710611271	0.497663139696952	-3.90032323329129	9.60643448260909e-05	0.000612953275592607
Zo_SA_chr02A_1729-Zo_SB_chr02B_1699	173.15957546636	-1.83962758347673	0.475508646147762	-3.86875737881972	0.000109391425047522	0.000687622583931145
Zo_SA_chr01A_974-Zo_SB_chr01B_1006	82.9678620752517	-1.54780054582363	0.400140433626673	-3.8681433210714	0.000109667203839798	0.000688503990484959
Zo_SA_chr02A_399-Zo_SB_chr02B_391	293.782228042847	-1.19437508647855	0.309043460711988	-3.86474796692637	0.000111203966042271	0.000695572590552579
Zo_SA_chr02A_717-Zo_SB_chr02B_689	609.406994470521	-1.13881347304995	0.294832145750939	-3.86258245399052	0.000112194678910332	0.000700045177132156
Zo_SA_chr01A_3341-Zo_SB_chr01B_3359	140.243417904006	-1.07703377215546	0.27890959170388	-3.86158742542977	0.000112652686566572	0.00070118014101914
Zo_SA_chr01A_3512-Zo_SB_chr01B_3521	111.329631247944	-1.20720044646214	0.312791281574616	-3.85944403688299	0.000113645277889453	0.0007056288097806
Zo_SA_chr01A_2794-Zo_SB_chr01B_2787	149.817286793934	-1.22630468445609	0.321062484880766	-3.8195203183315	0.000133711445693066	0.000815270627461084
Zo_SA_chr02A_2171-Zo_SB_chr02B_2147	32.7379951625514	-1.93616384596723	0.506965336629518	-3.81912471341636	0.000133926043969582	0.000815599972807563
Zo_SA_chr02A_3778-Zo_SB_chr02B_3783	255.893598445822	-1.12909267333963	0.295769648994453	-3.81747308142766	0.000134825492109069	0.000819113246916225
Zo_SA_chr01A_3772-Zo_SB_chr01B_3757	55.7030073979818	-2.76806386604888	0.725890865559334	-3.813333377485	0.000137104971270827	0.000830973924921876
Zo_SA_chr01A_3034-Zo_SB_chr01B_3037	1001.50058829263	-1.28614733187398	0.340370450352522	-3.77866918394917	0.000157668716381545	0.000947691610061383
Zo_SA_chr01A_1972-Zo_SB_chr01B_2005	280.538405712852	-2.97711298949448	0.788373175397375	-3.77627382869018	0.000159191976970374	0.000953550157287347
Zo_SA_chr02A_2900-Zo_SB_chr02B_2872	85.9581423289755	-2.42292705468593	0.642465989177666	-3.77129232597541	0.00016240428552859	0.000971556379504959
Zo_SA_chr02A_2041-Zo_SB_chr02B_1990	305.451700354575	-1.95980360481511	0.522971757840791	-3.74743678876008	0.000178650837885821	0.0010612486615463
Zo_SA_chr01A_2244-Zo_SB_chr01B_2258	129.910258048298	-1.09846963942569	0.293911367363163	-3.73741801578025	0.000185919683709915	0.00109545948209125
Zo_SA_chr02A_1679-Zo_SB_chr02B_1659	146.884875965715	-1.38481077098433	0.371315808378729	-3.72946893112578	0.000191883762994311	0.00112667934363943
Zo_SA_chr01A_2355-Zo_SB_chr01B_2370	2127.05113241064	-1.11148390763904	0.298230786242156	-3.72692545140711	0.000193829757900944	0.00113679138611882
Zo_SA_chr02A_360-Zo_SB_chr02B_360	160.948659689137	-1.04313732981309	0.28018637624694	-3.7230123169648	0.000196859914337981	0.00115190265544079
Zo_SA_chr02A_3543-Zo_SB_chr02B_3577	164.359938066123	-1.0894770290241	0.292933837335106	-3.7191914697713	0.000199861510696799	0.00116410162021679
Zo_SA_chr02A_3623-Zo_SB_chr02B_3640	210.867260380972	-1.05454457283113	0.285832369161337	-3.68938121293005	0.000224800160077314	0.00129893061778462
Zo_SA_chr01A_175-Zo_SB_chr01B_242	21.4052619345735	-2.28642319387635	0.620142605147416	-3.68693132014828	0.000226974582368145	0.00130851748450375
Zo_SA_chr02A_863-Zo_SB_chr02B_762	422.191930128564	-1.04483718238003	0.283655570862065	-3.68347139879763	0.000230079109866495	0.00132439942485963
Zo_SA_chr02A_3526-Zo_SB_chr02B_3558	224.379144301276	-1.66008691564007	0.451633097761342	-3.6757423755451	0.000237158758032181	0.00136105009270672
Zo_SA_chr01A_1531-Zo_SB_chr01B_1560	404.761934552236	-1.26767642848485	0.345044991459619	-3.67394531108042	0.000238833872418411	0.00136911652145949
Zo_SA_chr01A_3216-Zo_SB_chr01B_3218	552.514508677144	-1.40803242448567	0.385314398304669	-3.65424295245861	0.000257941934443632	0.00147035587546488
Zo_SA_chr01A_2211-Zo_SB_chr01B_2229	576.405417867137	-1.23005010245498	0.336850308589411	-3.65162231142348	0.000260588937319275	0.00148211781931086
Zo_SA_chr02A_2545-Zo_SB_chr02B_2489	491.183441087296	-1.39124801653775	0.381088899688636	-3.65071776604999	0.000261508479106477	0.00148568407760828
Zo_SA_chr01A_1426-Zo_SB_chr01B_1457	157.953962879616	-1.13493828253357	0.312494357364367	-3.63186808269385	0.000281376956821656	0.00159144049409486
Zo_SA_chr02A_231-Zo_SB_chr02B_216	307.106531833687	-1.72564471590302	0.478247046967997	-3.6082705096525	0.000308245004824793	0.00172420306112899
Zo_SA_chr02A_1384-Zo_SB_chr02B_1366	91.036569910079	-2.11874713283268	0.588605748732418	-3.59960319347114	0.0003187031406795	0.00177683123107704
Zo_SA_chr01A_3048-Zo_SB_chr01B_3051	179.248131053764	-1.18071275053683	0.33006898093011	-3.57716967892489	0.000347334722481587	0.00192169178157296
Zo_SA_chr01A_3811-Zo_SB_chr01B_3794	92.1302045326585	-1.91697051159917	0.536179993938715	-3.57523692280521	0.000349910876927781	0.00193173624338717
Zo_SA_chr02A_1368-Zo_SB_chr02B_1350	1454.0111946749	-1.06859235637621	0.299228829727811	-3.57115441499484	0.000355411271957917	0.00195572464818446
Zo_SA_chr01A_3786-Zo_SB_chr01B_3769	492.035179626729	-1.062913305294	0.299172258460054	-3.55284714821219	0.000381085827017266	0.00208795568006548
Zo_SA_chr01A_2553-Zo_SB_chr01B_2565	42.273059409044	-2.16740159883196	0.611519990363835	-3.54428576822554	0.000393678293864022	0.00214537774091778
Zo_SA_chr01A_1243-Zo_SB_chr01B_1269	105.126011406443	-1.11964858183608	0.316493677590521	-3.537664923862	0.000403681990713378	0.00219753572436575
Zo_SA_chr01A_2731-Zo_SB_chr01B_2719	220.290260437509	-1.51084944893941	0.427237264182057	-3.53632413556416	0.000405736541769429	0.00220399561031757
Zo_SA_chr02A_1119-Zo_SB_chr02B_1095	214.493120942146	-1.09475268702421	0.309828995239632	-3.5334094092049	0.000410236654232704	0.00222131339749244
Zo_SA_chr02A_1509-Zo_SB_chr02B_1495	99.688497469484	-1.30634618678619	0.371550769828906	-3.51592916194938	0.000438217888639498	0.00235774222076273
Zo_SA_chr02A_3636-Zo_SB_chr02B_3655	117.975351071584	-1.09713695650145	0.315076446412249	-3.48212939746676	0.000497443253428057	0.00263728004609718
Zo_SA_chr01A_1718-Zo_SB_chr01B_1748	98.878308024374	-2.40300995166841	0.690954346286464	-3.47781291858628	0.000505522615493484	0.00266969076069506
Zo_SA_chr02A_1619-Zo_SB_chr02B_1601	167.376614946533	-1.00986131081459	0.291328482544741	-3.46640088876136	0.000527476163982952	0.00277621910556416
Zo_SA_chr02A_3435-Zo_SB_chr02B_3467	547.841615592808	-1.38144593703715	0.398569771728123	-3.4660077984526	0.000528247957539293	0.00277740308109945
Zo_SA_chr01A_867-Zo_SB_chr01B_913	279.956582733024	-1.04493955353596	0.303152307982012	-3.44691274327347	0.000567031687997308	0.00294473818337253
Zo_SA_chr02A_92-Zo_SB_chr02B_90	402.221656677606	-1.00295531779023	0.291142037600152	-3.44490038627699	0.000571269878478029	0.00296096209546885
Zo_SA_chr02A_3372-Zo_SB_chr02B_3393	2019.08960711761	-1.25873216432209	0.366537838683339	-3.43411247483657	0.00059449745917523	0.00306854938531605
Zo_SA_chr01A_3488-Zo_SB_chr01B_3495	127.108931646285	-1.67157716243928	0.488992585463468	-3.41841003755703	0.000629881365622991	0.0032359806373225
Zo_SA_chr01A_2359-Zo_SB_chr01B_2373	60.2573184303014	-1.74409371152905	0.511483331872525	-3.40987399363333	0.000649928998526597	0.0033209148727531
Zo_SA_chr02A_1371-Zo_SB_chr02B_1353	37.3250292327709	-2.07220296187412	0.609974962594454	-3.39719347341776	0.000680808138460281	0.00346475404332642
Zo_SA_chr02A_2609-Zo_SB_chr02B_2554	59.1545265778488	-2.35607123956267	0.695857946486606	-3.38585087870089	0.000709579312152289	0.00359675980680786
Zo_SA_chr02A_2771-Zo_SB_chr02B_2733	116.359806073413	-1.18986086868035	0.352275342561441	-3.37764448691956	0.000731095333821414	0.00369108668039658
Zo_SA_chr01A_3005-Zo_SB_chr01B_3003	131.244912213461	-1.01819291800172	0.301731180141326	-3.37450348195642	0.000739489804421095	0.00371868189767796
Zo_SA_chr01A_41-Zo_SB_chr01B_91	117.503276858253	-1.11759924365304	0.333832972551276	-3.3477796848883	0.000814617433002846	0.00403259448559596
Zo_SA_chr02A_1685-Zo_SB_chr02B_1666	120.120679155628	-1.02740464084681	0.307514989386457	-3.3409904437395	0.000834800963160382	0.00412719001138603
Zo_SA_chr02A_28-Zo_SB_chr02B_30	1921.19145340409	-1.19848129478168	0.35892014038361	-3.33913079801193	0.000840409831149707	0.00414814531818208
Zo_SA_chr01A_2302-Zo_SB_chr01B_2323	85.4797882347313	-2.50198525937127	0.749580688571155	-3.33784647539485	0.000844303854362278	0.00416331968573399
Zo_SA_chr01A_350-Zo_SB_chr01B_409	98.5657132628071	-1.01433543770394	0.306211800520169	-3.31252889660314	0.000924565742637004	0.00452042477236364
Zo_SA_chr02A_1416-Zo_SB_chr02B_1401	47.0892068053314	-2.14057296768381	0.646459798437006	-3.31122364122136	0.000928889397770182	0.00453201657182973
Zo_SA_chr01A_118-Zo_SB_chr01B_184	230.726573778698	-2.64417322751336	0.801796563324596	-3.29781062736098	0.000974418282761349	0.00473142491218441
Zo_SA_chr01A_2947-Zo_SB_chr01B_2945	27.0056792108993	-2.04568491854133	0.621569336381227	-3.29116125716769	0.000997747007196471	0.00483545519995313
Zo_SA_chr02A_42-Zo_SB_chr02B_46	125.877713521785	-1.13004567401604	0.34375407212997	-3.28736665434694	0.00101129069885902	0.00487319303558348
Zo_SA_chr02A_3301-Zo_SB_chr02B_3297	67.4489917145959	-1.45414852016388	0.443510849956297	-3.27872141190496	0.00104278524772005	0.00499180610100859
Zo_SA_chr02A_3113-Zo_SB_chr02B_3109	134.099565397434	-1.24560372829484	0.38006241889495	-3.27736620715221	0.00104780375038585	0.00500639251948237
Zo_SA_chr02A_1546-Zo_SB_chr02B_1533	70.72307154406	-1.94910061564654	0.599858683970618	-3.24926631510099	0.00115703100090123	0.00548698455049237
Zo_SA_chr01A_1387-Zo_SB_chr01B_1408	111.900922949248	-1.07955612746377	0.333709861007238	-3.23501416531518	0.00121636695989541	0.00572560499472548
Zo_SA_chr02A_3793-Zo_SB_chr02B_3796	101.659297938303	-1.07900538009425	0.33446587200669	-3.22605524330645	0.00125509129257982	0.00589695529603413
Zo_SA_chr01A_1089-Zo_SB_chr01B_1110	142.418778239284	-1.10444135386782	0.342675011332944	-3.22299939400816	0.00126855822089126	0.00594373358293976
Zo_SA_chr01A_728-Zo_SB_chr01B_770	157.038918066305	-1.05346380267567	0.328956511887624	-3.2024409446424	0.001362682370236	0.00634809419013303
Zo_SA_chr01A_2299-Zo_SB_chr01B_2319	46.1158910218649	-1.308463023481	0.408838952250042	-3.20043629962332	0.00137219697390545	0.00638222383742288
Zo_SA_chr01A_204-Zo_SB_chr01B_270	254.992202489253	-1.61052614215188	0.503956816001201	-3.19576219829924	0.0013946200326459	0.00645695090775618
Zo_SA_chr01A_402-Zo_SB_chr01B_452	118.552643009599	-1.52479777427601	0.479420717139431	-3.18050038257431	0.00147020945106194	0.00676376250176048
Zo_SA_chr01A_1099-Zo_SB_chr01B_1127	205.62898373515	-1.19359402091713	0.375723405716926	-3.17678910271668	0.00148915283509914	0.0068385237336967
Zo_SA_chr01A_3319-Zo_SB_chr01B_3326	59.5462638960003	-1.79689219390821	0.570127167841175	-3.15173928776674	0.00162301116988385	0.00736006583200005
Zo_SA_chr02A_2784-Zo_SB_chr02B_2747	101.768561884897	-1.24117122158394	0.396944114167669	-3.1268160360218	0.00176710463448994	0.0079425879987384
Zo_SA_chr01A_2687-Zo_SB_chr01B_2682	39.8719311726754	-2.06545713130515	0.665849763211455	-3.1019867324774	0.00192226573485748	0.00853425495396953
Zo_SA_chr01A_3636-Zo_SB_chr01B_3627	91.5855081132294	-1.09123093192037	0.353272995850348	-3.0889169133738	0.00200887611739808	0.00884916027776657
Zo_SA_chr01A_2353-Zo_SB_chr01B_2367	74.0566145401674	-1.03324323423137	0.336475436664211	-3.07078354507792	0.00213497864099407	0.00933180423202142
Zo_SA_chr02A_2055-Zo_SB_chr02B_2006	159.716611608744	-1.0239417532135	0.333981528121219	-3.06586342955427	0.00217042426885878	0.00947043372984
Zo_SA_chr01A_1394-Zo_SB_chr01B_1420	126.417006869922	-1.25085898276181	0.411949567037182	-3.03643718273142	0.00239391984634008	0.010347845871967
Zo_SA_chr01A_1921-Zo_SB_chr01B_1953	47.5251540976073	-1.64490060890889	0.54372450460725	-3.0252464161001	0.00248430632325018	0.0106479255829432
Zo_SA_chr02A_729-Zo_SB_chr02B_702	26.963739049096	-1.56369128738504	0.520108721562113	-3.00647003705033	0.00264300099698156	0.0112333071662505
Zo_SA_chr02A_2018-Zo_SB_chr02B_1964	21.3375404064985	-2.26745244916415	0.754603029619934	-3.00482818138986	0.0026573091375711	0.0112658373203035
Zo_SA_chr02A_2611-Zo_SB_chr02B_2556	51.1605502638071	-1.98481019760389	0.661753944542295	-2.99931751668922	0.00270585158501786	0.0114429810160747
Zo_SA_chr01A_379-Zo_SB_chr01B_436	317.635250261224	-1.328825084753	0.443183880024397	-2.99836060075075	0.00271436298680416	0.0114694256322615
Zo_SA_chr01A_3183-Zo_SB_chr01B_3187	95.8255333421614	-1.86580792984394	0.622815636199092	-2.99576282514447	0.00273759270133881	0.0115579661929342
Zo_SA_chr01A_2776-Zo_SB_chr01B_2770	17.3962173533729	-2.28431033585219	0.76512567051152	-2.98553613333222	0.0028308169192123	0.0118922408045321
Zo_SA_chr02A_1883-Zo_SB_chr02B_1846	87.9434775805899	-1.20548818908293	0.405390873085793	-2.97364412747352	0.00294286163856666	0.0122917715972698
Zo_SA_chr02A_1010-Zo_SB_chr02B_987	126.85643208033	-1.04700234560617	0.352283606193611	-2.97204390780179	0.00295824374479542	0.012335730689504
Zo_SA_chr02A_904-Zo_SB_chr02B_867	201.364384628081	-1.36872028254606	0.465003455172692	-2.94346260725687	0.00324563028556849	0.0133694697651276
Zo_SA_chr02A_483-Zo_SB_chr02B_468	103.649679763226	-1.17794305838722	0.401144883629133	-2.93645290382478	0.00331989226963878	0.0135653522425546
Zo_SA_chr02A_1954-Zo_SB_chr02B_1912	146.253787637317	-1.12227337458919	0.383200841015216	-2.92868191942364	0.00340402570763911	0.0138534026995986
Zo_SA_chr01A_2622-Zo_SB_chr01B_2623	2651.76594158328	-1.01596749472765	0.347168879860434	-2.92643596147234	0.00342870086535862	0.0139203610672713
Zo_SA_chr01A_1155-Zo_SB_chr01B_1177	141.667253996151	-1.55304485478304	0.531979259877829	-2.91937105807415	0.00350738460272447	0.0142170841159119
Zo_SA_chr02A_1427-Zo_SB_chr02B_1418	140.786961893359	-1.12657343011851	0.3894079214753	-2.8930418925491	0.00381530405331651	0.0153427785326956
Zo_SA_chr02A_3159-Zo_SB_chr02B_3162	28.1157192669365	-1.70651303158797	0.590102080880224	-2.89189461769472	0.00382926365361848	0.0153867326714622
Zo_SA_chr02A_2327-Zo_SB_chr02B_2295	33.7904622234917	-1.51590773856218	0.52677031034085	-2.87773951721255	0.00400535719092852	0.0160182749391543
Zo_SA_chr02A_3460-Zo_SB_chr02B_3489	34.5832480059717	-1.84577866377801	0.644920418742724	-2.86202546878011	0.00420943079467	0.0167421292138833
Zo_SA_chr02A_993-Zo_SB_chr02B_970	39.5347594954007	-1.26412126816609	0.442760836341524	-2.85508826528417	0.00430248697162345	0.0169924815932158
Zo_SA_chr01A_1659-Zo_SB_chr01B_1680	52.2008209588822	-1.29108813489828	0.456046599104049	-2.83104432186263	0.00463962913398146	0.0180849396557881
Zo_SA_chr02A_3687-Zo_SB_chr02B_3714	166.733906881592	-2.06207169099191	0.728756104636804	-2.82957724521512	0.0046609547021201	0.0181402214038835
Zo_SA_chr01A_3063-Zo_SB_chr01B_3070	15.7399185223615	-2.9273592484368	1.04488932562446	-2.80159742917014	0.00508502839661529	0.0194772694015151
Zo_SA_chr01A_133-Zo_SB_chr01B_203	991.592912331938	-1.68575130654987	0.602305654027107	-2.79883028704558	0.0051288086266771	0.0196301575093391
Zo_SA_chr02A_135-Zo_SB_chr02B_126	59.8069701864638	-1.25818602014844	0.451129471885219	-2.78896879623186	0.0052876159294001	0.0201620129920594
Zo_SA_chr02A_202-Zo_SB_chr02B_191	100.289668286784	-1.0268082957217	0.370402374242617	-2.77214285632287	0.00556885911299816	0.0210135478714098
Zo_SA_chr01A_3934-Zo_SB_chr01B_3923	201.906969526469	-1.16724557865996	0.422217973783075	-2.76455681931641	0.00570001791447275	0.0214447340648941
Zo_SA_chr01A_1613-Zo_SB_chr01B_1630	191.244474860652	-1.07365397685381	0.390000832840489	-2.75295303611039	0.00590603679588403	0.022105203306039
Zo_SA_chr01A_3124-Zo_SB_chr01B_3133	103.682300497927	-1.87858090352304	0.683048939265084	-2.75028741797662	0.00595430122879804	0.0222366881919597
Zo_SA_chr01A_1183-Zo_SB_chr01B_1199	35.7215777940743	-1.28345791436618	0.466787221608357	-2.74955666083555	0.00596759445182013	0.0222699575465058
Zo_SA_chr01A_745-Zo_SB_chr01B_790	14.6185074489911	-2.07325814328423	0.757441477495281	-2.73718591453443	0.00619672617398295	0.0230235349214772
Zo_SA_chr02A_604-Zo_SB_chr02B_588	107.737943062877	-1.60650231267816	0.598452764046457	-2.68442625582635	0.00726544095105554	0.0265476076190008
Zo_SA_chr02A_444-Zo_SB_chr02B_426	31.0890012684325	-1.61451240653439	0.602003139748854	-2.68190030903815	0.00732052713460364	0.0266912830701019
Zo_SA_chr01A_1877-Zo_SB_chr01B_1913	52.983090236069	-2.40962928830343	0.90434249995176	-2.66450961713285	0.00771006617829366	0.0278913291449811
Zo_SA_chr01A_990-Zo_SB_chr01B_1017	23.9129578083598	-1.52909593001947	0.574386077698785	-2.66213961199343	0.00776456660193135	0.0280684937873376
Zo_SA_chr01A_1326-Zo_SB_chr01B_1353	183.838457867083	-1.30711728214379	0.493348929206737	-2.64947829976142	0.00806161492132469	0.0290389660889419
Zo_SA_chr01A_1985-Zo_SB_chr01B_2015	125.24917061981	-1.10785954076232	0.418493380378358	-2.64725702413909	0.00811476508380446	0.0291890168984723
Zo_SA_chr01A_518-Zo_SB_chr01B_576	33.1329345813624	-1.40885687876722	0.533473378657727	-2.64091318354449	0.00826829037416052	0.0296991844486289
Zo_SA_chr01A_3792-Zo_SB_chr01B_3776	59.5237046366382	-1.53922297010672	0.586477897488836	-2.62451999759465	0.00867711969999613	0.0309837340834274
Zo_SA_chr02A_3478-Zo_SB_chr02B_3506	96.856998706061	-1.24384124275146	0.474704170703783	-2.62024502735541	0.00878666087667982	0.0312736163928919
Zo_SA_chr02A_2982-Zo_SB_chr02B_2972	155.432969900761	-1.22883932466135	0.469134789237761	-2.61937369142447	0.0088091388503057	0.031309738432962
Zo_SA_chr01A_1412-Zo_SB_chr01B_1439	38.0793309895915	-1.2293400011191	0.469410911569843	-2.61889949896529	0.0088213932339491	0.0313313679966626
Zo_SA_chr01A_633-Zo_SB_chr01B_682	13.5233656513557	-2.5485991920358	0.97549804279221	-2.6126133320994	0.00898528958404134	0.031780143312915
Zo_SA_chr01A_47-Zo_SB_chr01B_102	58.8945134913119	-1.43662637323692	0.553026578650414	-2.59775285437965	0.00938360049579995	0.0331658364079109
Zo_SA_chr01A_276-Zo_SB_chr01B_330	74.4902090052887	-1.26354152953761	0.488986507434653	-2.58400080641584	0.00976615660051812	0.0342557385179776
Zo_SA_chr02A_1370-Zo_SB_chr02B_1352	37.8761100617303	-1.27774850042525	0.49754203330599	-2.56812171613937	0.0102251246018842	0.0355464803921763
Zo_SA_chr02A_1771-Zo_SB_chr02B_1742	39.8911235438292	-1.22377624463598	0.477807527498131	-2.56123266002913	0.010430148079525	0.0361355539535521
Zo_SA_chr01A_4016-Zo_SB_chr01B_3991	215.935444522547	-1.46837960092554	0.573564356353296	-2.56009562773645	0.0104643364455955	0.0362292875304565
Zo_SA_chr01A_2198-Zo_SB_chr01B_2216	83.7322390973907	-1.29750724129838	0.515295717641565	-2.5179856864266	0.0118028117430183	0.0400711770339504
Zo_SA_chr01A_1930-Zo_SB_chr01B_1961	10.9417036919402	-2.83748372490255	1.13015310878707	-2.51070735711894	0.0120489535454558	0.0407705763206994
Zo_SA_chr01A_1578-Zo_SB_chr01B_1596	73.1249594653868	-1.02914081147018	0.414208440101535	-2.48459642980213	0.0129698375929829	0.0435385361102183
Zo_SA_chr02A_2628-Zo_SB_chr02B_2575	23.4255138047783	-2.19524914983237	0.885550103770286	-2.47896662253887	0.0131763635647052	0.0441239605051559
Zo_SA_chr02A_1089-Zo_SB_chr02B_1077	66.9290852644733	-1.14064190788786	0.460487092100836	-2.47703340105371	0.0132479503484462	0.0443069841908844
Zo_SA_chr01A_2475-Zo_SB_chr01B_2487	119.486813610416	-1.01035296801676	0.412035988810507	-2.45209883470014	0.0142025646043261	0.0467800425586072
Zo_SA_chr01A_2418-Zo_SB_chr01B_2428	43.6649750657991	-1.51171476708541	0.621265951820403	-2.43328121017393	0.0149626751192684	0.0487787241631853
