baseMean	log2FoldChange	lfcSE	stat	pvalue	padj
Zo_SA_chr01A_2214-Zo_SB_chr01B_2232	6408.72857331631	-0.83651003610969	0.138198036119547	-6.05298063270647	1.42189968448944e-09	2.08723366980401e-08
Zo_SA_chr02A_506-Zo_SB_chr02B_491	1031.80180782626	-0.917375485820312	0.156581420227406	-5.85877612099822	4.66290804564607e-09	6.43557335973815e-08
Zo_SA_chr01A_1258-Zo_SB_chr01B_1285	863.758487496652	-0.991764257291452	0.175974375351764	-5.63584473767255	1.7420227867313e-08	2.17389035228704e-07
Zo_SA_chr02A_3161-Zo_SB_chr02B_3164	2333.22253335465	-0.891858013129691	0.158238473505871	-5.63616416014403	1.73879635836118e-08	2.17389035228704e-07
Zo_SA_chr01A_3641-Zo_SB_chr01B_3634	726.872891535072	-0.99903747631751	0.178017540173411	-5.61201708182422	1.99981691400693e-08	2.45933900877511e-07
Zo_SA_chr02A_1321-Zo_SB_chr02B_1304	2074.08319527878	-0.748096132978368	0.134357126699929	-5.5679676348628	2.57727679138015e-08	3.12410234449159e-07
Zo_SA_chr02A_1331-Zo_SB_chr02B_1312	11440.3746387919	-0.978849382229314	0.177574297063692	-5.51233708039526	3.54099918422803e-08	4.20204085436779e-07
Zo_SA_chr01A_1088-Zo_SB_chr01B_1109	1042.18833578808	-0.858190299562628	0.156274605162283	-5.49155314564029	3.98414394154202e-08	4.69500396266634e-07
Zo_SA_chr02A_462-Zo_SB_chr02B_444	599.343489434887	-0.815741723460421	0.149203533036307	-5.46730835966141	4.56920781537817e-08	5.33494402167947e-07
Zo_SA_chr02A_1429-Zo_SB_chr02B_1420	629.326370637016	-0.914764509698518	0.169362518357043	-5.40122170225438	6.61885621634278e-08	7.46075791459075e-07
Zo_SA_chr01A_2547-Zo_SB_chr01B_2559	1374.82034805359	-0.759728895581052	0.141430207991431	-5.37175831366297	7.79725703012577e-08	8.70379526505687e-07
Zo_SA_chr02A_345-Zo_SB_chr02B_346	741.818858037965	-0.921754711589795	0.179424186647543	-5.1372935210818	2.78723440343444e-07	2.88905378266194e-06
Zo_SA_chr02A_48-Zo_SB_chr02B_52	484.762439859887	-0.92054759681843	0.18060468821912	-5.09703045859788	3.45022832985444e-07	3.5258973213945e-06
Zo_SA_chr01A_130-Zo_SB_chr01B_196	1069.76272936079	-0.776520882239343	0.152976672017618	-5.07607383529636	3.8531361391826e-07	3.92973462869647e-06
Zo_SA_chr02A_2895-Zo_SB_chr02B_2866	1607.64536361407	-0.761491528620422	0.150488617459233	-5.06012708121734	4.1897713959681e-07	4.22219224605595e-06
Zo_SA_chr02A_1644-Zo_SB_chr02B_1627	787.394311644423	-0.889126793262852	0.177360860412673	-5.01309472221821	5.35615127863281e-07	5.26187472808048e-06
Zo_SA_chr02A_1532-Zo_SB_chr02B_1517	2408.8020435946	-0.93301363893617	0.186481646926974	-5.00324645514064	5.63727948075453e-07	5.50610432360621e-06
Zo_SA_chr02A_3763-Zo_SB_chr02B_3768	837.768218589239	-0.935181867676133	0.187599764024607	-4.98498424312232	6.19668626553269e-07	5.95848512769349e-06
Zo_SA_chr01A_3036-Zo_SB_chr01B_3039	1827.26584473272	-0.777968723002452	0.158876873980325	-4.89667692667967	9.7470890465263e-07	9.15073295144308e-06
Zo_SA_chr02A_1527-Zo_SB_chr02B_1512	1395.94644787558	-0.693343770115885	0.14399104635998	-4.81518669141769	1.47062334425546e-06	1.34824836921904e-05
Zo_SA_chr01A_2945-Zo_SB_chr01B_2944	801.646394532269	-0.788079862597917	0.164346396691032	-4.79523663715909	1.6248291013835e-06	1.47629821215149e-05
Zo_SA_chr01A_2819-Zo_SB_chr01B_2810	419.841998787074	-0.912240242779209	0.191394323705425	-4.76628682145892	1.87652075687922e-06	1.69286837019353e-05
Zo_SA_chr02A_3171-Zo_SB_chr02B_3175	321.788070402373	-0.923211426317047	0.193906791489702	-4.76110928980059	1.9253174370499e-06	1.73380979836461e-05
Zo_SA_chr01A_2619-Zo_SB_chr01B_2620	1008.17823708262	-0.964337279281824	0.204207635413444	-4.72233703372258	2.33149893506661e-06	2.08113938333977e-05
Zo_SA_chr01A_2635-Zo_SB_chr01B_2633	2033.96237343817	-0.985592616869956	0.208828284379838	-4.71963182476402	2.3627189022567e-06	2.10530689553715e-05
Zo_SA_chr02A_578-Zo_SB_chr02B_563	476.890735494683	-0.858178587695987	0.183672194501647	-4.67233807503886	2.97790265962909e-06	2.58985746716715e-05
Zo_SA_chr02A_1960-Zo_SB_chr02B_1919	301.840234946314	-0.841006713833388	0.181139075087524	-4.64287848122789	3.43588450348827e-06	2.96279412448505e-05
Zo_SA_chr01A_570-Zo_SB_chr01B_620	1136.62159431622	-0.783151775820443	0.170019303748191	-4.60625210523353	4.09991292177408e-06	3.47637023867956e-05
Zo_SA_chr01A_1152-Zo_SB_chr01B_1174	237.834950787793	-0.90661433737323	0.199304442068545	-4.54889177563552	5.39291671580619e-06	4.47559215679406e-05
Zo_SA_chr01A_1654-Zo_SB_chr01B_1672	3820.82020400179	-0.674179423990408	0.148888909164697	-4.52807014150832	5.95248246421046e-06	4.89994464112235e-05
Zo_SA_chr02A_2300-Zo_SB_chr02B_2269	2687.17981581668	-0.680000472255833	0.15054863894506	-4.51681580797279	6.27764653587367e-06	5.13432636967832e-05
Zo_SA_chr02A_2226-Zo_SB_chr02B_2195	916.71347301029	-0.858691321768476	0.190879992281408	-4.49859260525605	6.84047987202061e-06	5.57669298073718e-05
Zo_SA_chr01A_3787-Zo_SB_chr01B_3770	1119.17750866271	-0.722124222675383	0.161448324255347	-4.47278859044254	7.72060989638108e-06	6.25406342324075e-05
Zo_SA_chr02A_1505-Zo_SB_chr02B_1491	478.740849923086	-0.896329766574464	0.200447203586869	-4.47165014295655	7.76183356940557e-06	6.27744469729473e-05
Zo_SA_chr02A_1086-Zo_SB_chr02B_1061	229.665896372283	-0.9191481593171	0.208058805757661	-4.41773255388042	9.97417302829427e-06	7.86627714451966e-05
Zo_SA_chr02A_1191-Zo_SB_chr02B_1164	2357.0320509358	-0.621921580117229	0.141254349098816	-4.40284907392238	1.06838492457603e-05	8.34819543372559e-05
Zo_SA_chr02A_1111-Zo_SB_chr02B_1087	1189.33200983504	-0.834328561152767	0.191761820321139	-4.35085857943743	1.35605495923983e-05	0.00010419671918274
Zo_SA_chr02A_111-Zo_SB_chr02B_108	635.732417281763	-0.916882465461232	0.2120112205569	-4.32468839645756	1.52747617040736e-05	0.000115619246937392
Zo_SA_chr01A_2051-Zo_SB_chr01B_2080	2008.83668779777	-0.717543873205654	0.166627252191137	-4.30628161822271	1.66021671643402e-05	0.000124369331899238
Zo_SA_chr02A_2738-Zo_SB_chr02B_2704	956.028054873539	-0.755438955615486	0.176918159971417	-4.26999102713671	1.95480831675608e-05	0.000143890890446437
Zo_SA_chr01A_911-Zo_SB_chr01B_946	343.075173721786	-0.858996690102485	0.201404503842831	-4.26503218007883	1.99873392008355e-05	0.000146911281911785
Zo_SA_chr02A_845-Zo_SB_chr02B_780	435.423055960155	-0.754714141007047	0.177315070580739	-4.25634515179798	2.0779583733765e-05	0.000152293659139672
Zo_SA_chr02A_1052-Zo_SB_chr02B_1034	2242.10509634626	-0.544919994242763	0.128446100835709	-4.2424019935004	2.21140122946416e-05	0.000160912705507858
Zo_SA_chr01A_2639-Zo_SB_chr01B_2637	625.503022768119	-0.886381994929241	0.209914280227447	-4.22259025907539	2.41510633561893e-05	0.000174485420748344
Zo_SA_chr02A_3421-Zo_SB_chr02B_3455	704.369746438498	-0.949406818514253	0.225049467792679	-4.21865835909849	2.45760331191793e-05	0.000177303511665215
Zo_SA_chr02A_1944-Zo_SB_chr02B_1902	408.404606744172	-0.790484193035935	0.190488597698028	-4.14977170596348	3.32807033058393e-05	0.000233793488368407
Zo_SA_chr01A_1753-Zo_SB_chr01B_1780	744.455590372782	-0.995277496012668	0.239868580523684	-4.14926162417673	3.33549424012951e-05	0.000233991370795826
Zo_SA_chr02A_2229-Zo_SB_chr02B_2199	825.311444272497	-0.69515551015886	0.167622257279653	-4.14715516567168	3.36631932396213e-05	0.000235179310129349
Zo_SA_chr01A_4144-Zo_SB_chr01B_4169	503.872871466878	-0.972965707805109	0.237164983489062	-4.10248466485772	4.08736953747564e-05	0.000282216763331701
Zo_SA_chr01A_4245-Zo_SB_chr01B_4265	582.469325801639	-0.86395446384336	0.210834618449855	-4.09778275596066	4.17126479024314e-05	0.000287460703794368
Zo_SA_chr02A_2912-Zo_SB_chr02B_2885	244.027738106015	-0.905784413991862	0.222879296269515	-4.06401325359781	4.82360850504848e-05	0.000326219808217593
Zo_SA_chr02A_2230-Zo_SB_chr02B_2200	2949.86815255855	-0.620975710847848	0.152937135760596	-4.06033307580645	4.90027605289654e-05	0.00033052459591848
Zo_SA_chr02A_1149-Zo_SB_chr02B_1122	482.246924057984	-0.670057708270459	0.165371347818814	-4.05183677286465	5.08171137748399e-05	0.000341402276273032
Zo_SA_chr02A_1769-Zo_SB_chr02B_1740	418.003001408296	-0.773855985378677	0.192045940057115	-4.02953577226641	5.58871110595292e-05	0.000372996894968921
Zo_SA_chr01A_2093-Zo_SB_chr01B_2118	1540.78383590078	-0.8448086597941	0.211898516094537	-3.9868550066542	6.69549143988786e-05	0.000441068755164597
Zo_SA_chr01A_2836-Zo_SB_chr01B_2833	3339.74159768257	-0.595266473419735	0.150445468817951	-3.95669260162331	7.59946201219121e-05	0.00049611397891927
Zo_SA_chr01A_1996-Zo_SB_chr01B_2028	3092.58254510074	-0.673070706821272	0.170195623431357	-3.95468868852984	7.66343712459938e-05	0.000499648230498591
Zo_SA_chr02A_1218-Zo_SB_chr02B_1198	210.041393384569	-0.886293793111857	0.224352667736273	-3.95044909451978	7.80046880663629e-05	0.000506968856082823
Zo_SA_chr02A_2143-Zo_SB_chr02B_2102	1043.73517341423	-0.721688516948353	0.183009994004592	-3.94343773887148	8.03218512914674e-05	0.000519687493897278
Zo_SA_chr02A_47-Zo_SB_chr02B_51	857.394059631746	-0.725483881210456	0.184252226795995	-3.93744973304293	8.23521758303004e-05	0.000530795305890985
Zo_SA_chr02A_19-Zo_SB_chr02B_21	486.213017694723	-0.975342711220747	0.251847313804171	-3.8727540766194	0.000107612397753316	0.000682351271147429
Zo_SA_chr02A_2215-Zo_SB_chr02B_2185	902.384193649282	-0.675160246964812	0.174379964702702	-3.87177648599644	0.000108045007600329	0.00068253805174387
Zo_SA_chr01A_1417-Zo_SB_chr01B_1451	310.061958492535	-0.958692874623043	0.24815911678719	-3.86321843434498	0.000111902860445299	0.000699083183519896
Zo_SA_chr01A_2382-Zo_SB_chr01B_2390	1858.10555631025	-0.57917016836302	0.150133143298551	-3.85771026728787	0.000114454206056058	0.000709783776017971
Zo_SA_chr01A_2405-Zo_SB_chr01B_2414	1146.9483863441	-0.558380074572854	0.144939470329855	-3.8525052789422	0.000116915455354106	0.000722400970490881
Zo_SA_chr01A_3846-Zo_SB_chr01B_3835	781.025640733357	-0.679935014427893	0.176773266133943	-3.84636788864159	0.000119881722255254	0.00073893114967771
Zo_SA_chr01A_3682-Zo_SB_chr01B_3675	327.212227739353	-0.811463463307207	0.211595497868639	-3.83497508917214	0.000125577021146119	0.000770296727537607
Zo_SA_chr02A_2045-Zo_SB_chr02B_1994	434.418242729193	-0.698416230791535	0.182317604185139	-3.83076683084487	0.000127744518033876	0.000780763426105964
Zo_SA_chr02A_56-Zo_SB_chr02B_57	357.666952042709	-0.770695615902694	0.201856232223024	-3.81804221457567	0.0001345149120242	0.000818205075653785
Zo_SA_chr01A_1856-Zo_SB_chr01B_1883	276.166143209969	-0.81391741802628	0.214374898404091	-3.79670112539048	0.000146634400641051	0.000886614429590357
Zo_SA_chr02A_1501-Zo_SB_chr02B_1488	457.844147340008	-0.716842558135037	0.189283345905641	-3.78714014540079	0.000152391156294902	0.000918143158744731
Zo_SA_chr02A_1278-Zo_SB_chr02B_1271	1602.03561213188	-0.702098507460777	0.187351568500402	-3.74749201771039	0.000178611518940222	0.0010612486615463
Zo_SA_chr02A_1336-Zo_SB_chr02B_1317	380.492227933121	-0.727750775773702	0.194194920692279	-3.74752734612917	0.000178586371974958	0.0010612486615463
Zo_SA_chr02A_727-Zo_SB_chr02B_699	587.026981687731	-0.921399060089393	0.246482344288057	-3.73819497193916	0.000185346188556836	0.00109453999226238
Zo_SA_chr01A_3331-Zo_SB_chr01B_3347	3912.01034550066	-0.826230640771345	0.222114795215262	-3.71983613235041	0.000199352076986315	0.00116246750747818
Zo_SA_chr01A_3634-Zo_SB_chr01B_3626	179.346946612244	-0.847131416329766	0.229120258078085	-3.69732219855068	0.000217885725947957	0.00126184903316952
Zo_SA_chr01A_54-Zo_SB_chr01B_110	493.288857522452	-0.749810751196715	0.203042449649465	-3.69287679739483	0.000221731459283099	0.00128265840740189
Zo_SA_chr02A_2394-Zo_SB_chr02B_2361	955.357980608437	-0.645438712341441	0.175312988415036	-3.68163658709318	0.000231741581774076	0.00133146549075852
Zo_SA_chr01A_2145-Zo_SB_chr01B_2165	625.838241297692	-0.825773642592466	0.224827659707926	-3.67291837519116	0.000239796097605013	0.00137308272799984
Zo_SA_chr02A_2581-Zo_SB_chr02B_2530	1689.85684284099	-0.488019420424397	0.132955803732689	-3.67053868070003	0.000242039836882378	0.00138436974270901
Zo_SA_chr01A_1286-Zo_SB_chr01B_1314	2020.75566356117	-0.63710763435351	0.17392238415347	-3.66317215265014	0.000249110994807272	0.00142321118405639
Zo_SA_chr01A_2221-Zo_SB_chr01B_2238	256.933041371857	-0.768031048192549	0.211701807045019	-3.6278908475695	0.000285746010217213	0.00160898446329626
Zo_SA_chr02A_2908-Zo_SB_chr02B_2879	1015.74505308604	-0.706658689889948	0.194960362130596	-3.62462749949443	0.000289378234482706	0.00162583191696644
Zo_SA_chr02A_889-Zo_SB_chr02B_856	4640.61939966403	-0.94186351757572	0.26006220721452	-3.62168547157948	0.000292689849368132	0.0016426207126417
Zo_SA_chr02A_1160-Zo_SB_chr02B_1134	446.332236753433	-0.660221308692681	0.184150247494768	-3.58523172069827	0.000336779048110837	0.00187144506056339
Zo_SA_chr01A_4231-Zo_SB_chr01B_4248	586.341774994851	-0.761095879138668	0.212428549244143	-3.58283235396927	0.000339888755967479	0.00188666119296047
Zo_SA_chr02A_593-Zo_SB_chr02B_577	2676.63173363996	-0.534524497090201	0.149696549207532	-3.57072023316424	0.000356000981871022	0.00195684955294688
Zo_SA_chr02A_1836-Zo_SB_chr02B_1810	279.74816242122	-0.79523268631982	0.223807173052159	-3.55320464252721	0.000380568286952688	0.00208737184603964
Zo_SA_chr01A_590-Zo_SB_chr01B_640	441.005035971786	-0.652295755720504	0.183773693585892	-3.54945119180312	0.000386035020963037	0.00210824932416265
Zo_SA_chr01A_1190-Zo_SB_chr01B_1205	1106.82528375978	-0.547282407838135	0.154867306230411	-3.53387955895539	0.000409507639731136	0.00222031600830692
Zo_SA_chr01A_2708-Zo_SB_chr01B_2700	1077.20378873616	-0.594352335625158	0.168222971441319	-3.53312232290753	0.000410682406339844	0.00222135883045801
Zo_SA_chr01A_958-Zo_SB_chr01B_988	552.259151357242	-0.637276316807509	0.181111508155496	-3.51869587580468	0.000433673541118352	0.00233576661223766
Zo_SA_chr01A_2516-Zo_SB_chr01B_2523	668.84982603128	-0.879473314641451	0.250193209207866	-3.51517660061974	0.000439461644074502	0.00236193194735915
Zo_SA_chr01A_382-Zo_SB_chr01B_439	972.003799699884	-0.678533775765784	0.193758682066336	-3.50195288556658	0.000461861283567499	0.00246692572599509
Zo_SA_chr02A_2265-Zo_SB_chr02B_2236	496.65631247282	-0.8282532541817	0.236581993020637	-3.50091418035122	0.000463665129458918	0.00247369242911959
Zo_SA_chr02A_3277-Zo_SB_chr02B_3275	403.261293485619	-0.76572534022753	0.218832506367576	-3.49913892107661	0.000466763322210903	0.00248760851365076
Zo_SA_chr01A_630-Zo_SB_chr01B_680	2660.44396213072	-0.691317875583104	0.199641266525421	-3.46280049017359	0.000534584622809536	0.00280585482343549
Zo_SA_chr02A_2077-Zo_SB_chr02B_2033	562.916268677154	-0.945784551254537	0.273876089138365	-3.45333013272552	0.000553710909955169	0.00288440790939724
Zo_SA_chr02A_2350-Zo_SB_chr02B_2317	1773.62553403668	-0.672629356978587	0.195418496623036	-3.44199432808091	0.000577442357151429	0.00298963275430388
Zo_SA_chr01A_3771-Zo_SB_chr01B_3756	1085.4970583792	-0.601440607872834	0.175712033906535	-3.42287659246352	0.000619622011629319	0.00319174462177009
Zo_SA_chr02A_2764-Zo_SB_chr02B_2728	864.066258134805	-0.558215074688558	0.163482108109922	-3.41453313235493	0.000638914223205089	0.00327782357541277
Zo_SA_chr01A_3010-Zo_SB_chr01B_3009	729.329535265958	-0.580954497307106	0.170249276309726	-3.41237572282072	0.000643992838474656	0.00329389690494741
Zo_SA_chr01A_3164-Zo_SB_chr01B_3168	404.937030800693	-0.684866348028052	0.202328983276124	-3.38491469160103	0.000712003789750811	0.003605450895458
Zo_SA_chr02A_1341-Zo_SB_chr02B_1322	266.485353315992	-0.836034577422773	0.247641346309995	-3.37598946977228	0.00073550734233331	0.00370668363085761
Zo_SA_chr01A_1405-Zo_SB_chr01B_1432	2107.84089066707	-0.530193140429298	0.157299166644285	-3.37060361946019	0.000750036926873533	0.00376055039643699
Zo_SA_chr01A_1919-Zo_SB_chr01B_1950	438.22148257948	-0.715054001091514	0.212311041984748	-3.36795483836814	0.000757279997674985	0.0037856546340465
Zo_SA_chr02A_2366-Zo_SB_chr02B_2333	761.120088834407	-0.602258056244315	0.179703798960874	-3.3513930129849	0.00080406101106213	0.00398811120623492
Zo_SA_chr01A_3240-Zo_SB_chr01B_3252	542.342779176751	-0.710621749850602	0.214418327822628	-3.31418380633229	0.0009191106676148	0.00451030249354161
Zo_SA_chr01A_3025-Zo_SB_chr01B_3024	539.763110971774	-0.685262405462779	0.206950401805784	-3.31123979215984	0.000928835783549534	0.00453201657182973
Zo_SA_chr02A_1804-Zo_SB_chr02B_1780	576.483703601289	-0.642043741225704	0.194272326235966	-3.30486463854799	0.00095022280409509	0.00463032890417082
Zo_SA_chr01A_1120-Zo_SB_chr01B_1147	290.946994979755	-0.828311528675509	0.250975192735848	-3.30037211903772	0.000965567070227269	0.00469293315759263
Zo_SA_chr01A_3000-Zo_SB_chr01B_2999	1172.54563676542	-0.773620720250197	0.235134873713856	-3.29011476703215	0.00100146527140282	0.00484423058424279
Zo_SA_chr01A_934-Zo_SB_chr01B_966	360.719359833711	-0.905221008366774	0.275843280389537	-3.28164966385424	0.00103201740170657	0.00495652496647717
Zo_SA_chr01A_1230-Zo_SB_chr01B_1259	1898.92599399541	-0.523582273527288	0.159554740313865	-3.28152126660312	0.00103248738226676	0.00495652496647717
Zo_SA_chr01A_1637-Zo_SB_chr01B_1653	1108.380738209	-0.647829818200341	0.197535528375271	-3.27956101633331	0.00103968724925962	0.00498637539092504
Zo_SA_chr01A_1818-Zo_SB_chr01B_1848	996.546168495525	-0.698952376641241	0.213575111402846	-3.27263028004642	0.0010655175464294	0.00508624400217566
Zo_SA_chr01A_2178-Zo_SB_chr01B_2196	1099.6189968981	-0.556522183625416	0.170108014405922	-3.27158121014458	0.00106947868036537	0.00510035888974244
Zo_SA_chr01A_3999-Zo_SB_chr01B_3975	663.451991130569	-0.612034802953182	0.187130136479407	-3.27063729267645	0.00107305441223733	0.00511261103166358
Zo_SA_chr02A_771-Zo_SB_chr02B_731	2507.01176409678	-0.699574439582604	0.214033799344891	-3.26852320392314	0.00108110312441736	0.00514131345404096
Zo_SA_chr02A_2401-Zo_SB_chr02B_2368	677.856250335181	-0.69656732777434	0.213664855624818	-3.2600931292017	0.00111375636980415	0.00528669962825729
Zo_SA_chr02A_1061-Zo_SB_chr02B_1041	713.260967449092	-0.728413348351705	0.224771773263413	-3.24067981391092	0.00119245039224047	0.00563391213226916
Zo_SA_chr01A_4112-Zo_SB_chr01B_4132	30369.4356124249	-0.709916891386063	0.219428780930317	-3.23529524420732	0.00121517006444289	0.00572527714035757
Zo_SA_chr02A_246-Zo_SB_chr02B_234	379.170233207101	-0.702908078605202	0.218017189430699	-3.22409476262254	0.00126371573862816	0.00592651176038084
Zo_SA_chr02A_225-Zo_SB_chr02B_210	3142.70673744973	-0.442810603502859	0.137407567698667	-3.2226071017714	0.00127029665606682	0.0059463932867865
Zo_SA_chr02A_130-Zo_SB_chr02B_124	296.857297462286	-0.640467621879147	0.200678340375348	-3.19151344724707	0.00141529522705257	0.00654075018944498
Zo_SA_chr01A_1971-Zo_SB_chr01B_2004	2729.10464024276	-0.525456945367854	0.165513976161713	-3.17469834000281	0.00149992343750729	0.00687555156958441
Zo_SA_chr02A_2146-Zo_SB_chr02B_2105	8399.814859788	-0.79601199672789	0.251335050039435	-3.16713485287068	0.00153948910750013	0.00703153343254782
Zo_SA_chr01A_150-Zo_SB_chr01B_214	944.060719115782	-0.564741087737251	0.178730541025152	-3.15973467376109	0.00157912871992054	0.00720610491327619
Zo_SA_chr01A_698-Zo_SB_chr01B_742	2799.78159692076	-0.519913104948268	0.164792795567172	-3.1549504525296	0.00160525364151085	0.00730504222643946
Zo_SA_chr02A_69-Zo_SB_chr02B_67	441.188522860823	-0.711151853402242	0.2255335059771	-3.15319823687062	0.00161492098604492	0.0073364791485887
Zo_SA_chr02A_2232-Zo_SB_chr02B_2202	198.540447812151	-0.889401822517338	0.283324405643585	-3.13916416941568	0.00169430496973762	0.00765602752784465
Zo_SA_chr01A_1546-Zo_SB_chr01B_1570	3397.09079688361	-0.600619303563977	0.191638712461008	-3.13412303730741	0.00172368565279328	0.00776116970792292
Zo_SA_chr02A_1485-Zo_SB_chr02B_1474	555.412116450563	-0.600221330318893	0.193333382051679	-3.10459230552565	0.00190541463244995	0.00847425649580849
Zo_SA_chr02A_1795-Zo_SB_chr02B_1768	255.700301316219	-0.890351812670007	0.286869126066383	-3.10368642620668	0.0019112578081682	0.00849280700584976
Zo_SA_chr02A_2016-Zo_SB_chr02B_1962	915.725955401418	-0.670215867013648	0.216315289269681	-3.09832869084943	0.00194615448729117	0.00861771459542447
Zo_SA_chr02A_1606-Zo_SB_chr02B_1588	8742.73302975192	-0.463252672600902	0.149874581227528	-3.09093555963053	0.00199526930715013	0.00880994556811
Zo_SA_chr02A_1900-Zo_SB_chr02B_1858	1482.37482924703	-0.503967657055096	0.164028339524514	-3.07244259446873	0.002123146658443	0.00930410860934598
Zo_SA_chr02A_3209-Zo_SB_chr02B_3215	8405.92443545938	-0.364168554396839	0.119246658721298	-3.05390992336288	0.00225879891489213	0.00983107074512654
Zo_SA_chr02A_908-Zo_SB_chr02B_873	153.095714849758	-0.721617117085644	0.236412668818528	-3.05236229806094	0.0022704787796036	0.00987308366575915
Zo_SA_chr02A_1102-Zo_SB_chr02B_1063	157.710907075158	-0.969530181246111	0.318422021604562	-3.04479626239588	0.00232837980735221	0.0101075564457623
Zo_SA_chr02A_3306-Zo_SB_chr02B_3304	330.949458564178	-0.905589615495422	0.29858846261215	-3.03290223464439	0.00242214057294471	0.0104431680560154
Zo_SA_chr02A_858-Zo_SB_chr02B_767	710.402164681934	-0.521315471374953	0.172105387470312	-3.02904795159233	0.00245325740813745	0.0105518554753687
Zo_SA_chr01A_2261-Zo_SB_chr01B_2274	1128.7967670021	-0.456601194347568	0.151173998837368	-3.02036856773747	0.00252467255712712	0.0108027059120881
Zo_SA_chr02A_1019-Zo_SB_chr02B_995	126.297978163231	-0.800531877684729	0.266264162481951	-3.00653257360158	0.00264245740980938	0.0112333071662505
Zo_SA_chr02A_1815-Zo_SB_chr02B_1791	1722.49741929356	-0.453764635716307	0.151000516043034	-3.00505354290967	0.00265534101566812	0.0112658373203035
Zo_SA_chr02A_1454-Zo_SB_chr02B_1447	325.43461170757	-0.720651943958606	0.239996142288253	-3.00276469899691	0.00267539198549005	0.0113235965785866
Zo_SA_chr02A_3102-Zo_SB_chr02B_3100	282.349641540932	-0.76045371605942	0.253989555916026	-2.99403537801704	0.00275314019230081	0.0116139526882856
Zo_SA_chr02A_1942-Zo_SB_chr02B_1901	720.595729254812	-0.69921157476639	0.233868090942248	-2.9897690272721	0.0027918847150361	0.0117578627426769
Zo_SA_chr02A_228-Zo_SB_chr02B_213	1646.28842551453	-0.912776469113374	0.305399043956519	-2.98879936652103	0.00280075977615971	0.0117854671939645
Zo_SA_chr01A_1318-Zo_SB_chr01B_1344	2300.23047418922	-0.39674737946162	0.13281982913646	-2.98710954562363	0.00281628787947389	0.011840998460139
Zo_SA_chr02A_3616-Zo_SB_chr02B_3634	111.72113229992	-0.885609328415894	0.296768410670744	-2.98417653824501	0.00284342663723474	0.0119353420582771
Zo_SA_chr01A_2291-Zo_SB_chr01B_2308	327.110221584429	-0.825673985182659	0.27679523084687	-2.98297764255716	0.00285458845856592	0.0119722995714751
Zo_SA_chr01A_509-Zo_SB_chr01B_567	364.446271401213	-0.530074645477281	0.17807411471257	-2.97670802032556	0.00291361347044448	0.0121796237171914
Zo_SA_chr02A_1884-Zo_SB_chr02B_1847	1598.08900618946	-0.444545560626601	0.150635755396928	-2.9511290958459	0.00316614554732439	0.0130738644185859
Zo_SA_chr01A_3939-Zo_SB_chr01B_3927	393.315485169249	-0.631273856458023	0.21438019416038	-2.94464635098595	0.00323323993420349	0.013329241579399
Zo_SA_chr01A_4105-Zo_SB_chr01B_4126	581.646593559164	-0.916485661592139	0.311586436333693	-2.94135287907921	0.00326782030907834	0.0134390763966064
Zo_SA_chr01A_4006-Zo_SB_chr01B_3982	538.524326533849	-0.700958318089144	0.23849928340247	-2.93903741801299	0.00329233323852121	0.0135179955686736
Zo_SA_chr01A_2208-Zo_SB_chr01B_2225	4476.68750031156	-0.390155788486424	0.133261206804253	-2.92775217816783	0.0034142206087643	0.0138837681920848
Zo_SA_chr01A_4137-Zo_SB_chr01B_4159	264.407737862954	-0.565489253823485	0.193499472825667	-2.92243304627999	0.00347308283414686	0.0140892873120063
Zo_SA_chr02A_1326-Zo_SB_chr02B_1308	867.061942307002	-0.61934505756215	0.212447608672305	-2.91528373245882	0.00355365306003594	0.0143816764079064
Zo_SA_chr01A_895-Zo_SB_chr01B_934	621.897707309944	-0.63032360535258	0.216459075137251	-2.91197587790167	0.0035915036977859	0.0144886793336415
Zo_SA_chr01A_4159-Zo_SB_chr01B_4180	181.716374743922	-0.768117042905513	0.263767247484772	-2.91210167384356	0.00359005757675383	0.0144886793336415
Zo_SA_chr01A_2853-Zo_SB_chr01B_2849	403.121201674091	-0.709387899325487	0.246383978770523	-2.87919654055996	0.00398689784077493	0.0159696010514951
Zo_SA_chr02A_334-Zo_SB_chr02B_332	1288.15985721164	-0.503629451022088	0.175002387514607	-2.87784331502364	0.00400403959103904	0.0160182749391543
Zo_SA_chr02A_3768-Zo_SB_chr02B_3771	783.307907665974	-0.752044075014626	0.262324133249848	-2.86685050932141	0.00414578790836832	0.0165019253813501
Zo_SA_chr02A_2679-Zo_SB_chr02B_2638	721.640121948593	-0.728721116588881	0.254747764389983	-2.86055941779851	0.00422894299105705	0.0167934335039709
Zo_SA_chr02A_179-Zo_SB_chr02B_173	658.437472735667	-0.692758433099895	0.242292337901104	-2.85918423628674	0.00424732030175424	0.0168400779177282
Zo_SA_chr02A_3208-Zo_SB_chr02B_3214	1216.6649135562	-0.49816552565469	0.174545097167192	-2.85407916773229	0.0043161773948085	0.0170333061291627
Zo_SA_chr02A_1064-Zo_SB_chr02B_1043	847.530156887547	-0.410469848681681	0.144037657576298	-2.84973982213125	0.00437550051961339	0.0172540117539724
Zo_SA_chr01A_325-Zo_SB_chr01B_385	1194.27924039366	-0.94164223330103	0.331647797045806	-2.83928384777112	0.00452149166375747	0.0177196420989384
Zo_SA_chr01A_1434-Zo_SB_chr01B_1462	404.568717020052	-0.483626677675991	0.170542789371881	-2.83580841768341	0.00457098567539274	0.0178584894194767
Zo_SA_chr02A_684-Zo_SB_chr02B_659	668.834076602845	-0.611293359436326	0.216004004416707	-2.83000938379384	0.00465466389159741	0.01812963029557
Zo_SA_chr01A_972-Zo_SB_chr01B_1004	383.424729542923	-0.782168562218865	0.276961184167299	-2.8241089615879	0.00474122634821198	0.0183681835412423
Zo_SA_chr02A_1934-Zo_SB_chr02B_1892	8853.44182322397	-0.630116354134786	0.223358306577524	-2.82110105413108	0.00478591241184763	0.0185130610356239
Zo_SA_chr01A_2171-Zo_SB_chr01B_2189	447.075094795953	-0.635548728220698	0.225504035292382	-2.8183474739007	0.00482715393641507	0.0186300264764834
Zo_SA_chr02A_1261-Zo_SB_chr02B_1254	433.287818531879	-0.657089239246218	0.233392224569714	-2.8153861614612	0.0048718653894015	0.0187883100324755
Zo_SA_chr02A_3318-Zo_SB_chr02B_3315	587.273411705709	-0.596789761060863	0.213831780362951	-2.79093107697973	0.00525566625039615	0.0200552433401668
Zo_SA_chr02A_3579-Zo_SB_chr02B_3600	513.690392459635	-0.706750181863836	0.253586746644576	-2.78701545414126	0.00531959420408722	0.0202687314047704
Zo_SA_chr01A_3667-Zo_SB_chr01B_3665	3574.25720446057	-0.736854063283136	0.264493513652921	-2.78590598728279	0.00533783502867855	0.0203077633787703
Zo_SA_chr02A_2030-Zo_SB_chr02B_1978	2771.89493144923	-0.371767622479978	0.133461847668893	-2.7855722738254	0.00534333267544333	0.0203091686231188
Zo_SA_chr01A_1650-Zo_SB_chr01B_1668	239.541635891082	-0.94798874881257	0.340870087577567	-2.78108517983952	0.00541775198600066	0.0205195841438459
Zo_SA_chr01A_2505-Zo_SB_chr01B_2513	566.22360725669	-0.535442927438873	0.192915005528329	-2.77553799390813	0.00551104597357396	0.0208108568771614
Zo_SA_chr02A_2334-Zo_SB_chr02B_2302	581.756606747906	-0.463672839033641	0.168356688279942	-2.75411000163326	0.00588519840440162	0.0220760138079438
Zo_SA_chr01A_2270-Zo_SB_chr01B_2288	443.404322454488	-0.880532745474779	0.32032316948692	-2.74888871412324	0.00597976847549715	0.0222990044691997
Zo_SA_chr02A_2970-Zo_SB_chr02B_2961	900.246530698466	-0.591019662481973	0.218151932180819	-2.70921122070143	0.00674433882933677	0.0248942564783441
Zo_SA_chr01A_2225-Zo_SB_chr01B_2241	75.2115584494539	-0.955420832490416	0.354986800091061	-2.69142636358685	0.00711472028107503	0.0260343402792364
Zo_SA_chr02A_969-Zo_SB_chr02B_942	2336.72710185793	-0.525745251750537	0.195690571530385	-2.6866151375561	0.0072180066675479	0.0263932727606017
Zo_SA_chr02A_909-Zo_SB_chr02B_874	2059.64206683291	-0.554847056664664	0.20674357487882	-2.68374510303346	0.00728025887383192	0.0265826274767738
Zo_SA_chr01A_2590-Zo_SB_chr01B_2589	347.713814510663	-0.509487622588707	0.190167305902077	-2.67915465369772	0.00738082953232447	0.0268725685983341
Zo_SA_chr01A_392-Zo_SB_chr01B_449	1039.01103780462	-0.655459397485766	0.244710585774374	-2.67850855495931	0.00739508430407773	0.0269051813613258
Zo_SA_chr02A_2800-Zo_SB_chr02B_2762	250.637190631574	-0.729038998466732	0.272727248812656	-2.67314322877773	0.00751441592949163	0.027319769868209
Zo_SA_chr02A_1192-Zo_SB_chr02B_1165	241.884855901639	-0.860621332684635	0.321983545108126	-2.67287364761335	0.00752045705974321	0.0273221755410842
Zo_SA_chr01A_492-Zo_SB_chr01B_552	1036.67025609466	-0.547774900125179	0.206689712253494	-2.65022818094284	0.00804374243488472	0.0289951510481047
Zo_SA_chr01A_2519-Zo_SB_chr01B_2525	201.834970949582	-0.586512256242428	0.221512687859216	-2.64775919569532	0.00810272187494114	0.0291663532266662
Zo_SA_chr02A_1889-Zo_SB_chr02B_1851	899.983510061934	-0.476296938207203	0.181816172861642	-2.61966210546987	0.00880169291145633	0.0313051808804529
Zo_SA_chr02A_3539-Zo_SB_chr02B_3572	5076.04774740289	-0.563385892003684	0.215333680618866	-2.61633893213788	0.00888782856420453	0.0315232411156388
Zo_SA_chr02A_29-Zo_SB_chr02B_31	1280.22023725724	-0.470084456281399	0.179689603022244	-2.61609157332941	0.00889427003878696	0.0315240736406134
Zo_SA_chr02A_3580-Zo_SB_chr02B_3601	284.608533364225	-0.687718955605786	0.263027447239532	-2.6146281037336	0.00893246566289679	0.0316153262033817
Zo_SA_chr01A_805-Zo_SB_chr01B_849	151.943324171787	-0.696978980317913	0.268788304672713	-2.59304057580401	0.00951315462038019	0.0335304041061145
Zo_SA_chr02A_2974-Zo_SB_chr02B_2964	126.290444277046	-0.915292557072548	0.353490888598461	-2.5892960373082	0.00961723766074198	0.0338322566577557
Zo_SA_chr01A_3419-Zo_SB_chr01B_3433	741.933443550072	-0.750298718950828	0.289804585143516	-2.58898153243251	0.00962602567191749	0.0338343144551342
Zo_SA_chr01A_427-Zo_SB_chr01B_479	770.972223187985	-0.736720127893403	0.284808571707678	-2.58672034860509	0.00968941955582348	0.0340100635273168
Zo_SA_chr01A_2119-Zo_SB_chr01B_2142	1126.94051094018	-0.620817351050923	0.240847241895618	-2.57763944550373	0.00994777350421858	0.0348686967756564
Zo_SA_chr01A_2809-Zo_SB_chr01B_2801	282.097005366325	-0.610985659928478	0.237369743054428	-2.57398290138597	0.010053524151214	0.0351423600578223
Zo_SA_chr01A_729-Zo_SB_chr01B_772	864.451438245561	-0.404156318491838	0.157059038813754	-2.57327640321994	0.0100740717600734	0.0351899659349468
Zo_SA_chr01A_2987-Zo_SB_chr01B_2984	863.611865573576	-0.511775426496354	0.19895407962774	-2.5723293910531	0.0101016730752926	0.035262128899939
Zo_SA_chr01A_3875-Zo_SB_chr01B_3864	317.171033169346	-0.707884830138163	0.275703941127019	-2.5675542657986	0.0102418757364082	0.0355803603729256
Zo_SA_chr02A_1386-Zo_SB_chr02B_1368	164.937632139715	-0.79657005109863	0.311496332765093	-2.5572373325478	0.0105507205857065	0.0364394068949565
Zo_SA_chr02A_108-Zo_SB_chr02B_105	302.864614240924	-0.609111693849678	0.238700352645901	-2.55178380382731	0.0107172998941336	0.0369539485148027
Zo_SA_chr01A_4168-Zo_SB_chr01B_4187	315.479585385414	-0.616572677312127	0.241755755942053	-2.5503950253822	0.010760092285399	0.0370763288450077
Zo_SA_chr02A_3163-Zo_SB_chr02B_3166	4539.46735629669	-0.610555260202471	0.239749618785337	-2.54663704282733	0.0108766495193071	0.0374370160156849
Zo_SA_chr02A_237-Zo_SB_chr02B_227	136.092854991896	-0.65249213686864	0.257262991282372	-2.536284498661	0.0112035674562771	0.0383960317884152
Zo_SA_chr01A_3205-Zo_SB_chr01B_3208	446.82165899309	-0.741033450960756	0.292273414556246	-2.53541175507138	0.0112315222238289	0.0384658809000857
Zo_SA_chr01A_2309-Zo_SB_chr01B_2330	1156.01866017989	-0.932103129397994	0.368065512942108	-2.53243810306293	0.0113272366451785	0.0387153667031371
Zo_SA_chr01A_924-Zo_SB_chr01B_957	686.236740681841	-0.614894354099718	0.243155243646149	-2.52881387577453	0.0114448701663171	0.0390267762201167
Zo_SA_chr01A_2413-Zo_SB_chr01B_2424	204.336349756675	-0.661151032047036	0.261484803462397	-2.52844916145237	0.0114567677385694	0.0390267762201167
Zo_SA_chr01A_3646-Zo_SB_chr01B_3639	419.016661735864	-0.555249702353024	0.219585233742046	-2.52862951160593	0.0114508830529108	0.0390267762201167
Zo_SA_chr01A_618-Zo_SB_chr01B_667	83.3299202699266	-0.842890773139455	0.334119649970504	-2.52272134612216	0.0116450637081202	0.0396150559769208
Zo_SA_chr02A_3338-Zo_SB_chr02B_3338	96.951252998367	-0.861894747617683	0.342208824887226	-2.518622212334	0.0117814989720957	0.0400523649794337
Zo_SA_chr01A_3045-Zo_SB_chr01B_3048	337.237055619528	-0.766300610308033	0.304947539357295	-2.51289324033597	0.0119745566228494	0.0405728973231836
Zo_SA_chr02A_1417-Zo_SB_chr02B_1402	4738.01150499654	-0.427893107550407	0.170276765218429	-2.512927157158	0.011973405473439	0.0405728973231836
Zo_SA_chr02A_2871-Zo_SB_chr02B_2832	566.311899375043	-0.472720839240034	0.188990724851772	-2.50129121209941	0.0123741381374056	0.0417042120768966
Zo_SA_chr01A_2260-Zo_SB_chr01B_2273	516.572980812418	-0.443861988411354	0.178162151053424	-2.49133716553667	0.0127263287063281	0.0427776462603842
Zo_SA_chr01A_3901-Zo_SB_chr01B_3888	100.830281091044	-0.914733347539392	0.36866994638662	-2.48117145567412	0.0130951367371927	0.043930118552313
Zo_SA_chr01A_3764-Zo_SB_chr01B_3750	746.130936633278	-0.461543709113468	0.186189236920221	-2.47889575545783	0.0131789817063047	0.0441239605051559
Zo_SA_chr02A_2273-Zo_SB_chr02B_2243	209.295332490364	-0.699116295925531	0.282639184994812	-2.47352926643333	0.0133785845810236	0.0446450926984355
Zo_SA_chr01A_2817-Zo_SB_chr01B_2808	533.349764210484	-0.455415323882709	0.184212047253582	-2.47223420331351	0.0134271519401134	0.0447777443885987
Zo_SA_chr02A_2448-Zo_SB_chr02B_2415	1232.60725344086	-0.516074436359436	0.208865857778414	-2.47084153364568	0.0134795535414622	0.0449230002868022
Zo_SA_chr02A_1808-Zo_SB_chr02B_1784	114.6884452763	-0.785141744903404	0.318121082365262	-2.46805945417323	0.0135847754315471	0.045214334480228
Zo_SA_chr01A_996-Zo_SB_chr01B_1026	753.189075005096	-0.422801062989772	0.17168522460185	-2.46265258976291	0.0137913474868497	0.0458118076427138
Zo_SA_chr01A_1686-Zo_SB_chr01B_1717	146.272045213882	-0.743873216256301	0.302181965698805	-2.46167309996833	0.013829064743685	0.045877086762362
Zo_SA_chr01A_3018-Zo_SB_chr01B_3016	385.460661208743	-0.527368488834384	0.214224772510129	-2.46175305803837	0.0138259823841707	0.045877086762362
Zo_SA_chr01A_3169-Zo_SB_chr01B_3174	224.669607078789	-0.7662245816926	0.311370929325507	-2.46080963098385	0.0138623898898959	0.0459276439992049
Zo_SA_chr02A_3762-Zo_SB_chr02B_3767	97.4599542835066	-0.860502795986294	0.350131001673354	-2.45765953849776	0.0139845680679465	0.0462118550534159
Zo_SA_chr02A_3389-Zo_SB_chr02B_3412	356.815491034487	-0.587058609233462	0.239107387650797	-2.45520899626417	0.0140802701305331	0.0464374623331022
Zo_SA_chr01A_819-Zo_SB_chr01B_867	3155.96559201764	-0.347201477753901	0.141657383930033	-2.45099456252411	0.0142462105339175	0.0468933916408083
Zo_SA_chr02A_504-Zo_SB_chr02B_486	782.415862910779	-0.414115986405617	0.169113871068811	-2.44874050714099	0.0143356686467301	0.0471572934305324
Zo_SA_chr01A_487-Zo_SB_chr01B_547	878.842184896154	-0.35816717318959	0.146372652778243	-2.44695417068254	0.0144069156774414	0.0473609868774918
Zo_SA_chr02A_1613-Zo_SB_chr02B_1595	2290.94875370283	-0.353567799631662	0.144788386311474	-2.44196242971486	0.0146076667391311	0.0478660253987401
Zo_SA_chr01A_3114-Zo_SB_chr01B_3123	134.380523668056	-0.675326190560242	0.276733014021102	-2.44035281785622	0.0146729236698163	0.0480488583617003
Zo_SA_chr01A_4143-Zo_SB_chr01B_4168	131.417260251105	-0.916840617894091	0.375905020871289	-2.43902200552948	0.0147270714233263	0.0481951003602281
Zo_SA_chr02A_1390-Zo_SB_chr02B_1372	249.916328283222	-0.605777340166025	0.248486690377586	-2.43786634706881	0.0147742353567657	0.0482872209633289
Zo_SA_chr02A_3715-Zo_SB_chr02B_3730	1720.82962707103	-0.350518267134941	0.143776235719028	-2.43794299789525	0.0147711030195514	0.0482872209633289
Zo_SA_chr01A_2566-Zo_SB_chr01B_2571	586.402549388467	-0.469602693259049	0.192992231859797	-2.43327251430617	0.014963034504084	0.0487787241631853
