baseMean	log2FoldChange	lfcSE	stat	pvalue	padj
Zo_SA_chr01A_1233-Zo_SB_chr01B_1261	570.571942664861	2.62542914321084	0.166439761286078	15.7740501603955	4.694065594951e-56	5.8149168675015e-54
Zo_SA_chr02A_1571-Zo_SB_chr02B_1559	566.786701794132	2.99970092990031	0.197461621820867	15.1913111127061	4.03762220318123e-52	4.45806155868641e-50
Zo_SA_chr02A_2488-Zo_SB_chr02B_2445	275.104920867658	2.75199629930045	0.221579998329827	12.4198768843929	2.03874992849702e-35	1.43816817872727e-33
Zo_SA_chr01A_3644-Zo_SB_chr01B_3636	590.998716196833	2.32538454161513	0.191505163041478	12.1426728380763	6.27424503739072e-34	4.30633656012263e-32
Zo_SA_chr02A_1591-Zo_SB_chr02B_1575	848.99601749435	2.39028488220154	0.198689121802482	12.0302755405892	2.46337270742464e-33	1.64624605013286e-31
Zo_SA_chr01A_2188-Zo_SB_chr01B_2207	1178.69608435163	2.13973622344905	0.180712476182592	11.8405561621936	2.40850471548388e-32	1.5484551202459e-30
Zo_SA_chr01A_2752-Zo_SB_chr01B_2736	377.408845585649	2.4617918330911	0.211967213139592	11.6140217943512	3.49768458688816e-31	2.11485000200059e-29
Zo_SA_chr01A_1983-Zo_SB_chr01B_2012	2814.22496233621	2.87917620740553	0.257670860572119	11.1738525691759	5.47533986820088e-29	3.12463496523509e-27
Zo_SA_chr01A_1299-Zo_SB_chr01B_1326	380.504133421551	2.75663512710534	0.249655136573864	11.0417721218796	2.40247536776508e-28	1.31206154762138e-26
Zo_SA_chr02A_834-Zo_SB_chr02B_789	393.634162080986	2.18277289116675	0.214453033110066	10.1783260395597	2.47787097798678e-24	1.17617819599952e-22
Zo_SA_chr01A_2113-Zo_SB_chr01B_2137	5617.87294100521	1.64122530400822	0.161695806249774	10.1500795974448	3.31093268906591e-24	1.55284703011739e-22
Zo_SA_chr02A_2304-Zo_SB_chr02B_2273	519.805097266242	1.88784773711128	0.186764405052427	10.108177393767	5.08208988684127e-24	2.3253995076817e-22
Zo_SA_chr01A_901-Zo_SB_chr01B_938	621.959540891226	1.69484383849936	0.169120278826016	10.0215293533364	1.22591092657809e-23	5.41426225746967e-22
Zo_SA_chr02A_1623-Zo_SB_chr02B_1605	273.925175953462	2.50627404487326	0.253122218804395	9.90143835144728	4.1033054291288e-23	1.76616002326654e-21
Zo_SA_chr02A_235-Zo_SB_chr02B_221	847.779545006851	1.52969832349472	0.163896242896347	9.33333367783269	1.02592235846599e-20	3.77584033235418e-19
Zo_SA_chr02A_3039-Zo_SB_chr02B_3036	2087.55345678561	1.30949419210172	0.141521820599118	9.2529490262216	2.1838258640001e-20	7.86641954840888e-19
Zo_SA_chr02A_2898-Zo_SB_chr02B_2870	1162.84214702515	1.67359220150983	0.18584355634898	9.00538191578264	2.14916461194902e-19	7.32591078126783e-18
Zo_SA_chr02A_1472-Zo_SB_chr02B_1462	4248.28638294228	1.49682337084541	0.1671009257235	8.95760070965846	3.31819606205018e-19	1.11610051650019e-17
Zo_SA_chr01A_2345-Zo_SB_chr01B_2362	250.91879579664	1.94047921702678	0.218366630130932	8.88633586488592	6.31572427429102e-19	2.08295867461845e-17
Zo_SA_chr02A_80-Zo_SB_chr02B_78	322.640600798862	2.18364006216712	0.246925167049193	8.84332726494455	9.29095886500707e-19	3.00565478187076e-17
Zo_SA_chr02A_137-Zo_SB_chr02B_128	333.607344448087	1.79295671486701	0.205583344152734	8.72131311150853	2.74993831618031e-18	8.72933544242486e-17
Zo_SA_chr01A_446-Zo_SB_chr01B_502	1038.86819807187	1.2968519541276	0.149655175346407	8.66560044532888	4.4913951597642e-18	1.3994966881253e-16
Zo_SA_chr02A_1919-Zo_SB_chr02B_1874	2345.77876853008	1.35839268362108	0.157640302783796	8.61703929536419	6.8707559950237e-18	2.08961495201948e-16
Zo_SA_chr02A_1915-Zo_SB_chr02B_1870	518.35468760524	2.14957942975521	0.253339724456124	8.48496789980324	2.15778290105152e-17	6.44669373790629e-16
Zo_SA_chr01A_1323-Zo_SB_chr01B_1347	547.630742626925	1.89823771532134	0.228376897988757	8.31186399341841	9.42103665297711e-17	2.70335848364242e-15
Zo_SA_chr01A_2264-Zo_SB_chr01B_2282	601.587972298805	2.48657633912873	0.299832936174377	8.29320611289546	1.1023608164009e-16	3.14544414971921e-15
Zo_SA_chr01A_2838-Zo_SB_chr01B_2835	192.08221198774	2.33852110172212	0.28260414303656	8.27490027780518	1.28563171299171e-16	3.62762415015829e-15
Zo_SA_chr02A_657-Zo_SB_chr02B_633	3487.0586014556	1.3389847839718	0.167767992000227	7.98116951873623	1.44953227509428e-15	3.91605022617226e-14
Zo_SA_chr02A_2704-Zo_SB_chr02B_2670	500.713956717454	2.34632987986088	0.294072063373848	7.97875817560417	1.47812844059113e-15	3.97217690463618e-14
Zo_SA_chr01A_1428-Zo_SB_chr01B_1458	367.250201316248	2.50273214900874	0.317597888447683	7.88019139938648	3.26879977840598e-15	8.60219382099686e-14
Zo_SA_chr01A_613-Zo_SB_chr01B_661	187.005223149226	2.21162552958801	0.285369255680878	7.75004835160386	9.18575652026021e-15	2.36824656682242e-13
Zo_SA_chr02A_2190-Zo_SB_chr02B_2160	842.043035016124	2.68260579624106	0.347307384543875	7.72401024459694	1.12725775973688e-14	2.87705636266513e-13
Zo_SA_chr01A_2846-Zo_SB_chr01B_2843	133.125208529135	2.61972294550627	0.341064815544245	7.68101201329114	1.5783667644101e-14	3.96857663190044e-13
Zo_SA_chr01A_29-Zo_SB_chr01B_76	1256.1980703066	1.10464854907299	0.14545123103546	7.59463183095152	3.08668765567341e-14	7.53715702075252e-13
Zo_SA_chr01A_2022-Zo_SB_chr01B_2048	387.941293956565	1.90806601764848	0.257104977852747	7.42134996212054	1.15932535368601e-13	2.75150162213611e-12
Zo_SA_chr02A_1377-Zo_SB_chr02B_1359	208.868565370024	2.28756851626538	0.309325253007436	7.39535002080928	1.41036265598054e-13	3.30102853904385e-12
Zo_SA_chr01A_2642-Zo_SB_chr01B_2641	222.624377522547	2.94610808993942	0.407005461256634	7.23849768709067	4.53681945395814e-13	1.02868330386845e-11
Zo_SA_chr01A_1075-Zo_SB_chr01B_1101	318.794304576049	2.00135092931502	0.277497260348625	7.21214662372048	5.50766206384277e-13	1.2263757420272e-11
Zo_SA_chr01A_2682-Zo_SB_chr01B_2676	113.104542731862	2.77824051000016	0.385808328475794	7.20109003601894	5.97330859774884e-13	1.31906236382462e-11
Zo_SA_chr02A_1282-Zo_SB_chr02B_1275	3170.24932995642	1.77266638454898	0.248476070752815	7.13415331777535	9.73847346589607e-13	2.11374815099513e-11
Zo_SA_chr02A_1921-Zo_SB_chr02B_1876	746.326415249484	2.32987066943774	0.329199444900019	7.07738334779192	1.46901755903267e-12	3.1349328497172e-11
Zo_SA_chr02A_3712-Zo_SB_chr02B_3726	302.862047420615	1.6018486379761	0.226964887575757	7.05769361545596	1.69288801107483e-12	3.58257425343712e-11
Zo_SA_chr02A_1274-Zo_SB_chr02B_1267	457.78561303713	1.18088702032036	0.168693054417451	7.00021126772717	2.55576819719311e-12	5.319978144895e-11
Zo_SA_chr01A_3402-Zo_SB_chr01B_3417	238.64776940921	2.07176282709047	0.29659128300668	6.98524517001334	2.84358962802721e-12	5.84720312580979e-11
Zo_SA_chr02A_1016-Zo_SB_chr02B_991	284.568816976287	1.54577257973582	0.222180992702552	6.95726741038215	3.46936056985722e-12	7.10519448963904e-11
Zo_SA_chr02A_1222-Zo_SB_chr02B_1202	2278.063968405	1.11112575194392	0.16213197598372	6.85321785047195	7.22069939507804e-12	1.44956253864037e-10
Zo_SA_chr01A_2236-Zo_SB_chr01B_2251	353.692770673892	2.30418924322606	0.337224102588827	6.83281303304565	8.32654490260175e-12	1.6649811637919e-10
Zo_SA_chr01A_3693-Zo_SB_chr01B_3684	839.488548664942	1.67285982642318	0.246361716145951	6.79025886242867	1.11932520200897e-11	2.22072371132951e-10
Zo_SA_chr02A_3547-Zo_SB_chr02B_3581	289.672825097049	1.70585928448794	0.251436674874349	6.78444894858878	1.1653043172958e-11	2.29402349904858e-10
Zo_SA_chr02A_268-Zo_SB_chr02B_267	553.034066972218	1.66857793729108	0.247094618982348	6.7527894543518	1.45029332355957e-11	2.77963765673927e-10
Zo_SA_chr01A_1340-Zo_SB_chr01B_1365	103.338019213645	2.2457317041865	0.334656051889022	6.71056653991489	1.93870214596942e-11	3.66047144958316e-10
Zo_SA_chr01A_1395-Zo_SB_chr01B_1421	723.770315484725	1.16124148051395	0.174029874878935	6.67265595244366	2.51214860451851e-11	4.67370064554928e-10
Zo_SA_chr02A_669-Zo_SB_chr02B_642	484.764033835576	1.86722388715459	0.28058145407233	6.65483716066725	2.83613883550341e-11	5.25291144401803e-10
Zo_SA_chr01A_3785-Zo_SB_chr01B_3768	246.703084296849	1.61901053917198	0.243664151643191	6.64443467885571	3.04383058416314e-11	5.60130997716109e-10
Zo_SA_chr01A_1460-Zo_SB_chr01B_1494	124.145074709778	2.04014661109117	0.307950624787358	6.62491466773256	3.47448833147782e-11	6.34781519265318e-10
Zo_SA_chr02A_3264-Zo_SB_chr02B_3258	169.634620430382	1.94143733358512	0.293562587210346	6.61336770476826	3.75673741037933e-11	6.8388778879271e-10
Zo_SA_chr02A_181-Zo_SB_chr02B_171	331.939105052686	1.92256208637684	0.291163313184578	6.60303685017511	4.02819359522444e-11	7.30685545362318e-10
Zo_SA_chr01A_1720-Zo_SB_chr01B_1750	690.898908498196	1.36511814783131	0.207251216464103	6.58677990470445	4.49467797192278e-11	8.06659696798438e-10
Zo_SA_chr01A_4173-Zo_SB_chr01B_4198	838.030725958439	1.15935090018189	0.176183116788994	6.58037456319032	4.69264583546329e-11	8.3922352810979e-10
Zo_SA_chr01A_1880-Zo_SB_chr01B_1917	504.671905040099	1.33806402495183	0.203406506320931	6.57827544041614	4.7593597286786e-11	8.48168002173987e-10
Zo_SA_chr02A_982-Zo_SB_chr02B_955	223.690355783551	1.74132435990348	0.266532975595589	6.5332417349574	6.43611343033633e-11	1.12720759009235e-09
Zo_SA_chr02A_3238-Zo_SB_chr02B_3234	914.472130320529	1.08168499746645	0.166640593291591	6.49112545809107	8.51974921499402e-11	1.47685345607354e-09
Zo_SA_chr02A_1414-Zo_SB_chr02B_1400	308.113903679055	2.45364715541667	0.379547046889847	6.46467197024135	1.01518787076716e-10	1.74193891744135e-09
Zo_SA_chr02A_1812-Zo_SB_chr02B_1788	854.67834714027	1.35769405141173	0.210237459346704	6.45790743300767	1.0616064046529e-10	1.81545418492662e-09
Zo_SA_chr01A_4193-Zo_SB_chr01B_4216	414.750403416986	1.56348955272865	0.243299688775144	6.42618805062925	1.30843523742381e-10	2.22258948858714e-09
Zo_SA_chr01A_1964-Zo_SB_chr01B_1999	114.666268599928	2.7457879515552	0.428728048830373	6.40449804729612	1.50864884995458e-10	2.53722765196004e-09
Zo_SA_chr02A_3516-Zo_SB_chr02B_3549	312.807899133297	1.67630310273264	0.262088342907788	6.39594681752948	1.59555535151206e-10	2.66573211524005e-09
Zo_SA_chr01A_1645-Zo_SB_chr01B_1662	431.09259086382	1.54210796800382	0.242112314847933	6.36939087122601	1.89780394685378e-10	3.12952800197089e-09
Zo_SA_chr01A_2-Zo_SB_chr01B_48	392.612536322596	1.39985860970549	0.220687649655841	6.3431669687386	2.25089245633317e-10	3.68783315668264e-09
Zo_SA_chr01A_90-Zo_SB_chr01B_156	690.822767748017	1.00010597977771	0.15780858026549	6.3374626277936	2.3357984177423e-10	3.81463670858944e-09
Zo_SA_chr01A_1019-Zo_SB_chr01B_1055	219.451280872121	1.59730152578012	0.252622571634731	6.32287730840485	2.56737148687653e-10	4.166031879184e-09
Zo_SA_chr02A_1626-Zo_SB_chr02B_1608	239.560624978958	1.577788300438	0.250544029879202	6.29744919964254	3.02583476273443e-10	4.89433591080515e-09
Zo_SA_chr02A_787-Zo_SB_chr02B_746	87.8539219287405	2.59577382104972	0.412421752576648	6.29397893014215	3.09429844559057e-10	4.98918787465222e-09
Zo_SA_chr02A_1890-Zo_SB_chr02B_1852	604.757768853047	1.13658291336441	0.180736314903237	6.28862502797469	3.20290057677501e-10	5.14795317387351e-09
Zo_SA_chr01A_1857-Zo_SB_chr01B_1885	390.999840238951	1.50594641729761	0.240958819534397	6.24980824610422	4.1095691706716e-10	6.54310401813199e-09
Zo_SA_chr02A_3598-Zo_SB_chr02B_3618	392.809169596667	1.81914418571095	0.291704501328785	6.23625681957019	4.48165120527413e-10	7.09106120610197e-09
Zo_SA_chr01A_2786-Zo_SB_chr01B_2779	1045.75954331822	1.04981517512755	0.168464794828785	6.23165912020078	4.61520882346617e-10	7.27970360695176e-09
Zo_SA_chr02A_3137-Zo_SB_chr02B_3137	145.945378934327	2.17795558072318	0.351298231931843	6.19973396605575	5.65586809757544e-10	8.75797380109319e-09
Zo_SA_chr02A_2529-Zo_SB_chr02B_2477	213.689144778174	1.56509235546452	0.253372339359885	6.17704505321512	6.53124403181571e-10	1.00218091956471e-08
Zo_SA_chr02A_1024-Zo_SB_chr02B_1002	118.707516227006	2.55405783218082	0.416902656428222	6.12626902899228	8.99636433670944e-10	1.35185013213453e-08
Zo_SA_chr02A_886-Zo_SB_chr02B_853	103.755037931116	2.23758116237909	0.367340212218166	6.09130470325468	1.11994153117998e-09	1.67299501084209e-08
Zo_SA_chr02A_2886-Zo_SB_chr02B_2858	498.481107678775	1.74171849794688	0.286207494574816	6.08550974716559	1.16121259339004e-09	1.71947485767581e-08
Zo_SA_chr01A_815-Zo_SB_chr01B_862	190.590377398893	2.09011680424287	0.344323514027538	6.07021222511021	1.27741327036817e-09	1.88604127912789e-08
Zo_SA_chr01A_1920-Zo_SB_chr01B_1951	922.105263917368	1.05939440240913	0.175624554506159	6.03215424738331	1.61788235928373e-09	2.36807622559137e-08
Zo_SA_chr02A_1126-Zo_SB_chr02B_1101	426.751454235705	1.37144273863219	0.227496170359757	6.02842121018311	1.65569079094718e-09	2.41645216299447e-08
Zo_SA_chr02A_3169-Zo_SB_chr02B_3173	487.587803349007	1.22736937817283	0.204738877953776	5.99480367597761	2.0373141795573e-09	2.95643391942043e-08
Zo_SA_chr01A_1276-Zo_SB_chr01B_1294	263.548653283881	1.73111153386599	0.290929604413814	5.95027631290381	2.67690186232641e-09	3.83149385895516e-08
Zo_SA_chr02A_974-Zo_SB_chr02B_946	371.339393514291	1.24050552121424	0.209928889297657	5.90917012596266	3.43835465944694e-09	4.81085490780469e-08
Zo_SA_chr01A_2551-Zo_SB_chr01B_2563	610.318079137285	1.08187014770082	0.183222080869385	5.90469305100877	3.53303934912677e-09	4.92975463027881e-08
Zo_SA_chr01A_4017-Zo_SB_chr01B_3992	130.156945091862	2.67196175613551	0.45411991520567	5.88382422058143	4.00893610672105e-09	5.57846205096882e-08
Zo_SA_chr02A_1525-Zo_SB_chr02B_1510	499.00239239289	1.14345371224647	0.195362026783463	5.85299882005145	4.8278755247947e-09	6.6451977751849e-08
Zo_SA_chr02A_1458-Zo_SB_chr02B_1449	1993.05471951511	1.29886475532935	0.222167817216006	5.84632271048739	5.0255864631152e-09	6.86154667907584e-08
Zo_SA_chr02A_3441-Zo_SB_chr02B_3472	174.40778875784	1.34776786591742	0.230580265761141	5.84511368077604	5.0622243930144e-09	6.89303959574266e-08
Zo_SA_chr01A_1042-Zo_SB_chr01B_1079	708.017606075746	1.63157349335796	0.279387777561161	5.8398170013031	5.22581920228226e-09	7.09677425892823e-08
Zo_SA_chr02A_3621-Zo_SB_chr02B_3639	199.036398473692	1.37098503494861	0.235767717897818	5.81498199657172	6.0640412158096e-09	8.19129397210025e-08
Zo_SA_chr02A_1378-Zo_SB_chr02B_1360	551.008512379217	1.06331460164898	0.183815458191991	5.78468542367297	7.26481497682934e-09	9.76137440934292e-08
Zo_SA_chr01A_2652-Zo_SB_chr01B_2652	109.783170274762	1.93977738858017	0.335567364668328	5.7805901074362	7.44390548828883e-09	9.9493673618471e-08
Zo_SA_chr01A_430-Zo_SB_chr01B_483	1138.05004365121	1.29042262876506	0.22334557284285	5.77769513109186	7.57308694160088e-09	1.00954615686065e-07
Zo_SA_chr01A_4134-Zo_SB_chr01B_4156	654.00034709457	1.45102064150476	0.251508038667226	5.76928136847598	7.96102874610336e-09	1.05571971283183e-07
Zo_SA_chr02A_3481-Zo_SB_chr02B_3510	1122.52494793739	1.04488620537843	0.181606586192248	5.75356999592691	8.73782450249171e-09	1.14972566445998e-07
Zo_SA_chr01A_242-Zo_SB_chr01B_303	170.866170612805	1.5163047217855	0.266808960426909	5.68311019000009	1.32266987971555e-08	1.70071906812032e-07
Zo_SA_chr02A_3638-Zo_SB_chr02B_3658	237.037099965913	1.40171765673825	0.246836290676095	5.67873408281612	1.35695240451117e-08	1.74039425821016e-07
Zo_SA_chr01A_1193-Zo_SB_chr01B_1208	72.2063217187208	2.71891792792814	0.480537894393874	5.65807183917857	1.53083060996776e-08	1.94864377644769e-07
Zo_SA_chr02A_2591-Zo_SB_chr02B_2536	583.613669009748	1.04584241874034	0.185450266713844	5.63947648753778	1.70567939812594e-08	2.13904831187201e-07
Zo_SA_chr01A_2760-Zo_SB_chr01B_2749	298.334399474951	2.43949883255351	0.433369996966762	5.62913641836774	1.81114114618502e-08	2.24909190256081e-07
Zo_SA_chr02A_1496-Zo_SB_chr02B_1483	573.568656516515	1.00317301539651	0.179695968551168	5.58261280698047	2.36931831357991e-08	2.88579561502934e-07
Zo_SA_chr01A_2863-Zo_SB_chr01B_2861	269.801501621695	1.4705506915352	0.26399313629766	5.57041259541349	2.54136784072198e-08	3.08794432129832e-07
Zo_SA_chr02A_2009-Zo_SB_chr02B_1956	87.4323536277076	2.0612119464523	0.37315883595763	5.52368521882284	3.31961986812254e-08	3.94855955742258e-07
Zo_SA_chr02A_3335-Zo_SB_chr02B_3334	1450.5615929742	1.13206567627244	0.206019230626095	5.49495148017047	3.90817850827093e-08	4.61619503337396e-07
Zo_SA_chr02A_2897-Zo_SB_chr02B_2868	79.2695174574799	2.59451234321509	0.473184161805387	5.48309210797754	4.17955263695699e-08	4.90252837023199e-07
Zo_SA_chr01A_3145-Zo_SB_chr01B_3150	613.977505997883	1.09411561260807	0.200718689731047	5.45099020960195	5.00901282273486e-08	5.8216879008399e-07
Zo_SA_chr02A_3662-Zo_SB_chr02B_3683	307.897652495537	1.14978610887952	0.210987780030247	5.44953887241567	5.05005849712109e-08	5.84265309951664e-07
Zo_SA_chr01A_2974-Zo_SB_chr01B_2971	224.96946586854	1.31850963186515	0.242415101705505	5.43905731362778	5.35632236277795e-08	6.15492336664009e-07
Zo_SA_chr02A_457-Zo_SB_chr02B_438	495.067923884511	1.20803282974306	0.22300143157383	5.41715280129541	6.05555868538089e-08	6.88057775459722e-07
Zo_SA_chr01A_2640-Zo_SB_chr01B_2638	138.539051063929	2.36783970848455	0.438403005814567	5.40105719413358	6.62492974892779e-08	7.46075791459075e-07
Zo_SA_chr02A_1901-Zo_SB_chr02B_1859	279.458722585285	1.21885582901696	0.225756235534765	5.39899075713132	6.70168262064178e-08	7.53049690934504e-07
Zo_SA_chr01A_1406-Zo_SB_chr01B_1434	186.290289870947	1.80880017320117	0.340031512392103	5.31950747881088	1.04048536657213e-07	1.13892783983187e-06
Zo_SA_chr02A_853-Zo_SB_chr02B_772	600.243696741724	1.40593748582705	0.26592134070108	5.28704271015033	1.24309623411482e-07	1.35486819164575e-06
Zo_SA_chr01A_4069-Zo_SB_chr01B_4067	105.533916353464	1.92327690170208	0.365331438951444	5.2644713721386	1.40593304324566e-07	1.51930509077547e-06
Zo_SA_chr01A_786-Zo_SB_chr01B_830	125.009549556708	1.55327752428746	0.298797841793942	5.19842283652983	2.0098652479538e-07	2.14455999881457e-06
Zo_SA_chr01A_1440-Zo_SB_chr01B_1464	316.130988397038	1.01850002627687	0.196508478605614	5.18298260463846	2.18365412005173e-07	2.32024671040643e-06
Zo_SA_chr02A_2539-Zo_SB_chr02B_2486	555.147165247498	1.1055292306544	0.213477943085927	5.17865787290919	2.23487900117471e-07	2.36971825615164e-06
Zo_SA_chr01A_3885-Zo_SB_chr01B_3873	474.463031640899	1.31740496376334	0.255753187047175	5.15107936277774	2.58991555372264e-07	2.70662162497063e-06
Zo_SA_chr02A_2248-Zo_SB_chr02B_2216	86.7178674539574	2.30840120021324	0.448191383982401	5.15048098359669	2.59819276276175e-07	2.70969631253941e-06
Zo_SA_chr01A_410-Zo_SB_chr01B_461	310.55362751257	1.48596303609122	0.289829787536438	5.12701971982229	2.94364694823824e-07	3.04496595725092e-06
Zo_SA_chr02A_1983-Zo_SB_chr02B_1942	76.4802358873095	2.89890948907719	0.565527139926207	5.12603071437995	2.95914353023653e-07	3.05477438822588e-06
Zo_SA_chr02A_3514-Zo_SB_chr02B_3545	275.405476137485	1.65946244564202	0.324994484769567	5.10612494491605	3.28832306981877e-07	3.37401876194132e-06
Zo_SA_chr02A_1476-Zo_SB_chr02B_1465	76.1571114515686	2.51450236791018	0.493176092361692	5.09858934132205	3.4219401709852e-07	3.50403913879714e-06
Zo_SA_chr01A_1067-Zo_SB_chr01B_1093	2770.72068876291	1.64427105848183	0.325376142125299	5.05344690530089	4.33906979163965e-07	4.35536274145015e-06
Zo_SA_chr02A_3167-Zo_SB_chr02B_3171	68.4950369836182	1.70029671156059	0.336534927865441	5.05236327873946	4.36376709117812e-07	4.36290808190821e-06
Zo_SA_chr02A_1250-Zo_SB_chr02B_1239	908.467361270721	1.12434649173775	0.222808770894262	5.04623981912872	4.50589774549872e-07	4.4873440488996e-06
Zo_SA_chr02A_134-Zo_SB_chr02B_125	3617.10593753701	1.29960940823578	0.259794481620447	5.00245193866156	5.66056969621574e-07	5.5182405925297e-06
Zo_SA_chr02A_273-Zo_SB_chr02B_272	136.845723207689	1.93387551494246	0.388215195213373	4.98145239750224	6.31088096070333e-07	6.04772913196457e-06
Zo_SA_chr02A_1502-Zo_SB_chr02B_1489	87.4236714230985	2.87995128412204	0.58074711569158	4.95904535090538	7.08404300781484e-07	6.77586712555397e-06
Zo_SA_chr02A_1408-Zo_SB_chr02B_1392	290.817929603607	1.1505909832316	0.232408412694419	4.95072863280746	7.39361396731719e-07	7.05867769548947e-06
Zo_SA_chr01A_537-Zo_SB_chr01B_592	140.960674718291	1.60473902201766	0.325211521026113	4.93444702375353	8.03781577242189e-07	7.64432535246112e-06
Zo_SA_chr02A_2671-Zo_SB_chr02B_2617	257.70530254997	1.28061551179962	0.259603330734164	4.93297026728438	8.09884873129844e-07	7.67426356460164e-06
Zo_SA_chr02A_2797-Zo_SB_chr02B_2759	659.226064013772	1.17401383996938	0.238451271457204	4.92349582702932	8.50116905085209e-07	8.04049117491206e-06
Zo_SA_chr02A_1647-Zo_SB_chr02B_1630	28.6498578008897	2.57523614438908	0.524586582111822	4.9090774186827	9.15058515413761e-07	8.62260148383394e-06
Zo_SA_chr02A_859-Zo_SB_chr02B_765	288.783078718162	1.20083646432647	0.245704677997925	4.88731624530411	1.02219826584469e-06	9.5788652993084e-06
Zo_SA_chr02A_2209-Zo_SB_chr02B_2179	299.085515146615	1.20016138878372	0.245851945327961	4.88164284070534	1.05205675084486e-06	9.82241955430343e-06
Zo_SA_chr01A_414-Zo_SB_chr01B_466	318.005233503905	1.42741344644825	0.294504897999054	4.84682413143713	1.25453545697633e-06	1.16061668232838e-05
Zo_SA_chr02A_1044-Zo_SB_chr02B_1025	1258.71472436433	2.1347154073804	0.441650290780891	4.83349711738209	1.3415522253602e-06	1.23886250047354e-05
Zo_SA_chr01A_2400-Zo_SB_chr01B_2411	281.254205080437	1.1353205403161	0.235707100831059	4.81665820127257	1.45982432102016e-06	1.34076812413407e-05
Zo_SA_chr02A_2409-Zo_SB_chr02B_2375	408.948518742379	1.40887656526461	0.292823705348658	4.81134737225969	1.49916195999949e-06	1.36946827245277e-05
Zo_SA_chr01A_3623-Zo_SB_chr01B_3617	101.753718594243	1.78188974306844	0.370810505210247	4.80539175139637	1.54448785177697e-06	1.40833999985193e-05
Zo_SA_chr02A_3395-Zo_SB_chr02B_3418	252.960214538351	1.05261966965254	0.219812596337271	4.78871405548318	1.67853455418993e-06	1.51965721938158e-05
Zo_SA_chr02A_2922-Zo_SB_chr02B_2894	82.6040091414861	1.772378007125	0.370423470437984	4.78473463095998	1.7121338769742e-06	1.54731814255373e-05
Zo_SA_chr01A_360-Zo_SB_chr01B_413	797.487747817098	1.00109871285287	0.213473969964232	4.68955869898613	2.73794885977499e-06	2.40984816526262e-05
Zo_SA_chr01A_3848-Zo_SB_chr01B_3837	183.573289058586	1.35190854942867	0.288301230165725	4.68922227162039	2.74245371041897e-06	2.40984816526262e-05
Zo_SA_chr01A_4030-Zo_SB_chr01B_4005	404.391755893264	1.27049893500696	0.272220958911837	4.66716060396523	3.05390618494879e-06	2.6514170108299e-05
Zo_SA_chr02A_102-Zo_SB_chr02B_99	626.705453222623	1.63115921097105	0.352261914372984	4.63052957023316	3.6473168813369e-06	3.12917608789022e-05
Zo_SA_chr02A_1520-Zo_SB_chr02B_1505	42.8743207982679	2.3822225996482	0.514691921174118	4.62844373817615	3.68423924438943e-06	3.15552295484889e-05
Zo_SA_chr02A_1659-Zo_SB_chr02B_1640	118.373634986299	1.21029096500287	0.262720469080983	4.60676310923378	4.08985475019025e-06	3.4736408488656e-05
Zo_SA_chr01A_2778-Zo_SB_chr01B_2773	90.2106366092587	1.48601466497097	0.324166322551	4.58411180185807	4.55920257104894e-06	3.83380626794e-05
Zo_SA_chr01A_1195-Zo_SB_chr01B_1218	257.028390460679	1.2588693847338	0.274730938314232	4.58219009645697	4.60131315013155e-06	3.85009382034895e-05
Zo_SA_chr02A_1208-Zo_SB_chr02B_1184	120.252314107495	2.15234011554427	0.469652499663323	4.58283543063692	4.58713047795229e-06	3.85009382034895e-05
Zo_SA_chr02A_3414-Zo_SB_chr02B_3443	27.3925584207993	2.5700956388355	0.561149968808949	4.58005129054998	4.64861915766245e-06	3.87890648458745e-05
Zo_SA_chr01A_1811-Zo_SB_chr01B_1839	236.032076045025	1.02250876869639	0.225030575240601	4.54386595067418	5.52317888877254e-06	4.57621950670077e-05
Zo_SA_chr01A_923-Zo_SB_chr01B_956	58.8850517578825	2.28822446321582	0.505187880534306	4.52945241044917	5.91367518955576e-06	4.87590199476522e-05
Zo_SA_chr01A_1597-Zo_SB_chr01B_1619	242.855684011581	1.01628971146626	0.22458746067401	4.52514004306505	6.03555260889584e-06	4.96028668294207e-05
Zo_SA_chr01A_1809-Zo_SB_chr01B_1838	402.744075591492	1.27427800262227	0.285302584650306	4.4664088977117	7.95435117485766e-06	6.41272216144477e-05
Zo_SA_chr01A_725-Zo_SB_chr01B_766	228.43469188786	2.03811488476043	0.458188613863521	4.44820063854209	8.65926264540924e-06	6.95892325570151e-05
Zo_SA_chr01A_2445-Zo_SB_chr01B_2456	38.9244165245733	2.63430320460791	0.594324381741088	4.43243334034294	9.31755138547765e-06	7.42917480170188e-05
Zo_SA_chr02A_2655-Zo_SB_chr02B_2602	316.473461525127	1.96226494541738	0.44281215315656	4.43137102590679	9.36358130271109e-06	7.45417389286358e-05
Zo_SA_chr01A_642-Zo_SB_chr01B_690	103.21856603085	2.31914367156745	0.524138775678777	4.42467487463427	9.658763643257e-06	7.65317637193484e-05
Zo_SA_chr02A_1281-Zo_SB_chr02B_1274	4780.38223198321	1.1218260557384	0.253578219651815	4.42398427309239	9.68970770838566e-06	7.66573605154062e-05
Zo_SA_chr02A_896-Zo_SB_chr02B_861	151.739174629268	1.65753291707639	0.375094156776254	4.41897824088239	9.91686301384931e-06	7.8332421846564e-05
Zo_SA_chr01A_1291-Zo_SB_chr01B_1319	240.283941655135	1.111166557326	0.251771219337728	4.41339784685822	1.01760744750753e-05	8.00066288837579e-05
Zo_SA_chr01A_1368-Zo_SB_chr01B_1390	75.6324457009023	1.42047026176654	0.322130736459747	4.40960796655937	1.03557918973368e-05	8.12937666871308e-05
Zo_SA_chr02A_224-Zo_SB_chr02B_209	239.237312663735	1.1100514018717	0.252423736647283	4.39757138776056	1.09468884936524e-05	8.51443287278106e-05
Zo_SA_chr02A_3315-Zo_SB_chr02B_3312	279.235141043263	1.8248074454768	0.41697208846292	4.37632996540265	1.20694262167971e-05	9.33038291554224e-05
Zo_SA_chr01A_678-Zo_SB_chr01B_725	195.014421221548	1.74480967601667	0.40026682906229	4.35911634272633	1.30588677592381e-05	0.000100646417828787
Zo_SA_chr01A_3026-Zo_SB_chr01B_3025	336.975968235635	1.42963545223846	0.328796365364989	4.34808776140654	1.37329654096865e-05	0.000105362131896976
Zo_SA_chr02A_96-Zo_SB_chr02B_94	187.625877460025	1.08191990021477	0.249142688703473	4.34257134273146	1.40824733496647e-05	0.000107880666882273
Zo_SA_chr01A_1897-Zo_SB_chr01B_1929	56.7121034905695	1.65048286920826	0.380988914391014	4.33210208188459	1.47692431101297e-05	0.000112463247011018
Zo_SA_chr02A_5-Zo_SB_chr02B_6	397.846312890343	1.06531884159497	0.246236579288298	4.32640367517319	1.51563553122158e-05	0.000114894221836931
Zo_SA_chr01A_3768-Zo_SB_chr01B_3753	234.672596199892	1.20122574534624	0.27790232095868	4.32247467816164	1.54288795821723e-05	0.000116612022913472
Zo_SA_chr02A_3737-Zo_SB_chr02B_3750	48.2085684311626	1.91941229438609	0.444435579515574	4.31876380482007	1.56905592931071e-05	0.00011841359680489
Zo_SA_chr02A_144-Zo_SB_chr02B_134	427.91553921818	1.88768587546846	0.437355773103502	4.31613343542564	1.58786016589265e-05	0.000119477656038056
Zo_SA_chr01A_1117-Zo_SB_chr01B_1143	266.236725886283	1.70400255115853	0.395814983116428	4.30504812562212	1.66949438133246e-05	0.000124696499452759
Zo_SA_chr02A_2369-Zo_SB_chr02B_2335	104.285381446673	2.89378746830687	0.672159543665515	4.30520922536644	1.66827987692428e-05	0.000124696499452759
Zo_SA_chr01A_3231-Zo_SB_chr01B_3239	213.875102685461	1.02228435142881	0.237820334212169	4.29855737447913	1.71913401863666e-05	0.000128027590625449
Zo_SA_chr01A_318-Zo_SB_chr01B_377	186.854170294207	1.15852061209088	0.270173805402598	4.28805675799886	1.80243042320621e-05	0.00013306023429454
Zo_SA_chr01A_935-Zo_SB_chr01B_967	292.106796817255	1.04551780601665	0.245243755234473	4.26317809812137	2.01539757385527e-05	0.000147922027133106
Zo_SA_chr01A_1039-Zo_SB_chr01B_1076	85.6746437624995	1.55367335626678	0.367938900288394	4.2226395606689	2.41457793635554e-05	0.000174485420748344
Zo_SA_chr02A_1133-Zo_SB_chr02B_1109	82.6372326975271	1.55557610863264	0.368902372982092	4.21676904937708	2.47827559247788e-05	0.000178288409832793
Zo_SA_chr01A_2921-Zo_SB_chr01B_2919	343.735477796501	1.09274791237393	0.259247128762067	4.21508202459914	2.49687423370598e-05	0.000179372337100321
Zo_SA_chr02A_607-Zo_SB_chr02B_591	82.5336379621171	1.64930731605974	0.391319482154885	4.21473346273862	2.50073347648859e-05	0.000179395837953186
Zo_SA_chr01A_361-Zo_SB_chr01B_414	110.632407017171	1.42903915206335	0.340203424007444	4.20054311984842	2.66275447047138e-05	0.000189884810570447
Zo_SA_chr02A_1251-Zo_SB_chr02B_1252	87.4165403454627	1.79209915980778	0.428438311961684	4.18286392643628	2.87859700145571e-05	0.000203626659754785
Zo_SA_chr02A_575-Zo_SB_chr02B_560	695.413254104518	1.49981642409323	0.359082976237179	4.17679623748741	2.95643637745969e-05	0.000208842007804141
Zo_SA_chr01A_75-Zo_SB_chr01B_133	87.8229116896889	2.73408166142153	0.65667352003111	4.1635326810376	3.13361149345521e-05	0.000221050177434153
Zo_SA_chr01A_2160-Zo_SB_chr01B_2178	100.447259268642	1.64620502542453	0.395510271797496	4.16223077581004	3.15153605408141e-05	0.000222006263781962
Zo_SA_chr01A_1933-Zo_SB_chr01B_1965	138.223577806353	1.14432005137745	0.275895814148953	4.14765281926184	3.35901253949908e-05	0.000234992075593882
Zo_SA_chr01A_3935-Zo_SB_chr01B_3924	23.899124632223	2.48442106783547	0.599541740792118	4.14386672152808	3.41498263899668e-05	0.000237598586622797
Zo_SA_chr01A_3883-Zo_SB_chr01B_3871	153.480642434115	1.02415034383613	0.247918776942697	4.13099143383096	3.61202043077952e-05	0.000250963772475092
Zo_SA_chr02A_1790-Zo_SB_chr02B_1764	253.059932851355	1.07711808290349	0.263019609134971	4.09520068273981	4.2180285689097e-05	0.000290289527120493
Zo_SA_chr02A_2330-Zo_SB_chr02B_2298	117.972307756848	1.63112968825203	0.399862246950707	4.07922903622635	4.51853027706783e-05	0.000308877729168607
Zo_SA_chr02A_1121-Zo_SB_chr02B_1096	231.473633316274	1.13265462102417	0.277724368714334	4.07834078899003	4.53582473828247e-05	0.000309643196851299
Zo_SA_chr02A_2193-Zo_SB_chr02B_2163	49.2145498425024	2.02147372363835	0.496119536375861	4.07456988774349	4.6099468085961e-05	0.000313859515293024
Zo_SA_chr01A_2287-Zo_SB_chr01B_2303	87.5103755298235	1.27940212153363	0.314075433732828	4.0735504408217	4.63018177106095e-05	0.000314815170217116
Zo_SA_chr01A_2321-Zo_SB_chr01B_2341	344.754087083029	1.72319861813232	0.42333068244864	4.07057340650328	4.68975601434988e-05	0.00031843944915619
Zo_SA_chr01A_3630-Zo_SB_chr01B_3623	257.120992377038	1.04581154899254	0.257234570841673	4.06559485986135	4.79101018764854e-05	0.000324880383752563
Zo_SA_chr01A_2906-Zo_SB_chr01B_2906	2221.20368823104	1.32453037672642	0.326277860253357	4.05951655959099	4.9174420630141e-05	0.000331242549576242
Zo_SA_chr02A_2512-Zo_SB_chr02B_2463	730.055725528533	1.10332792185381	0.272196260763151	4.05342791543289	5.04725570523694e-05	0.000339536579164217
Zo_SA_chr02A_1132-Zo_SB_chr02B_1108	2034.05707079887	1.22453582025902	0.302545636351354	4.04744168525021	5.17804766161465e-05	0.000346499394905676
Zo_SA_chr02A_2441-Zo_SB_chr02B_2408	568.86970262708	1.10288118144854	0.274038514244936	4.02454809860332	5.70848264797172e-05	0.000380490595394335
Zo_SA_chr02A_874-Zo_SB_chr02B_845	191.915988404342	1.11209993423714	0.277016924107616	4.01455592585063	5.95578211960485e-05	0.000396453700989162
Zo_SA_chr02A_330-Zo_SB_chr02B_329	304.202968033267	1.37129599882075	0.34627701978648	3.96011262793678	7.49144228430801e-05	0.000490955294993554
Zo_SA_chr02A_1560-Zo_SB_chr02B_1550	146.558115346599	1.3700040389972	0.347175888664136	3.94613820754864	7.94217809700785e-05	0.000515176533265682
Zo_SA_chr02A_195-Zo_SB_chr02B_186	43.2001885776351	1.5431856068475	0.392546430759878	3.9312180316103	8.45165801970036e-05	0.000544055400279571
Zo_SA_chr01A_205-Zo_SB_chr01B_273	81.4126212405557	2.00514718259439	0.510653740901829	3.92662781448197	8.61451240279926e-05	0.000553836816377436
Zo_SA_chr02A_3130-Zo_SB_chr02B_3127	56.5298436623784	1.79295968275518	0.460436012255467	3.89404745726183	9.85853496186768e-05	0.000627462394377518
Zo_SA_chr02A_3401-Zo_SB_chr02B_3429	179.176752396963	1.2525148398877	0.323064227528661	3.87698399624445	0.000105759311783273	0.000671439430684051
Zo_SA_chr01A_2666-Zo_SB_chr01B_2660	211.395361905636	1.10623945159102	0.285713197844709	3.8718528228167	0.000108011167551935	0.00068253805174387
Zo_SA_chr02A_2426-Zo_SB_chr02B_2391	201.747351426385	1.50523584368996	0.388909841667385	3.87039792368461	0.00010865784729492	0.000684706211427914
Zo_SA_chr01A_2988-Zo_SB_chr01B_2986	188.184222852278	1.24640830076215	0.322145600126322	3.86908373193176	0.000109245123363696	0.000687553880500885
Zo_SA_chr01A_748-Zo_SB_chr01B_793	257.808328169693	1.62353770346796	0.419884375852117	3.86663042694347	0.000110349459446255	0.000691931980898187
Zo_SA_chr02A_2140-Zo_SB_chr02B_2099	16.3666180506614	2.86119894972032	0.740079412317698	3.8660701839549	0.000110603121368161	0.00069266739017126
Zo_SA_chr01A_2340-Zo_SB_chr01B_2357	213.629916648061	1.43086312950063	0.372734087749512	3.83883088917323	0.000123621535332017	0.000760137745703771
Zo_SA_chr01A_3865-Zo_SB_chr01B_3854	54.2116523716534	1.61879349811431	0.421883591906312	3.83706199807314	0.00012451504521579	0.000764706063665049
Zo_SA_chr02A_1033-Zo_SB_chr02B_1011	33.4699200700383	1.85050463638399	0.482733677024598	3.83338624267911	0.000126391263646652	0.000773423166338969
Zo_SA_chr01A_2272-Zo_SB_chr01B_2290	86.3010526103173	1.52034846216607	0.398358423134552	3.81653399017635	0.000135339438561832	0.000821253295645814
Zo_SA_chr01A_3456-Zo_SB_chr01B_3472	175.994524307266	1.15531012952881	0.304919635814968	3.78890039810318	0.000151315561033569	0.000913830837680732
Zo_SA_chr02A_2753-Zo_SB_chr02B_2720	53.4752647340509	1.71346994574349	0.45238873085513	3.78760528031852	0.000152106239975013	0.000917514955858778
Zo_SA_chr01A_2336-Zo_SB_chr01B_2353	223.38633169738	1.32984115054062	0.352031389489389	3.77762094587507	0.000158333618924093	0.00095056318027833
Zo_SA_chr02A_3770-Zo_SB_chr02B_3776	64.1402280672495	2.82755228928609	0.748772362939511	3.77625087307678	0.000159206641736497	0.000953550157287347
Zo_SA_chr02A_194-Zo_SB_chr02B_185	50.3820161028704	1.72490043822909	0.46135264477091	3.73878953069752	0.000184908450140613	0.00109330619122721
Zo_SA_chr01A_183-Zo_SB_chr01B_249	171.773096824459	1.53478604099106	0.411405046123825	3.73059605236129	0.000191027296243607	0.00112294865465426
Zo_SA_chr02A_317-Zo_SB_chr02B_316	434.907365531488	1.31245603069055	0.352186170214033	3.72659729907322	0.000194082170928319	0.00113695887675309
Zo_SA_chr01A_3997-Zo_SB_chr01B_3973	137.916817646791	1.54511475684443	0.415668095778466	3.71718390835537	0.000201455798302196	0.00117204352757944
Zo_SA_chr02A_3088-Zo_SB_chr02B_3086	43.447193903238	1.66939297530552	0.449349962827399	3.71512877135089	0.000203100238011745	0.00118025870579137
Zo_SA_chr01A_452-Zo_SB_chr01B_509	48.1465506773249	1.715095981203	0.462348135703926	3.70953367983579	0.000207641335552859	0.00120526896374054
Zo_SA_chr01A_614-Zo_SB_chr01B_662	22.3092193935945	2.52619178133588	0.684853309893312	3.6886611261752	0.000225437241393056	0.00130113153299469
Zo_SA_chr01A_693-Zo_SB_chr01B_737	51.7134998189208	2.20273556153794	0.603571019756722	3.64950517741191	0.000262745944497265	0.00149104653866102
Zo_SA_chr01A_2170-Zo_SB_chr01B_2188	147.151541653951	1.15915454646449	0.317891131919856	3.64638843324743	0.000265951866997419	0.00150755528178559
Zo_SA_chr01A_24-Zo_SB_chr01B_71	283.86482910186	1.31002460830351	0.360968222673021	3.62919649436894	0.000284304777567481	0.00160264591039427
Zo_SA_chr02A_3109-Zo_SB_chr02B_3106	36.4693796683278	1.67116911562753	0.460737099760157	3.62716420383225	0.000286551074824231	0.00161173079627051
Zo_SA_chr02A_1129-Zo_SB_chr02B_1105	93.6782336782067	1.59997882397362	0.443137376034875	3.61057069545789	0.000305524008961619	0.00171275545421199
Zo_SA_chr02A_3744-Zo_SB_chr02B_3755	138.842391951883	1.24000529341837	0.343581135253964	3.6090610519166	0.000307307287071608	0.00172085304414189
Zo_SA_chr01A_295-Zo_SB_chr01B_353	7896.51460454674	1.1841576362987	0.329469870214257	3.59413027822127	0.000325476960083014	0.00181260688625179
Zo_SA_chr02A_1510-Zo_SB_chr02B_1496	122.566920163528	1.18700993702793	0.330715240821211	3.58922054538648	0.000331668162223517	0.00184506308426423
Zo_SA_chr01A_1399-Zo_SB_chr01B_1426	24.489455573031	2.44919089989178	0.684885485955984	3.57605899104888	0.000348812972566782	0.0019277704980051
Zo_SA_chr02A_2181-Zo_SB_chr02B_2153	127.434835468169	1.97516712991673	0.556836772674348	3.54712049714407	0.000389466415306522	0.00212470453634997
Zo_SA_chr01A_3235-Zo_SB_chr01B_3245	79.83792703995	1.90654186791261	0.539878526461366	3.53142748686273	0.000413323170435765	0.00223326423685452
Zo_SA_chr01A_3541-Zo_SB_chr01B_3541	52.1182348823903	1.9119966966003	0.542733155244176	3.52290380295652	0.000426846258443425	0.00230388113351132
Zo_SA_chr02A_1891-Zo_SB_chr02B_1853	73.0654460510772	1.35694185778942	0.387484649900413	3.50192416173948	0.00046191107805106	0.00246692572599509
Zo_SA_chr01A_2488-Zo_SB_chr01B_2494	133.671346495902	1.6018774855515	0.460424493135698	3.47913177824662	0.000503041155085652	0.00266140211112503
Zo_SA_chr01A_3406-Zo_SB_chr01B_3419	255.119096781556	1.18839576850945	0.342471154701458	3.47006091518981	0.00052034034052306	0.00274150268622056
Zo_SA_chr01A_3919-Zo_SB_chr01B_3906	439.94028547168	1.42752511608432	0.412256606234574	3.4627101045703	0.000534764219154471	0.00280585482343549
Zo_SA_chr01A_550-Zo_SB_chr01B_602	280.104789976798	1.23417224902644	0.356734469223631	3.45963834588902	0.000540901335567606	0.00283220400345141
Zo_SA_chr02A_779-Zo_SB_chr02B_740	300.081152528245	1.0486012835145	0.303241599666461	3.45797306394595	0.00054425579684751	0.00284683335961741
Zo_SA_chr01A_3136-Zo_SB_chr01B_3140	198.712101623024	1.72378761890111	0.499452797833122	3.45135241284015	0.000557784726076083	0.00290265227842256
Zo_SA_chr02A_3458-Zo_SB_chr02B_3487	121.750145537633	2.10008931181984	0.610624744332042	3.4392469864894	0.00058333477156599	0.00301706446515648
Zo_SA_chr02A_556-Zo_SB_chr02B_540	89.0142087306304	1.96048053991756	0.573523919638898	3.41830649565918	0.000630121057356162	0.0032359806373225
Zo_SA_chr01A_1285-Zo_SB_chr01B_1313	201.899609385451	1.2042180735026	0.352724967810585	3.41404262073466	0.000640065621222802	0.00328041704358286
Zo_SA_chr02A_3172-Zo_SB_chr02B_3177	73.9990578648534	1.32400644351333	0.388969054528832	3.40388631974113	0.000664343958798208	0.00339115876053879
Zo_SA_chr02A_2154-Zo_SB_chr02B_2116	18.0067216852152	2.64275812850162	0.776506644926771	3.40339409297759	0.000665542092309752	0.00339386374180847
Zo_SA_chr02A_558-Zo_SB_chr02B_543	49.0379217092197	1.73502841000804	0.5129191830168	3.38265455349759	0.000717888708203303	0.00363163022805237
Zo_SA_chr02A_110-Zo_SB_chr02B_107	137.636550056243	1.14291063912293	0.33867641432378	3.37463900875688	0.000739125762947561	0.00371868189767796
Zo_SA_chr01A_3304-Zo_SB_chr01B_3312	89.8443764745682	1.2123953338948	0.359627002759363	3.37125778818686	0.000748258041030989	0.00375810022330038
Zo_SA_chr01A_3943-Zo_SB_chr01B_3931	289.666581590199	1.58525930880758	0.470256100496335	3.37105527633646	0.000748808313837367	0.00375810022330038
Zo_SA_chr02A_507-Zo_SB_chr02B_492	125.495018479952	2.05908404177668	0.611013798501772	3.3699468765282	0.000751826762660118	0.00376580683190408
Zo_SA_chr02A_3668-Zo_SB_chr02B_3692	116.665806863886	1.30536907173056	0.387392755651814	3.36962695529552	0.000752700086867788	0.00376646674009999
Zo_SA_chr01A_3222-Zo_SB_chr01B_3230	63.4223081950712	1.8153269095177	0.545056443440964	3.33053013382884	0.000866807809599074	0.00427014244903365
Zo_SA_chr02A_2422-Zo_SB_chr02B_2387	21.2673128205868	2.61245879756346	0.786362722316552	3.32220580073709	0.000893087961726901	0.00438684115823107
Zo_SA_chr01A_3051-Zo_SB_chr01B_3054	346.686914995632	1.03085411439276	0.311131032530008	3.31324749579048	0.000922193351166876	0.00451670205455792
Zo_SA_chr02A_1898-Zo_SB_chr02B_1856	49.4793470206711	2.02554068500222	0.612931726106254	3.30467586964342	0.000950862974414287	0.00463032890417082
Zo_SA_chr02A_865-Zo_SB_chr02B_760	66.6479438248409	1.29653798451457	0.395421852256945	3.27887287238763	0.00104222575342205	0.00499180610100859
Zo_SA_chr01A_1714-Zo_SB_chr01B_1743	53.9165405017661	1.16492646837727	0.355432174063527	3.27749301662563	0.00104733321213545	0.00500639251948237
Zo_SA_chr02A_1753-Zo_SB_chr02B_1722	165.158620932046	1.14679645149579	0.351281962021818	3.26460386663568	0.00109617264246284	0.00520810182513449
Zo_SA_chr02A_1466-Zo_SB_chr02B_1456	153.374854924489	1.48435125496415	0.458004124364549	3.24091241978135	0.00119147783426327	0.00563391213226916
Zo_SA_chr01A_643-Zo_SB_chr01B_691	226.055656727228	1.40107014528732	0.432537693242726	3.2391862424371	0.001198712720295	0.00565823597247053
Zo_SA_chr02A_2270-Zo_SB_chr02B_2241	72.0875874710586	1.46507249194013	0.453189529848733	3.2328030447419	0.00122582043919869	0.00576476112100941
Zo_SA_chr02A_2576-Zo_SB_chr02B_2525	109.683625510637	1.45061287846612	0.449909031695697	3.22423595943117	0.00126309276915393	0.00592651176038084
Zo_SA_chr01A_2404-Zo_SB_chr01B_2413	66.7150290005266	2.56249618967397	0.798656732978592	3.20850759013467	0.00133425787376064	0.00622858064414551
Zo_SA_chr01A_1059-Zo_SB_chr01B_1088	120.943704953903	1.09661913150444	0.34245321361359	3.20224511819538	0.00136360912806362	0.00634809419013303
Zo_SA_chr01A_2144-Zo_SB_chr01B_2164	98.5365553390367	1.35044049522136	0.422043247472662	3.19976804109119	0.00137538230740108	0.00639118640374207
Zo_SA_chr01A_2583-Zo_SB_chr01B_2584	269.859512289621	1.04120439906116	0.325701002906418	3.19681054024976	0.00138956162928333	0.0064452817489772
Zo_SA_chr02A_887-Zo_SB_chr02B_854	80.1507085542883	1.24843368001	0.390575633388974	3.19639417640447	0.00139156861690339	0.00644870164712804
Zo_SA_chr02A_1912-Zo_SB_chr02B_1867	319.421653903133	1.23778185444324	0.387605705102628	3.1934046329775	0.00140605772103506	0.00650397738172777
Zo_SA_chr02A_1038-Zo_SB_chr02B_1015	36.3654050627887	1.73920827641052	0.546290183555732	3.18367111246671	0.00145420135323942	0.00671444424827545
Zo_SA_chr02A_3243-Zo_SB_chr02B_3237	40.0448450224405	1.7328372398127	0.544340836753916	3.1833680716409	0.00145572434660978	0.00671537144090014
Zo_SA_chr02A_383-Zo_SB_chr02B_374	76.3301557609229	1.06346773731959	0.337755370595478	3.14863309336768	0.00164036007341242	0.00742517689291585
Zo_SA_chr02A_557-Zo_SB_chr02B_541	92.0024422769032	1.20469901181413	0.385212359095295	3.12736334484041	0.0017638179575625	0.00793483738393261
Zo_SA_chr01A_465-Zo_SB_chr01B_521	13.2501495152519	2.52125427500793	0.806896892989476	3.12463004494531	0.00178028809058318	0.00798065596828946
Zo_SA_chr01A_2174-Zo_SB_chr01B_2192	129.342375265002	1.02965857299025	0.330316841984967	3.11718460010316	0.00182587202188592	0.00817057621071242
Zo_SA_chr02A_1555-Zo_SB_chr02B_1543	184.29158579685	1.13267764865435	0.364365790221983	3.10862786532262	0.00187958295071893	0.00837403667254514
Zo_SA_chr01A_2962-Zo_SB_chr01B_2959	37.5013679733485	1.75104543100198	0.564831509263575	3.10011995131962	0.00193442285361956	0.00857324055282177
Zo_SA_chr02A_3311-Zo_SB_chr02B_3308	72.365489775573	1.17904446175135	0.38089011687858	3.09549765011941	0.00196482929801447	0.00868526371158878
Zo_SA_chr02A_1329-Zo_SB_chr02B_1310	97.2972327133887	1.18313547078643	0.384498880052361	3.07708430938813	0.00209036168558377	0.00917627225676749
Zo_SA_chr02A_597-Zo_SB_chr02B_582	258.661507380222	1.0037069702394	0.328187435147818	3.05833454527996	0.00222570948124973	0.00970332914615225
Zo_SA_chr02A_2106-Zo_SB_chr02B_2066	40.0762112536821	1.4257723767675	0.468066892127181	3.04608678962087	0.00231840903256507	0.010072882357911
Zo_SA_chr01A_2589-Zo_SB_chr01B_2588	13.7658881007597	2.58943849246122	0.85365190616461	3.03336579437321	0.00241842254655438	0.010435996698343
Zo_SA_chr02A_1955-Zo_SB_chr02B_1914	47.1579580173531	1.79264336477358	0.5914325261961	3.03101923782121	0.00243729718303289	0.0104996033864496
Zo_SA_chr01A_724-Zo_SB_chr01B_765	150.010629225655	1.13735143448504	0.375486438458392	3.02900802264547	0.00245358167285105	0.0105518554753687
Zo_SA_chr01A_3842-Zo_SB_chr01B_3827	30.3193870176042	2.4709583511594	0.815950940869171	3.02831730119371	0.00245919726299268	0.010567058289966
Zo_SA_chr01A_2464-Zo_SB_chr01B_2477	79.9688403639207	1.27801136354483	0.423270975608274	3.01936923907485	0.0025330161056187	0.0108292835020517
Zo_SA_chr02A_424-Zo_SB_chr02B_412	115.169146646334	1.85773382484082	0.615692250717827	3.01730909017438	0.00255029624736427	0.0108848358322379
Zo_SA_chr02A_1794-Zo_SB_chr02B_1767	100.770772877223	1.16822533018273	0.387235356323972	3.01683539765766	0.00255428470529596	0.0108927053049523
Zo_SA_chr01A_2937-Zo_SB_chr01B_2936	58.8214575327854	1.54831430252315	0.513272962171265	3.01655145825997	0.0025566781889066	0.0108937655381347
Zo_SA_chr01A_3573-Zo_SB_chr01B_3571	23.3550116241979	2.28107270468572	0.758790103459945	3.00619722672245	0.00264537354502926	0.0112339901632137
Zo_SA_chr01A_2210-Zo_SB_chr01B_2228	99.2866006276618	1.10090849776891	0.368207683774898	2.98991179782643	0.0027905801435362	0.0117578627426769
Zo_SA_chr02A_2580-Zo_SB_chr02B_2529	183.32734695537	1.48509148472417	0.497981158595841	2.98222424501298	0.00286162310671354	0.0119919007912525
Zo_SA_chr02A_3290-Zo_SB_chr02B_3286	44.5013923411506	1.25179068756019	0.420456716436478	2.97721653293962	0.00290878491880345	0.0121694551916003
Zo_SA_chr02A_2186-Zo_SB_chr02B_2157	186.449223176308	1.144950381036	0.3853946741632	2.97085159135115	0.00296975253993729	0.012363420615034
Zo_SA_chr02A_1511-Zo_SB_chr02B_1497	26.1740500865743	1.87734866820759	0.632364811891665	2.96877472133793	0.00298989705808129	0.0124269125679172
Zo_SA_chr01A_3597-Zo_SB_chr01B_3589	78.8830955397299	1.2761293278348	0.429960978996268	2.9680119596292	0.00299732668020286	0.0124476060578498
Zo_SA_chr01A_2258-Zo_SB_chr01B_2270	84.0626940985175	1.20358550533626	0.405748545516705	2.96633350540676	0.00301373487830621	0.012505522423952
Zo_SA_chr01A_2737-Zo_SB_chr01B_2724	29.4839707030244	2.31989211040025	0.789496789182598	2.93844400912909	0.00329864234427444	0.0135220375032848
Zo_SA_chr01A_2815-Zo_SB_chr01B_2806	173.609294756052	1.3396107468463	0.456046173631702	2.93744542614703	0.00330928411230725	0.0135328937249666
Zo_SA_chr02A_2960-Zo_SB_chr02B_2943	13.1688842877861	2.3585293627014	0.802826944738071	2.93778052438298	0.00330570953327025	0.0135328937249666
Zo_SA_chr01A_2696-Zo_SB_chr01B_2689	41.541837464078	1.53562915387713	0.526977799137574	2.91403007183655	0.00356795535137576	0.0144280614885649
Zo_SA_chr02A_740-Zo_SB_chr02B_713	1974.3826290504	1.13335056618605	0.39016864153089	2.90477102859719	0.00367521854104949	0.0147911529080748
Zo_SA_chr02A_477-Zo_SB_chr02B_462	54.8428571574732	1.42556394021425	0.493320630832295	2.88973104126852	0.00385571556868645	0.0154807742081885
Zo_SA_chr02A_2075-Zo_SB_chr02B_2028	97.6987719871977	1.24301716778069	0.432799277004819	2.87204076768098	0.00407830351337683	0.0162777255341856
Zo_SA_chr02A_690-Zo_SB_chr02B_664	30.6965352284345	1.36770450966264	0.476541329252585	2.87006483111919	0.00410387647254164	0.0163607445871578
Zo_SA_chr01A_3694-Zo_SB_chr01B_3685	50.122944205409	1.95058250707065	0.685148825431907	2.84694716631972	0.00441406875244697	0.0173522099022277
Zo_SA_chr01A_3267-Zo_SB_chr01B_3277	260.338406361207	1.31454946183473	0.462179483431768	2.8442401901399	0.00445174751520469	0.0174867947639015
Zo_SA_chr02A_1968-Zo_SB_chr02B_1928	32.1061134683699	2.96274063208194	1.04233200649835	2.84241548145018	0.0044773100723804	0.0175736150368007
Zo_SA_chr02A_3400-Zo_SB_chr02B_3428	289.011002009074	1.0589861469795	0.372716077603406	2.84126768501339	0.00449345775397713	0.0176233760096138
Zo_SA_chr01A_1402-Zo_SB_chr01B_1429	84.691595945279	1.4131762525668	0.499571135495445	2.82877883079714	0.00467259778700259	0.0181577078501807
Zo_SA_chr01A_3228-Zo_SB_chr01B_3236	282.977477354634	1.04395299882333	0.369024084285335	2.82895627488674	0.0046700078892118	0.0181577078501807
Zo_SA_chr01A_549-Zo_SB_chr01B_601	53.0032256877613	2.65581976761119	0.939556901652449	2.82667261869958	0.0047034386321323	0.0182496293449961
Zo_SA_chr02A_732-Zo_SB_chr02B_706	183.516752728713	1.10931006754591	0.39311806995885	2.8218241600088	0.00477513514675721	0.0184854507701066
Zo_SA_chr01A_2063-Zo_SB_chr01B_2091	11.4256759800689	2.41203822801374	0.860232728280948	2.80393682862294	0.00504827950913577	0.019351103114642
Zo_SA_chr02A_2478-Zo_SB_chr02B_2438	91.8086502538701	1.03533533332576	0.370004361036387	2.79817062270774	0.00513929563826549	0.0196554838454446
Zo_SA_chr01A_1641-Zo_SB_chr01B_1655	38.4639530895623	2.33449934139249	0.838120490198281	2.78539824368236	0.00534620170291589	0.0203091686231188
Zo_SA_chr02A_496-Zo_SB_chr02B_478	1173.69762274626	1.24016321013697	0.445310804879651	2.78493851159111	0.0053537874505125	0.0203227850980217
Zo_SA_chr01A_2086-Zo_SB_chr01B_2108	19.3109914282667	1.80416952125456	0.648497105926534	2.78207798426003	0.00540120598300698	0.0204721829758899
Zo_SA_chr01A_1305-Zo_SB_chr01B_1333	103.67328779887	1.33265213018959	0.479904618756496	2.7769104069944	0.00548783037013971	0.0207386089657289
Zo_SA_chr01A_556-Zo_SB_chr01B_609	63.7629013431545	1.23969615263536	0.449099526145644	2.76040405402994	0.00577299124624757	0.0216871468488842
Zo_SA_chr01A_1934-Zo_SB_chr01B_1966	110.417016205072	1.09316602059767	0.398791459953156	2.74119716787837	0.00612157611631432	0.0227776447580663
Zo_SA_chr01A_3386-Zo_SB_chr01B_3402	161.627751836821	1.96893044277455	0.728264838324508	2.70359124752528	0.00685946116145007	0.0251827561154801
Zo_SA_chr01A_191-Zo_SB_chr01B_256	441.520119392763	1.02691151630365	0.380256540402736	2.70057555148434	0.0069219613534067	0.0253838568331788
Zo_SA_chr02A_2622-Zo_SB_chr02B_2568	96.0603115705607	1.3551181465747	0.505451183516043	2.68100697113451	0.00734009868383911	0.0267434442003005
Zo_SA_chr02A_374-Zo_SB_chr02B_369	133.459449755067	1.11793564001271	0.418508769878991	2.67123587478454	0.00755725211899811	0.0274166310802796
Zo_SA_chr02A_3689-Zo_SB_chr02B_3717	13.38460227385	2.68059426598975	1.00359913977991	2.67098103190643	0.00756299204127822	0.027417870505105
Zo_SA_chr01A_4099-Zo_SB_chr01B_4121	105.05562133389	1.72179293358179	0.645263238666135	2.66835739339657	0.00762231289623336	0.0276132148359267
Zo_SA_chr01A_1742-Zo_SB_chr01B_1768	67.1943614447464	1.71624432526732	0.643519660664278	2.66696486552673	0.00765396729677475	0.0277081253744255
Zo_SA_chr01A_1140-Zo_SB_chr01B_1163	109.098644311452	1.22748577962309	0.461567769875809	2.65938364793832	0.00782837641161202	0.0282589365988468
Zo_SA_chr01A_820-Zo_SB_chr01B_868	127.469755149977	1.68498164328548	0.637198368075324	2.64435963383744	0.00818456449709449	0.0294192520033566
Zo_SA_chr01A_2004-Zo_SB_chr01B_2035	95.3327780553857	1.02440146615024	0.388225781559581	2.63867448997079	0.0083230855354329	0.0298748773388436
Zo_SA_chr01A_2457-Zo_SB_chr01B_2472	50.8563346213785	1.23754175391713	0.470733554948432	2.62896439165613	0.00856453283646018	0.0306548712307126
Zo_SA_chr01A_883-Zo_SB_chr01B_923	9.65792806534299	2.8969679696605	1.12745290181153	2.56948025501181	0.01018511958498	0.0354444456062958
Zo_SA_chr01A_3158-Zo_SB_chr01B_3164	629.26472661472	1.43216075419239	0.55740083474288	2.56935523760566	0.0101887951536113	0.0354444456062958
Zo_SA_chr01A_3757-Zo_SB_chr01B_3739	13.172051969634	2.79979369251106	1.09489333583349	2.5571383082533	0.0105537246588858	0.0364394068949565
Zo_SA_chr02A_1254-Zo_SB_chr02B_1247	80.8483737959763	1.06088695162628	0.417958062070544	2.53826172504175	0.0111404635650742	0.0382313611128458
Zo_SA_chr02A_264-Zo_SB_chr02B_264	34.0178542306825	1.98943008647966	0.785510365828465	2.53265924044355	0.0113200939412142	0.0387153667031371
Zo_SA_chr01A_779-Zo_SB_chr01B_820	598.669524520544	1.54805195862123	0.615239781262499	2.51617662863828	0.0118635711566992	0.0402505530426687
Zo_SA_chr01A_2971-Zo_SB_chr01B_2969	37.3187339606249	2.07279303688955	0.836167580519389	2.47892059579975	0.0131780639424888	0.0441239605051559
Zo_SA_chr02A_973-Zo_SB_chr02B_945	13.4064892624075	2.55105891229623	1.03006455938236	2.47660099462686	0.0132640092437478	0.0443209887822335
Zo_SA_chr02A_501-Zo_SB_chr02B_484	18.4286271343313	2.11108999503202	0.855789858844037	2.46683221729641	0.0136314213285312	0.0453398748707334
Zo_SA_chr02A_3589-Zo_SB_chr02B_3611	45.8341749595932	2.4726037973719	1.01240944160651	2.44229626449189	0.0145941644803652	0.0478630452797382
Zo_SA_chr02A_581-Zo_SB_chr02B_567	72.9253225706599	1.01717921862841	0.419008808051006	2.42758433494456	0.0151997525145213	0.0494551845107328
Zo_SA_chr02A_1263-Zo_SB_chr02B_1256	51.8211117822297	1.00026906306147	0.412208872088606	2.42660731195144	0.0152407422614267	0.0495568053430131
