baseMean	log2FoldChange	lfcSE	stat	pvalue	padj
Zo_SA_chr01A_2360-Zo_SB_chr01B_2374	1245.06890767366	13.765858357859	1.32887010764722	10.3590699186029	3.80645264245502e-25	2.78523577637923e-22
Zo_SA_chr02A_2956-Zo_SB_chr02B_2937	653.639143578065	9.00181332699304	0.882081632853891	10.2051930249001	1.87947068312802e-24	1.06962764877574e-21
Zo_SA_chr02A_2042-Zo_SB_chr02B_1991	1381.13834149004	12.9535454964454	1.28721935896167	10.0631997229239	8.034375337897e-24	3.4293392067257e-21
Zo_SA_chr01A_1343-Zo_SB_chr01B_1366	1152.82942560039	4.27301528179164	0.425038438310469	10.0532443577972	8.88916959017754e-24	3.50233281852995e-21
Zo_SA_chr02A_3402-Zo_SB_chr02B_3431	570.486748244632	12.6399194178886	1.27159664271588	9.94019565110849	2.78280033283324e-23	1.01810737891228e-20
Zo_SA_chr02A_1571-Zo_SB_chr02B_1559	544.636267202959	3.07214810319396	0.315581112867035	9.73489216538873	2.140445955296e-22	6.85210261439132e-20
Zo_SA_chr02A_2809-Zo_SB_chr02B_2773	420.400212695547	12.1993995271907	1.27636089119989	9.55795465945545	1.20106825402909e-21	3.6187479983159e-19
Zo_SA_chr01A_3770-Zo_SB_chr01B_3755	804.202762502275	3.92979546875564	0.418427015509275	9.3918301713206	5.89665989725097e-21	1.5896153680905e-18
Zo_SA_chr01A_2846-Zo_SB_chr01B_2843	137.06076066544	4.85790864199946	0.521251236758218	9.31970669693163	1.1666234903345e-20	2.98772275874666e-18
Zo_SA_chr02A_2167-Zo_SB_chr02B_2144	353.117730065423	11.9478652205825	1.3114865396732	9.11016991722974	8.22530466013352e-20	2.00619097472399e-17
Zo_SA_chr01A_2644-Zo_SB_chr01B_2643	847.950467509807	5.798204641179	0.637049873623265	9.10164946458793	8.89701829105454e-20	2.07138762212642e-17
Zo_SA_chr01A_702-Zo_SB_chr01B_747	1474.05784714701	14.0094526673558	1.55071131698683	9.03421063217453	1.65190313632595e-19	3.52543661010896e-17
Zo_SA_chr02A_2439-Zo_SB_chr02B_2406	13475.7579710952	4.69078632304644	0.532224752591237	8.81354409055284	1.21250392139527e-18	2.2805793379688e-16
Zo_SA_chr01A_2034-Zo_SB_chr01B_2061	250.157403604696	11.4503304079304	1.32016894506854	8.67338263841365	4.1946944733526e-18	6.93071777177807e-16
Zo_SA_chr01A_2925-Zo_SB_chr01B_2924	1682.50038312261	4.95520081184589	0.574268446406169	8.62871857727173	6.20431399368624e-18	9.93078008614404e-16
Zo_SA_chr01A_2354-Zo_SB_chr01B_2369	135.196799166597	4.40745185188331	0.514587841981977	8.56501357456805	1.08063113618197e-17	1.66407969926316e-15
Zo_SA_chr01A_1690-Zo_SB_chr01B_1723	709.845315394357	4.50022835635286	0.528649193523033	8.51269312710449	1.69939389129742e-17	2.35775367777978e-15
Zo_SA_chr01A_2984-Zo_SB_chr01B_2981	179.40231575203	10.9710686721447	1.30290846303055	8.42044470770124	3.75057899204726e-17	5.05538568349107e-15
Zo_SA_chr02A_2625-Zo_SB_chr02B_2572	216.309427602661	11.2405575077252	1.33691473067332	8.40783428428829	4.17650671013214e-17	5.48514547930687e-15
Zo_SA_chr01A_2502-Zo_SB_chr01B_2510	613.004915463672	5.60995406562521	0.673043644804188	8.33520100655187	7.73666448366905e-17	9.90679887133822e-15
Zo_SA_chr01A_2005-Zo_SB_chr01B_2037	158.807108209238	10.7947310207308	1.31717539745076	8.19536338260095	2.49837240048333e-16	2.97596824076177e-14
Zo_SA_chr02A_2747-Zo_SB_chr02B_2713	359.618552207602	11.9740504615561	1.46790705600258	8.15722658501556	3.42804931794567e-16	3.99056104693584e-14
Zo_SA_chr01A_4068-Zo_SB_chr01B_4063	476.022681668204	7.7767791274966	0.975682149461413	7.97060716114307	1.57896680486532e-15	1.72073786691919e-13
Zo_SA_chr01A_3062-Zo_SB_chr01B_3069	1432.41980631699	6.41799893864826	0.819562064564763	7.83101026284885	4.83965162591218e-15	4.95773912558444e-13
Zo_SA_chr01A_4042-Zo_SB_chr01B_4020	1592.07360032262	3.38030607207528	0.435523966780083	7.76146970066095	8.39507771798319e-15	8.29568282993155e-13
Zo_SA_chr01A_1983-Zo_SB_chr01B_2012	2181.70377608481	3.0965187894574	0.403235885929108	7.67917464072579	1.60116830143882e-14	1.49112437090357e-12
Zo_SA_chr02A_2999-Zo_SB_chr02B_2991	318.727289456233	10.8372763888893	1.44087322600253	7.52132539720761	5.42237067550739e-14	4.70735298304217e-12
Zo_SA_chr02A_2490-Zo_SB_chr02B_2446	117.226667939145	3.70528369613762	0.4965249953054	7.46243136029555	8.49402672564657e-14	7.25106748146029e-12
Zo_SA_chr01A_457-Zo_SB_chr01B_513	76.5216411172078	9.74139866450123	1.32074092965739	7.3757074122237	1.63474677904867e-13	1.35051177456247e-11
Zo_SA_chr01A_2316-Zo_SB_chr01B_2338	859.722583993494	5.63373427819466	0.76445123386714	7.36964508474296	1.71082886436198e-13	1.39093102274001e-11
Zo_SA_chr01A_3868-Zo_SB_chr01B_3858	6023.61816477653	5.31838798882032	0.764478634686273	6.95688243923637	3.47885017883115e-12	2.65950307701092e-10
Zo_SA_chr01A_1689-Zo_SB_chr01B_1722	120.435615633888	4.79904959566108	0.690699146703118	6.94810413270113	3.70227697198079e-12	2.78868568389495e-10
Zo_SA_chr01A_4061-Zo_SB_chr01B_4047	87.4590758351784	7.11023708520474	1.02654085276666	6.92640440567145	4.316713388969e-12	3.15860085404275e-10
Zo_SA_chr02A_72-Zo_SB_chr02B_70	106.417182822912	10.2181404372816	1.48367095999872	6.88706641349264	5.69546371672931e-12	4.05168960515105e-10
Zo_SA_chr01A_3758-Zo_SB_chr01B_3740	530.463137482255	7.90450563958457	1.18422849568691	6.67481458888523	2.47544926943158e-11	1.69056682107047e-09
Zo_SA_chr02A_187-Zo_SB_chr02B_179	52.2032328511506	9.1905534207684	1.37797473958162	6.66960950500356	2.56484946003814e-11	1.72857354398886e-09
Zo_SA_chr01A_3199-Zo_SB_chr01B_3205	57.6689171274144	9.3345393134653	1.41072172557497	6.61685373113596	3.66924221104685e-11	2.3789694436686e-09
Zo_SA_chr01A_4023-Zo_SB_chr01B_3997	59.4226111592799	9.37652480595078	1.41781545756741	6.6133605441419	3.75691921809249e-11	2.40536752938371e-09
Zo_SA_chr01A_1336-Zo_SB_chr01B_1361	44.6883079894542	8.96588408206377	1.38954582039842	6.45238462125203	1.10103704758372e-10	6.71370447348074e-09
Zo_SA_chr01A_116-Zo_SB_chr01B_182	286.70765745108	3.6353599240697	0.578706102177973	6.28187591315858	3.34511803385172e-10	1.88282357905368e-08
Zo_SA_chr02A_3555-Zo_SB_chr02B_3582	1335.36240183824	4.33181394803687	0.693543066640707	6.24591918857865	4.21314975258301e-10	2.32040355190647e-08
Zo_SA_chr01A_3270-Zo_SB_chr01B_3280	84.3186829123277	9.88207125440852	1.60368642462864	6.16209696773912	7.17878665780225e-10	3.79069538775908e-08
Zo_SA_chr02A_2776-Zo_SB_chr02B_2739	50.0872421390165	8.16323413511977	1.3337903124146	6.12032795495541	9.3382960229405e-10	4.88068900301033e-08
Zo_SA_chr02A_3567-Zo_SB_chr02B_3589	39.929136538401	8.80381688816802	1.46179264136955	6.02261677820445	1.71619459458878e-09	8.70331555790468e-08
Zo_SA_chr01A_450-Zo_SB_chr01B_507	47.3043825399233	7.19650950594895	1.20835786007157	5.95561111798678	2.59101780378048e-09	1.26392316104416e-07
Zo_SA_chr01A_23-Zo_SB_chr01B_70	32.3640312764967	8.50088445496625	1.42786380387221	5.95356814278277	2.62358543286467e-09	1.26773628180499e-07
Zo_SA_chr01A_1774-Zo_SB_chr01B_1804	36.4164095218683	8.6712636199375	1.46119255598434	5.93437434677871	2.94968130415241e-09	1.41198762989427e-07
Zo_SA_chr01A_3560-Zo_SB_chr01B_3557	39.8204009144721	7.83156722964615	1.36218279650606	5.74927773991404	8.96254857987653e-09	4.17328852964796e-07
Zo_SA_chr02A_1828-Zo_SB_chr02B_1803	50.9044540523713	9.15383011209116	1.60895106100212	5.68931543908475	1.27549662309215e-08	5.78149885263541e-07
Zo_SA_chr01A_975-Zo_SB_chr01B_1008	487.124473383547	3.27988075829896	0.577048359646784	5.68389235229193	1.31663169263888e-08	5.91560309622485e-07
Zo_SA_chr02A_3303-Zo_SB_chr02B_3298	58.3829662763499	8.38508895714199	1.4816999387467	5.6591005627189	1.5216837502989e-08	6.77744710350519e-07
Zo_SA_chr01A_1477-Zo_SB_chr01B_1506	27.4319876419413	8.26087425477066	1.46755459470911	5.62900643325511	1.81250638791034e-08	7.93475018707416e-07
Zo_SA_chr01A_2745-Zo_SB_chr01B_2731	36.0570516625252	5.77420868494845	1.02786745544164	5.61765882787625	1.93562220151632e-08	8.40191264081916e-07
Zo_SA_chr01A_1162-Zo_SB_chr01B_1182	1567.69429298935	3.42619017579056	0.610972493439836	5.60776501819381	2.049560323119e-08	8.82172098740798e-07
Zo_SA_chr02A_654-Zo_SB_chr02B_628	753.619191739696	7.9753477876292	1.42594600148502	5.59302230191287	2.23150614003038e-08	9.52481204102967e-07
Zo_SA_chr01A_1111-Zo_SB_chr01B_1137	280.297714356363	5.24223744267413	0.937983663219084	5.58883661649628	2.285959025491e-08	9.67659680046686e-07
Zo_SA_chr01A_1961-Zo_SB_chr01B_1997	16.8862532515152	21.6740217958244	3.9093806741544	5.54410624146048	2.95459408765246e-08	1.22043797717386e-06
Zo_SA_chr02A_2144-Zo_SB_chr02B_2103	15.6014296345521	21.5670997643971	3.90959609600142	5.51645214359997	3.45911626880052e-08	1.4174074823037e-06
Zo_SA_chr01A_36-Zo_SB_chr01B_87	129.212556799376	6.96517914506421	1.27522723653391	5.46191215613909	4.71033160256286e-08	1.8997101156163e-06
Zo_SA_chr01A_369-Zo_SB_chr01B_423	126.26098586401	3.49419584809532	0.651525341081997	5.36310044716367	8.18054841590744e-08	3.22313607586753e-06
Zo_SA_chr01A_3438-Zo_SB_chr01B_3453	36.6847269478853	8.67984956579172	1.62386416454037	5.34518203882436	9.03262280992253e-08	3.53168656736055e-06
Zo_SA_chr02A_2935-Zo_SB_chr02B_2907	28.4134387955142	8.3110541213968	1.5955809813292	5.20879492714514	1.90071044400056e-07	7.00391287350423e-06
Zo_SA_chr02A_1398-Zo_SB_chr02B_1382	311.775814395878	5.52112450814953	1.08327276914444	5.09670755640804	3.45611600817899e-07	1.23201932424094e-05
Zo_SA_chr01A_2564-Zo_SB_chr01B_2569	2554.25422200598	3.85358760155467	0.761093098147547	5.06322762738759	4.12217169086575e-07	1.43631043541595e-05
Zo_SA_chr02A_1538-Zo_SB_chr02B_1525	163.397074306332	5.27426198334237	1.04154879197586	5.06386452941574	4.10841650600904e-07	1.43631043541595e-05
Zo_SA_chr02A_1205-Zo_SB_chr02B_1183	27.1068923496073	5.4091621344378	1.07282702115475	5.04197044609821	4.60762462326819e-07	1.58390961881743e-05
Zo_SA_chr01A_4017-Zo_SB_chr01B_3992	120.247907343489	3.48380059438393	0.692329696758	5.03199647609754	4.8539818983774e-07	1.65747301889927e-05
Zo_SA_chr01A_2682-Zo_SB_chr01B_2676	94.1080990999794	3.36135618487253	0.682974879434522	4.92163955965058	8.58221684012993e-07	2.76466129906575e-05
Zo_SA_chr01A_3328-Zo_SB_chr01B_3343	307.979238507149	3.89785845345629	0.79511933746271	4.90223073418724	9.47544469615876e-07	3.03332673335782e-05
Zo_SA_chr02A_3494-Zo_SB_chr02B_3521	48.3646746240609	9.08061057119616	1.85324041645153	4.89985567473386	9.59070809489216e-07	3.05115570571662e-05
Zo_SA_chr02A_653-Zo_SB_chr02B_627	19.5368463032886	7.77143657852265	1.60940352956071	4.82876819627944	1.37380215065669e-06	4.26461491858398e-05
Zo_SA_chr01A_2679-Zo_SB_chr01B_2673	24.4421007232856	8.09397740337553	1.71712405933694	4.71368236870491	2.43279790759623e-06	7.12045193297592e-05
Zo_SA_chr02A_1410-Zo_SB_chr02B_1394	137.058165261882	3.02404730125211	0.646644399239909	4.67652283821941	2.91780117842068e-06	8.39605485161278e-05
Zo_SA_chr02A_2133-Zo_SB_chr02B_2092	15.8581901288667	7.47222778032361	1.61455257725876	4.62804859102836	3.6912741973264e-06	0.000104456941650308
Zo_SA_chr01A_959-Zo_SB_chr01B_990	159.666705903045	3.88260352874911	0.869983619397586	4.46284670444438	8.08779157747965e-06	0.000212439325435132
Zo_SA_chr02A_2904-Zo_SB_chr02B_2874	51.5541908273125	3.26006619503267	0.731679297913801	4.45559441729174	8.3661065518115e-06	0.000218628559991727
Zo_SA_chr02A_3414-Zo_SB_chr02B_3443	29.9566750185377	3.46734928069086	0.782000170176616	4.43394952191347	9.25222977591466e-06	0.000239484915135072
Zo_SA_chr02A_3413-Zo_SB_chr02B_3442	469.91772441295	5.24926210082842	1.18673988324936	4.42326256572388	9.72214672779336e-06	0.000250235354471144
Zo_SA_chr02A_2634-Zo_SB_chr02B_2580	59.9189424230696	9.38832601987974	2.14468072390067	4.37749354263071	1.20051916778664e-05	0.00029881523229776
Zo_SA_chr01A_4099-Zo_SB_chr01B_4121	136.318205620576	3.50069094255306	0.802735353557743	4.36095274368807	1.29497335083249e-05	0.000317367315040717
Zo_SA_chr01A_1964-Zo_SB_chr01B_1999	97.8667482006334	3.71768528398442	0.858743861147099	4.32921322898121	1.49642991729498e-05	0.000358164207307705
Zo_SA_chr01A_5-Zo_SB_chr01B_51	13.0993929536251	7.19606019885488	1.66414215373363	4.3241859973981	1.53096091665029e-05	0.000363036195142721
Zo_SA_chr02A_3652-Zo_SB_chr02B_3673	3886.40949340227	3.31510222906713	0.772942242424261	4.288939130393	1.79528561283237e-05	0.000417975132223973
Zo_SA_chr01A_1658-Zo_SB_chr01B_1676	25.8521720130146	6.37752142839563	1.49328799644436	4.27079132999196	1.94780594363118e-05	0.00044939919113869
Zo_SA_chr01A_38-Zo_SB_chr01B_88	316.891542304373	4.97588547025765	1.17097547160971	4.24935072586739	2.14391020704093e-05	0.000485889738073612
Zo_SA_chr02A_1738-Zo_SB_chr02B_1706	134.725004182858	3.26203190247388	0.778586965761441	4.18968213690001	2.79345485125394e-05	0.000616727402936321
Zo_SA_chr01A_3880-Zo_SB_chr01B_3865	16.7022764797851	4.3048088770497	1.03946173912199	4.14138271283162	3.45218388140129e-05	0.000746079571330693
Zo_SA_chr02A_2311-Zo_SB_chr02B_2283	767.284133410679	5.26915710903084	1.27567147152948	4.13049693955555	3.6197991430264e-05	0.000779017277755514
Zo_SA_chr02A_973-Zo_SB_chr02B_945	25.2606385967621	7.17117663237629	1.73744218154114	4.12743325134154	3.6683486236948e-05	0.000786162412157522
Zo_SA_chr01A_3171-Zo_SB_chr01B_3176	775.605387369955	4.0207721194791	0.994983456899374	4.04104419183899	5.32137284885265e-05	0.00109593596204505
Zo_SA_chr01A_3931-Zo_SB_chr01B_3920	11.6308196672623	7.02522860032845	1.73858972629491	4.04076274814982	5.32776365773562e-05	0.00109593596204505
Zo_SA_chr01A_33-Zo_SB_chr01B_81	135.935929050851	5.49268699227313	1.36554933694908	4.0223277501968	5.76257944556346e-05	0.00117126713968953
Zo_SA_chr02A_792-Zo_SB_chr02B_753	12.5001569627763	6.148470731855	1.56115463102181	3.93841238380768	8.202253467038e-05	0.00164109149445971
Zo_SA_chr01A_4051-Zo_SB_chr01B_4027	85.4681094550916	8.93618768751369	2.28148153154692	3.91683542643217	8.97189520011687e-05	0.00178116462073638
Zo_SA_chr01A_3149-Zo_SB_chr01B_3155	15.2321590678569	3.6806405444617	0.963301928298783	3.82085869065145	0.000132987837204982	0.00256076579760872
Zo_SA_chr02A_3247-Zo_SB_chr02B_3243	12.4373885828504	7.12251558594099	1.87700123982773	3.79462487014377	0.00014786684988799	0.00281551674768135
Zo_SA_chr02A_793-Zo_SB_chr02B_754	9.07449988670787	6.66443017253908	1.82267956431443	3.6563915583515	0.000255790546056512	0.00459704974351388
Zo_SA_chr02A_3392-Zo_SB_chr02B_3415	321.817058599053	3.26148013630479	0.899069157535455	3.62761875320606	0.000286047221046339	0.00505218574551499
Zo_SA_chr02A_2938-Zo_SB_chr02B_2909	15.9766224470145	6.50338166204768	1.82642540484738	3.56071572635135	0.000369845316495332	0.00633561107387656
Zo_SA_chr01A_3547-Zo_SB_chr01B_3548	65.5138422904659	4.68624497605095	1.32764218937096	3.52974996845446	0.000415952561939831	0.00700825336268359
Zo_SA_chr02A_2775-Zo_SB_chr02B_2738	101.690348255076	3.37997377352178	0.980245441871733	3.44808925310367	0.000564567443490292	0.00920928167374929
Zo_SA_chr02A_2150-Zo_SB_chr02B_2108	18.3426937015933	4.23758292817213	1.23005555633646	3.44503376806259	0.000570988055133311	0.00928444704251689
Zo_SA_chr02A_2214-Zo_SB_chr02B_2184	12.5787471684448	6.1578156238528	1.81832476385005	3.38653234354818	0.000707819324655964	0.0108872389816452
Zo_SA_chr01A_2262-Zo_SB_chr01B_2276	506.844051980958	4.36607463827483	1.29415497150241	3.37368764515595	0.000741684762251915	0.0112740408641047
Zo_SA_chr01A_3699-Zo_SB_chr01B_3690	91.53310162323	4.56069969640319	1.3543739849909	3.36738577892415	0.000758844537959097	0.0114317697747838
Zo_SA_chr01A_3890-Zo_SB_chr01B_3878	185.371320550377	4.23723571310618	1.26106034477231	3.36005785184786	0.000779261529131539	0.0116366692484307
Zo_SA_chr01A_4034-Zo_SB_chr01B_4009	89.9827170488145	4.31476007317947	1.28623573589247	3.35456398292778	0.000794901678328132	0.0118014098446281
Zo_SA_chr02A_2430-Zo_SB_chr02B_2398	36.4823544867635	7.70515461976094	2.34182751477964	3.29023148422866	0.00100104993108853	0.014443317597283
Zo_SA_chr02A_3282-Zo_SB_chr02B_3280	9.18536522753145	6.68375050187464	2.10249028345233	3.1789685567059	0.00147800123292006	0.0202957702815457
Zo_SA_chr01A_4204-Zo_SB_chr01B_4222	28.9678819704547	3.99657798522095	1.26144535858348	3.16825295525193	0.0015335802351594	0.020916169640868
Zo_SA_chr01A_2693-Zo_SB_chr01B_2687	445.265169946968	12.2822186716982	3.90686389810894	3.14375391414154	0.0016679564087389	0.0225416166901337
Zo_SA_chr01A_3882-Zo_SB_chr01B_3870	58.8064206580545	3.37200656752541	1.07669126314717	3.13182309817303	0.00173724516633007	0.0230522532174679
Zo_SA_chr02A_2417-Zo_SB_chr02B_2382	57.2921686187022	5.3706877854729	1.73278444669006	3.09945521252336	0.00193876887784168	0.0253973764509081
Zo_SA_chr02A_1421-Zo_SB_chr02B_1411	346.604108173583	3.76817114427218	1.22632926120413	3.0727238299543	0.00212114691834226	0.0274758970180471
Zo_SA_chr01A_507-Zo_SB_chr01B_564	6.99654478577639	6.28787104473708	2.15003762884532	2.92453999891806	0.0034496574259295	0.0414768669850021
Zo_SA_chr01A_2334-Zo_SB_chr01B_2351	8.29864417238652	5.54850087147233	1.90393608613192	2.91422643432574	0.00356571171191319	0.0425724368028424
Zo_SA_chr01A_4111-Zo_SB_chr01B_4131	80.9930209733254	7.25731664609368	2.50983356225442	2.89155295205109	0.00383342986911021	0.0449297888476778
Zo_SA_chr02A_2618-Zo_SB_chr02B_2564	14.8235662982459	4.40114906358257	1.52986111097868	2.87682916573196	0.00401692998581432	0.0466546834180066
Zo_SA_chr01A_3923-Zo_SB_chr01B_3912	877.322915197558	3.26628107943196	1.1431425343753	2.85728243085356	0.00427285452844139	0.0489609863415588
